0.173 0.442 0.523 0.269 0.019 0.000 0.000 0.092 0.692 0.808 0.000 0.000 0.000 0.365 1.000 0.000 0.000 0.062 0.692 0.865 0.269 0.481 0.708 0.462 0.077 0.869 0.855 )
0.000 0.000 0.000 0.533 0.933 0.000 0.000 0.300 0.800 1.000 0.000 0.133 0.800 1.000 0.800 0.333 0.867 1.000 1.000 0.600 0.733 1.000 1.000 0.933 0.467 0.714 0.328 '
0.414 0.583 0.257 0.012 0.000 0.000 0.119 0.786 0.548 0.071 0.000 0.000 0.400 0.978 0.680 0.000 0.036 0.600 0.690 0.014 0.214 0.536 0.471 0.048 0.000 0.828 0.720 )
0.271 0.529 0.514 0.600 0.386 0.800 0.200 0.000 0.129 0.943 0.371 0.557 0.057 0.400 0.614 0.000 0.314 0.343 0.171 0.057 0.529 0.743 0.529 0.500 0.757 0.690 0.676 2
0.350 0.371 0.286 0.371 0.333 0.727 0.221 0.000 0.026 0.242 0.167 0.629 0.700 0.743 0.283 0.348 0.000 0.000 0.104 0.788 0.550 0.429 0.171 0.314 0.467 0.698 0.716 8
0.221 0.532 0.489 0.597 0.117 0.779 0.247 0.000 0.390 0.753 0.893 0.202 0.000 0.262 1.000 0.753 0.299 0.000 0.351 0.818 0.247 0.649 0.523 0.675 0.195 0.692 0.684 0
0.300 0.667 0.150 0.000 0.000 0.717 0.333 0.300 0.300 0.267 0.369 0.508 0.554 0.585 1.000 0.000 0.000 0.050 0.283 0.633 0.000 0.067 0.883 0.283 0.000 0.781 0.826 ל
0.325 0.506 0.330 0.481 0.364 0.675 0.403 0.023 0.104 0.701 0.214 0.726 0.625 0.845 0.524 0.727 0.169 0.000 0.091 0.896 0.416 0.610 0.409 0.532 0.455 0.692 0.684 8
0.471 0.363 0.000 0.500 0.008 0.200 0.438 0.183 0.324 0.000 0.304 0.484 0.529 0.582 0.592 0.000 0.215 0.308 0.273 0.538 0.000 0.434 0.025 0.621 0.613 0.520 0.884 ½
0.029 0.062 0.257 0.550 0.471 0.143 0.477 0.000 0.295 0.740 0.000 0.000 0.065 0.580 0.338 0.506 0.409 0.000 0.102 0.935 0.300 0.712 0.143 0.488 0.686 0.663 0.527 3
0.569 0.139 0.292 0.472 0.083 0.806 0.667 0.500 0.889 0.625 0.387 0.112 0.000 0.112 0.725 0.500 0.083 0.083 0.097 0.444 0.569 0.264 0.861 0.931 0.736 0.571 0.452 מ
0.530 0.424 0.000 0.591 0.591 0.212 0.742 0.667 0.409 0.500 0.625 0.542 0.278 0.639 0.653 0.394 0.515 0.061 0.076 0.424 0.000 0.318 0.864 0.576 0.045 0.712 0.559 אָ
0.571 0.611 0.458 0.444 0.381 0.443 0.762 0.775 0.800 0.943 0.414 0.363 0.000 0.100 0.757 0.771 0.438 0.000 0.100 0.914 0.873 0.347 0.000 0.139 0.857 0.614 0.484 ה
0.597 0.571 0.026 0.597 0.727 0.455 0.766 0.766 0.558 0.506 0.896 0.442 0.299 0.766 0.649 0.597 0.545 0.000 0.091 0.442 0.000 0.442 0.844 0.558 0.026 0.696 0.739 אָ
0.182 0.515 0.288 0.545 0.242 0.758 0.182 0.000 0.061 0.848 0.985 0.167 0.000 0.000 0.909 0.742 0.258 0.000 0.091 0.924 0.182 0.591 0.439 0.636 0.227 0.706 0.750 0
0.091 0.519 0.429 0.571 0.545 0.667 0.338 0.026 0.325 0.470 0.955 0.234 0.091 0.338 0.545 0.864 0.299 0.000 0.000 0.833 0.303 0.636 0.338 0.519 0.561 0.716 0.689 6
0.531 0.438 0.406 0.188 0.000 0.562 0.625 0.562 0.688 0.906 0.000 0.000 0.000 0.000 0.656 0.000 0.188 0.438 0.438 0.312 0.281 1.000 0.125 0.000 0.000 0.750 0.833 ל
0.000 0.000 0.000 0.375 0.917 0.000 0.000 0.250 0.875 1.000 0.000 0.438 1.000 1.000 0.417 0.417 1.000 1.000 0.875 0.167 0.667 1.000 1.000 0.562 0.000 0.675 0.294 '
0.000 0.000 0.083 0.500 1.000 0.000 0.000 0.533 1.000 0.933 0.083 0.583 0.917 1.000 0.500 0.667 1.000 1.000 0.867 0.200 1.000 1.000 0.917 0.500 0.000 0.694 0.265 '
0.164 0.348 0.091 0.000 0.000 0.683 0.472 0.403 0.361 0.233 0.217 0.444 0.458 0.222 0.267 0.000 0.000 0.000 0.139 0.500 0.000 0.000 0.545 0.591 0.018 0.778 0.740 ל
0.602 0.510 0.163 0.000 0.000 0.888 0.776 0.765 0.776 0.745 0.102 0.163 0.163 0.153 0.745 0.000 0.010 0.204 0.398 0.265 0.000 0.469 0.633 0.000 0.000 0.765 0.653 ל
0.400 0.267 0.233 0.300 0.267 0.844 0.822 0.822 0.867 0.844 1.000 1.000 1.000 1.000 1.000 1.000 0.933 0.956 0.956 1.000 0.867 0.533 0.433 0.433 0.800 0.063 0.153 —
0.614 0.457 0.000 0.571 0.586 0.351 0.922 0.532 0.584 0.675 0.831 0.351 0.584 0.909 0.442 0.831 0.701 0.000 0.208 0.623 0.029 0.529 0.643 0.629 0.114 0.684 0.700 אַ
0.603 0.389 0.222 0.472 0.063 0.814 0.938 0.700 0.837 0.714 0.571 0.833 0.714 0.069 0.635 0.571 0.825 0.557 0.363 0.629 0.571 0.972 1.000 0.931 0.921 0.616 0.566 ט
0.286 0.500 0.000 0.578 0.500 0.397 0.944 0.349 0.611 0.968 0.302 0.583 0.968 0.708 0.365 0.762 0.681 0.349 0.931 0.651 0.786 0.922 0.089 0.422 0.679 0.577 0.549 א
0.179 0.469 0.000 0.406 0.554 0.333 0.944 0.492 0.597 0.968 0.286 0.611 0.968 0.861 0.333 0.794 0.903 0.317 0.778 0.825 0.357 0.391 0.321 0.234 0.911 0.577 0.591 א
0.607 0.482 0.000 0.589 0.571 0.635 0.952 0.413 0.698 1.000 0.587 0.746 0.952 0.841 0.381 0.889 0.698 0.254 0.825 0.714 0.857 0.911 0.089 0.268 0.839 0.603 0.565 א
0.268 0.625 0.000 0.482 0.607 0.317 0.952 0.472 0.524 1.000 0.333 0.492 0.847 0.746 0.349 0.460 0.825 0.250 0.778 0.825 0.607 1.000 0.297 0.054 0.696 0.590 0.557 א
0.536 0.536 0.000 0.589 0.571 0.571 0.968 0.397 0.444 0.952 0.524 0.556 0.905 0.730 0.143 0.762 0.778 0.222 0.762 0.889 0.714 0.964 0.232 0.089 0.839 0.603 0.542 א
0.000 0.375 0.500 0.125 0.375 0.750 1.000 1.000 1.000 0.875 0.750 1.000 1.000 1.000 1.000 0.875 1.000 1.000 1.000 1.000 0.625 1.000 1.000 1.000 0.875 0.250 0.102 ־
0.375 0.625 0.250 0.500 0.375 0.750 1.000 1.000 1.000 1.000 0.875 1.000 0.875 1.000 1.000 0.750 1.000 1.000 1.000 1.000 0.750 1.000 1.000 1.000 1.000 0.250 0.143 ־
0.000 0.500 0.500 0.250 0.000 0.250 1.000 1.000 1.000 0.500 0.750 1.000 1.000 1.000 1.000 0.500 1.000 1.000 1.000 0.750 0.000 0.750 1.000 1.000 0.000 0.500 0.145 .
0.250 0.600 0.500 0.500 0.875 0.875 1.000 1.000 1.000 1.000 0.750 1.000 1.000 1.000 1.000 0.750 1.000 1.000 1.000 1.000 0.625 1.000 1.000 1.000 0.625 0.263 0.132 ־
0.000 0.639 0.472 0.139 0.917 0.028 1.000 0.500 0.444 0.972 0.306 0.917 0.083 0.611 0.583 0.556 0.556 0.000 0.806 0.139 0.889 0.083 0.194 0.556 0.000 0.433 0.382 “
0.517 0.633 0.017 0.533 0.783 0.400 0.883 0.600 0.367 0.750 0.939 0.288 0.439 0.818 0.394 0.750 0.850 0.000 0.117 0.750 0.033 0.550 0.517 0.533 0.017 0.681 0.662 אַ
0.533 0.267 0.267 0.367 0.333 0.900 0.767 0.767 0.867 0.833 0.978 1.000 1.000 1.000 1.000 1.000 1.000 1.000 1.000 1.000 0.900 0.800 0.667 1.000 1.000 0.049 0.091 —
0.000 0.250 0.350 0.000 0.600 0.000 0.800 0.400 0.150 0.950 0.350 1.000 0.100 0.600 0.750 0.800 0.800 0.050 1.000 0.650 0.800 0.550 0.200 1.000 0.300 0.400 0.294 “
0.300 0.400 0.500 0.400 0.200 0.733 0.933 0.933 0.867 0.600 0.867 1.000 0.933 1.000 0.800 0.800 1.000 0.667 0.867 0.933 0.700 1.000 0.500 0.800 1.000 0.214 0.117 ־
0.375 0.500 0.000 0.375 0.500 0.750 0.917 0.167 0.833 1.000 0.833 1.000 0.667 0.917 1.000 0.833 1.000 1.000 0.750 1.000 0.750 1.000 0.875 0.250 0.625 0.225 0.123 ־
0.000 0.280 0.400 0.000 0.600 0.040 0.840 0.320 0.200 0.800 0.400 1.000 0.120 0.640 0.720 0.880 0.840 0.240 1.000 0.360 0.760 0.480 0.200 0.760 0.080 0.420 0.288 “
0.343 0.414 0.329 0.614 0.329 0.586 0.386 0.000 0.486 0.686 0.471 0.371 0.357 0.800 0.229 0.614 0.171 0.000 0.171 0.957 0.629 0.614 0.400 0.614 0.514 0.690 0.676 3
0.416 0.523 0.494 0.716 0.299 0.870 0.364 0.000 0.443 0.935 0.333 0.490 0.250 0.656 0.381 0.130 0.523 0.403 0.068 0.494 0.818 0.864 0.844 0.818 0.662 0.683 0.732 2
0.367 0.443 0.414 0.786 0.433 0.717 0.329 0.000 0.529 0.717 0.217 0.271 0.400 0.671 0.167 0.583 0.143 0.000 0.271 0.950 0.650 0.343 0.243 0.543 0.550 0.710 0.685 3
0.439 0.667 0.394 0.606 0.212 0.985 0.167 0.000 0.379 0.833 0.606 0.424 0.182 0.561 0.970 0.530 0.561 0.197 0.500 0.727 0.576 0.727 0.545 0.545 0.076 0.706 0.708 9
0.130 0.636 0.511 0.766 0.377 0.675 0.390 0.205 0.481 0.338 0.935 0.519 0.205 0.532 0.597 0.792 0.442 0.000 0.247 0.974 0.169 0.675 0.455 0.584 0.416 0.686 0.708 6
0.562 0.250 0.042 0.667 0.438 0.907 0.944 0.222 0.815 0.963 0.630 0.685 1.000 0.815 0.370 1.000 0.593 0.352 0.926 0.704 0.979 0.979 0.000 0.250 0.896 0.615 0.394 א
0.426 0.460 0.063 0.651 0.537 0.685 0.984 0.238 0.683 0.981 0.056 0.159 0.667 0.667 0.278 0.000 0.079 0.317 0.905 0.426 0.296 0.905 0.984 0.984 0.611 0.646 0.512 צ
0.625 0.500 0.062 0.833 0.458 0.896 1.000 0.417 0.875 0.958 0.042 0.042 0.917 0.938 0.208 0.000 0.229 0.625 1.000 0.312 0.479 1.000 1.000 1.000 0.667 0.625 0.533 צ
0.625 0.188 0.328 0.656 0.268 0.732 0.797 0.422 0.781 0.839 0.375 0.125 0.000 0.000 0.518 0.607 0.031 0.172 0.234 0.625 0.607 0.422 0.969 0.953 0.554 0.575 0.408 מ
0.458 0.479 0.000 0.625 0.729 0.648 0.981 0.463 0.556 1.000 0.556 0.500 0.926 0.852 0.315 0.722 0.648 0.241 0.722 0.852 0.750 0.938 0.083 0.042 0.833 0.615 0.557 א
0.000 0.143 0.518 0.686 0.536 0.317 0.907 0.517 0.067 0.017 0.732 0.943 0.179 0.000 0.000 0.467 0.947 0.333 0.000 0.000 0.000 0.357 0.696 0.586 0.232 0.868 0.907 (
0.393 0.607 0.016 0.607 0.679 0.476 0.984 0.556 0.746 1.000 0.460 0.746 0.889 0.921 0.444 0.730 0.825 0.306 0.810 0.857 0.643 0.964 0.203 0.179 0.786 0.590 0.574 א
0.481 0.537 0.093 0.667 0.593 0.778 1.000 0.593 0.778 1.000 0.037 0.278 0.796 0.852 0.407 0.000 0.093 0.389 0.944 0.500 0.222 0.944 1.000 0.963 0.519 0.634 0.547 צ
0.443 0.613 0.014 0.750 0.629 0.364 0.943 0.636 0.739 0.779 0.714 0.591 0.494 0.898 0.494 0.636 0.830 0.104 0.239 0.714 0.000 0.525 0.643 0.625 0.071 0.663 0.721 אַ
0.518 0.482 0.047 0.732 0.518 0.587 0.968 0.347 0.714 0.952 0.429 0.589 0.906 0.482 0.268 0.873 0.571 0.361 0.921 0.587 0.786 0.946 0.094 0.321 0.750 0.579 0.514 א
0.471 0.500 0.050 0.757 0.600 0.557 1.000 0.663 0.771 0.914 0.829 0.729 0.650 0.943 0.571 0.814 0.943 0.138 0.314 0.929 0.171 0.800 0.788 0.786 0.314 0.680 0.735 אַ
0.557 0.500 0.075 0.743 0.557 0.481 1.000 0.705 0.779 0.779 0.800 0.629 0.688 0.929 0.371 0.909 0.909 0.068 0.494 0.779 0.214 0.686 0.550 0.571 0.214 0.667 0.640 אַ
0.494 0.506 0.068 0.753 0.649 0.500 0.976 0.719 0.786 0.702 0.940 0.702 0.521 0.929 0.619 0.643 0.774 0.177 0.262 0.476 0.000 0.468 0.943 0.584 0.039 0.704 0.730 אָ
0.591 0.571 0.026 0.610 0.773 0.409 0.857 0.740 0.468 0.682 0.833 0.571 0.416 0.883 0.576 0.500 0.727 0.130 0.052 0.561 0.000 0.286 0.740 0.636 0.076 0.716 0.543 אָ
0.514 0.575 0.125 0.825 0.400 0.671 0.988 0.750 1.000 0.814 0.870 1.000 0.977 0.966 0.338 0.943 1.000 0.312 0.725 0.886 0.400 0.475 0.025 0.162 0.214 0.638 0.644 א
0.584 0.662 0.057 0.649 0.649 0.429 0.896 0.761 0.649 0.610 0.805 0.610 0.432 0.870 0.468 0.455 0.688 0.136 0.117 0.519 0.000 0.260 0.773 0.584 0.052 0.686 0.543 אָ
0.494 0.625 0.170 0.875 0.636 0.429 1.000 0.818 0.932 0.805 0.623 0.886 0.659 0.977 0.558 0.727 0.955 0.250 0.443 0.883 0.221 0.830 0.909 0.909 0.455 0.667 0.622 אַ
0.000 0.020 0.400 0.740 0.000 0.480 0.480 0.860 0.540 0.000 0.000 0.000 0.600 0.520 0.000 0.000 0.000 0.680 0.500 0.000 0.120 0.280 0.720 0.720 0.200 0.750 0.685 1
0.000 0.000 0.500 1.000 0.750 0.333 0.667 0.889 1.000 1.000 0.833 1.000 1.000 1.000 1.000 0.667 1.000 1.000 1.000 1.000 0.250 0.833 1.000 1.000 1.000 0.500 0.118 .
0.500 0.464 0.054 0.643 0.542 0.812 1.000 0.911 0.946 1.000 0.000 0.054 0.821 0.929 0.250 0.000 0.179 0.375 0.857 0.542 0.250 0.946 1.000 1.000 0.604 0.637 0.571 צ
0.000 0.000 0.250 0.875 0.833 0.000 0.250 0.958 1.000 0.875 0.208 0.792 1.000 0.750 0.125 0.292 1.000 0.708 0.125 0.000 0.792 0.625 0.042 0.000 0.000 0.692 0.361 '
0.536 0.562 0.488 0.865 0.726 0.536 1.000 1.000 1.000 0.881 0.833 1.000 0.726 0.948 0.869 0.560 0.802 0.333 0.802 0.583 0.000 0.458 0.702 0.740 0.214 0.705 0.778 אַ
0.540 0.460 0.429 0.857 0.460 0.957 1.000 1.000 0.986 0.957 0.157 0.414 0.971 0.871 0.300 0.057 0.414 0.900 0.986 0.471 0.540 0.905 0.905 0.841 0.444 0.648 0.550 צ
0.000 0.000 0.500 0.950 1.000 0.000 0.450 1.000 1.000 0.933 0.000 0.750 1.000 0.800 0.133 0.467 1.000 0.800 0.100 0.000 0.933 0.850 0.150 0.000 0.000 0.720 0.309 '
0.600 0.633 0.583 0.600 0.600 0.030 0.000 0.000 0.348 0.045 0.000 0.000 0.183 0.717 0.000 0.000 0.000 0.682 0.530 0.000 0.000 0.000 0.867 0.483 0.000 0.688 0.716 7
0.000 0.100 0.833 0.650 0.500 0.000 0.044 0.519 0.600 0.889 0.000 0.000 0.000 0.000 0.600 0.111 0.333 0.389 0.311 0.911 0.825 1.000 0.646 0.075 0.850 0.718 0.557 ג
0.000 0.000 0.557 0.471 0.000 0.000 0.057 0.671 0.486 0.000 0.000 0.000 0.500 0.586 0.000 0.443 0.414 0.629 0.886 0.400 0.014 0.243 0.629 0.814 0.314 0.690 0.746 4
0.575 0.667 0.689 0.659 0.275 0.192 0.081 0.089 0.089 0.550 0.492 0.000 0.021 0.222 0.523 0.733 0.281 0.459 0.319 0.058 0.775 0.200 0.000 0.000 0.000 0.729 0.713 ק
0.000 0.380 0.900 0.620 0.540 0.000 0.127 0.491 0.673 0.927 0.000 0.000 0.000 0.060 0.800 0.109 0.491 0.545 0.564 0.945 0.600 0.800 0.740 0.300 0.740 0.781 0.774 ג
0.000 0.530 0.803 0.561 0.379 0.000 0.227 0.561 0.803 0.652 0.000 0.000 0.000 0.500 0.455 0.091 0.182 0.167 0.576 0.833 0.742 0.879 0.909 0.909 0.894 0.764 0.545 נ
0.000 0.583 0.792 0.611 0.431 0.000 0.250 0.542 0.819 0.847 0.000 0.000 0.000 0.361 0.625 0.097 0.194 0.167 0.486 0.931 0.736 0.875 0.847 0.917 0.833 0.768 0.778 נ
0.000 0.540 0.740 0.600 0.480 0.000 0.255 0.618 0.709 0.800 0.000 0.000 0.000 0.160 0.740 0.200 0.491 0.455 0.618 1.000 0.720 0.900 0.680 0.400 0.860 0.781 0.774 ג
0.133 0.200 0.700 0.400 0.000 0.350 0.317 0.743 0.433 0.000 0.000 0.000 0.614 0.500 0.000 0.000 0.000 0.671 0.500 0.000 0.267 0.500 0.857 0.700 0.383 0.730 0.658 1
0.000 0.644 0.852 0.600 0.378 0.000 0.333 0.852 0.933 0.889 0.000 0.000 0.000 0.089 0.289 0.022 0.289 0.296 0.422 0.800 0.644 1.000 1.000 1.000 0.844 0.732 0.436 נ
0.000 0.597 0.764 0.542 0.486 0.000 0.333 0.639 0.861 0.847 0.000 0.000 0.000 0.462 0.628 0.208 0.444 0.375 0.583 0.958 0.708 0.792 0.833 0.833 0.625 0.772 0.564 נ
0.000 0.500 0.800 0.574 0.356 0.000 0.352 0.911 1.000 1.000 0.000 0.000 0.040 0.233 0.880 0.022 0.315 0.378 0.500 0.978 0.578 0.963 0.978 0.926 0.622 0.726 0.609 נ
0.000 0.574 0.796 0.481 0.130 0.000 0.500 0.889 1.000 0.630 0.000 0.000 0.000 0.704 0.500 0.259 0.630 0.630 0.926 0.944 0.907 1.000 0.556 0.500 0.981 0.711 0.692 ג
0.000 0.578 0.756 0.489 0.356 0.000 0.511 0.978 1.000 1.000 0.000 0.000 0.100 0.180 0.800 0.156 0.356 0.333 0.444 0.889 0.844 0.956 0.978 1.000 0.889 0.750 0.420 נ
0.407 0.341 0.606 0.374 0.297 0.765 0.408 0.562 0.163 0.337 0.231 0.308 0.683 0.560 0.527 0.816 0.337 0.545 0.255 0.643 0.033 0.198 0.798 0.198 0.022 0.746 0.926 $
0.000 0.429 0.886 0.643 0.429 0.000 0.031 0.350 0.469 0.469 0.000 0.000 0.000 0.000 0.094 0.000 0.094 0.125 0.250 0.750 0.536 0.929 1.000 0.964 0.643 0.750 0.708 נ
0.423 0.615 0.577 0.154 0.000 0.000 0.018 0.286 0.786 0.518 0.000 0.000 0.000 0.500 0.982 0.000 0.000 0.089 0.714 0.821 0.135 0.385 0.577 0.462 0.115 0.875 0.842 )
0.583 0.417 0.625 0.604 0.500 0.208 0.333 0.396 0.562 0.521 0.000 0.000 0.000 0.296 0.352 0.000 0.000 0.000 0.333 0.542 0.000 0.000 0.000 0.438 0.646 0.649 0.514 ד
0.514 0.614 0.538 0.471 0.157 0.243 0.543 0.562 0.614 0.671 0.000 0.000 0.000 0.000 0.364 0.043 0.014 0.000 0.043 0.200 0.771 0.900 0.887 0.914 0.914 0.660 0.758 ב
0.000 0.133 0.733 0.567 0.000 0.439 0.606 0.970 0.485 0.000 0.000 0.061 0.894 0.394 0.000 0.000 0.061 0.879 0.318 0.000 0.100 0.367 0.933 0.600 0.300 0.735 0.662 1
0.000 0.000 0.667 0.111 0.000 0.000 0.667 1.000 0.778 0.111 0.889 1.000 1.000 1.000 1.000 0.333 1.000 1.000 1.000 0.889 0.000 0.333 1.000 0.778 0.111 0.500 0.090 .
0.000 0.300 0.600 0.000 0.800 0.000 0.720 0.560 0.120 1.000 0.240 1.000 0.240 0.720 0.840 0.800 1.000 0.200 1.000 0.600 0.850 1.000 0.200 1.000 0.350 0.380 0.253 “
0.000 0.250 0.542 0.000 0.450 0.000 0.733 0.500 0.200 0.880 0.320 0.967 0.267 0.633 0.880 0.760 0.967 0.267 0.933 0.760 0.750 0.708 0.167 0.958 0.400 0.396 0.253 “
0.625 0.278 0.694 0.139 0.667 0.753 0.741 0.815 0.852 0.938 0.346 0.074 0.346 0.346 0.519 0.407 0.469 0.469 0.494 0.062 0.194 0.972 0.958 0.458 0.000 0.476 0.419 ש
0.556 0.292 0.663 0.306 0.708 0.864 0.741 0.944 0.901 0.988 0.395 0.111 0.489 0.531 0.444 0.519 0.654 0.522 0.543 0.000 0.597 0.986 1.000 0.236 0.000 0.464 0.476 ש
0.475 0.675 0.525 0.475 0.150 0.400 0.750 0.575 0.700 0.800 0.625 0.950 0.325 0.000 0.675 0.350 0.425 0.150 0.000 0.500 0.700 0.900 0.975 1.000 0.700 0.688 0.426 פ
0.000 0.333 1.000 0.583 0.000 0.250 0.812 1.000 0.938 0.500 0.833 0.938 1.000 0.938 0.917 0.333 0.812 1.000 0.875 0.417 0.000 0.250 0.889 0.583 0.000 0.536 0.149 .
0.594 0.141 0.562 0.078 0.453 0.812 0.906 0.984 0.797 0.953 0.547 0.156 0.625 0.344 0.594 0.484 0.484 0.266 0.484 0.016 0.406 1.000 1.000 0.328 0.000 0.500 0.556 ש
0.370 0.593 0.556 0.389 0.241 0.433 0.917 0.767 0.800 0.967 0.722 0.926 0.426 0.000 0.704 0.533 0.700 0.433 0.200 0.717 0.741 0.981 1.000 1.000 0.796 0.698 0.606 פ
0.300 0.417 0.600 0.333 0.400 0.800 0.917 1.000 1.000 1.000 1.000 1.000 1.000 1.000 1.000 1.000 1.000 1.000 1.000 1.000 0.900 1.000 1.000 1.000 0.900 0.217 0.147 ־
0.167 0.667 0.917 0.556 0.167 0.778 1.000 1.000 1.000 1.000 0.056 0.222 0.708 1.000 1.000 0.000 0.000 0.500 1.000 0.889 0.000 0.167 0.833 0.833 0.222 0.800 0.303 י
0.000 0.667 0.833 0.333 0.000 0.167 1.000 1.000 1.000 0.333 0.875 1.000 1.000 1.000 0.750 1.000 1.000 1.000 1.000 1.000 0.833 1.000 1.000 1.000 0.667 0.583 0.150 .
0.000 0.077 0.538 0.385 0.359 0.308 0.923 0.282 0.000 0.000 0.976 0.952 0.000 0.000 0.000 0.359 1.000 0.282 0.000 0.000 0.000 0.205 0.590 0.538 0.231 0.879 0.805 (
0.136 0.143 0.561 0.779 0.000 0.389 0.476 0.861 0.679 0.000 0.000 0.000 0.712 0.649 0.000 0.000 0.000 0.736 0.655 0.000 0.273 0.610 0.894 0.844 0.485 0.736 0.736 1
0.000 0.389 0.944 0.667 0.111 0.000 0.889 1.000 1.000 0.944 0.333 0.056 0.500 1.000 1.000 0.000 0.000 0.000 0.833 1.000 0.000 0.000 0.278 1.000 0.778 0.750 0.375 י
0.188 0.625 0.812 0.688 0.188 0.562 1.000 1.000 1.000 0.750 0.800 1.000 1.000 1.000 0.950 0.812 1.000 1.000 1.000 0.875 0.188 0.812 1.000 0.938 0.438 0.529 0.168 .
0.583 0.458 0.583 0.736 0.194 0.712 0.950 0.725 0.938 0.750 0.389 0.347 0.000 0.236 0.889 0.625 0.463 0.400 0.512 0.962 0.736 0.931 1.000 0.986 0.639 0.535 0.524 מ
0.442 0.675 0.568 0.714 0.208 0.416 0.494 0.523 0.221 0.000 0.649 0.364 0.216 0.714 0.597 0.623 0.273 0.000 0.494 0.974 0.662 0.701 0.432 0.818 0.481 0.686 0.718 5
0.000 0.370 0.926 0.667 0.311 0.000 0.204 0.611 0.796 0.756 0.000 0.000 0.000 0.283 0.720 0.111 0.500 0.500 0.778 0.978 0.756 0.981 0.741 0.222 0.956 0.714 0.447 ג
0.000 0.667 0.925 0.688 0.325 0.000 0.407 0.844 0.944 0.778 0.000 0.000 0.000 0.204 0.622 0.067 0.278 0.378 0.574 0.689 0.725 1.000 1.000 1.000 0.625 0.705 0.557 נ
0.000 0.167 0.833 0.833 0.333 0.000 0.562 1.000 1.000 0.917 0.000 0.750 1.000 1.000 1.000 0.000 0.375 0.875 0.938 0.583 0.667 0.167 0.250 0.333 0.000 0.500 0.184 .
0.000 0.250 0.812 0.675 0.350 0.000 0.125 0.479 0.450 0.425 0.000 0.000 0.000 0.100 0.475 0.125 0.325 0.250 0.450 0.975 0.925 0.900 0.396 0.000 0.550 0.725 0.563 ג
0.000 0.292 0.900 0.688 0.400 0.000 0.148 0.511 0.685 0.600 0.000 0.000 0.000 0.185 0.289 0.133 0.296 0.289 0.481 0.711 0.725 0.979 0.550 0.167 0.900 0.705 0.415 ג
0.000 0.050 0.875 0.750 0.400 0.000 0.025 0.650 0.800 0.950 0.000 0.000 0.000 0.000 0.750 0.000 0.250 0.400 0.500 1.000 0.500 1.000 0.875 0.125 0.950 0.688 0.580 ג
0.111 0.556 0.778 0.889 0.444 0.778 1.000 1.000 1.000 1.000 1.000 1.000 1.000 1.000 1.000 0.889 1.000 1.000 1.000 1.000 0.333 0.889 1.000 1.000 1.000 0.542 0.128 .
0.338 0.532 0.545 0.662 0.455 0.779 0.442 0.023 0.234 0.974 0.274 0.440 0.260 0.619 0.393 0.104 0.494 0.352 0.039 0.299 0.519 0.805 0.784 0.779 0.883 0.692 0.722 2
0.000 0.425 0.875 0.725 0.500 0.000 0.175 0.583 0.775 0.975 0.000 0.000 0.000 0.022 0.556 0.000 0.125 0.229 0.300 0.825 0.500 0.925 0.958 0.975 0.750 0.703 0.481 נ
0.000 0.500 0.833 1.000 0.500 0.000 1.000 1.000 1.000 1.000 0.375 1.000 1.000 1.000 1.000 0.667 1.000 1.000 1.000 1.000 0.167 1.000 1.000 1.000 0.833 0.583 0.141 .
0.000 0.250 0.979 0.771 0.525 0.000 0.093 0.519 0.759 0.867 0.000 0.000 0.000 0.333 0.675 0.022 0.278 0.315 0.611 0.978 0.625 1.000 0.667 0.375 1.000 0.684 0.559 ג
0.000 0.531 0.906 0.750 0.531 0.000 0.219 0.500 0.812 0.906 0.000 0.000 0.000 0.000 0.156 0.000 0.188 0.156 0.312 0.844 0.594 1.000 1.000 1.000 0.719 0.722 0.468 נ
0.000 0.133 0.800 0.933 0.533 0.000 0.533 1.000 1.000 0.933 0.111 0.889 1.000 0.889 0.389 0.400 1.000 1.000 0.333 0.000 0.733 1.000 0.667 0.000 0.000 0.659 0.278 ,
0.000 0.500 0.933 0.950 0.533 0.333 0.900 1.000 1.000 0.933 0.733 1.000 1.000 0.950 0.467 1.000 1.000 1.000 0.500 0.000 1.000 0.950 0.600 0.100 0.000 0.690 0.304 ,
0.000 0.050 0.750 0.950 0.600 0.000 0.550 1.000 1.000 1.000 0.000 0.750 1.000 1.000 0.933 0.267 0.950 1.000 0.700 0.200 0.667 1.000 0.800 0.150 0.000 0.667 0.206 ,
0.000 0.333 0.900 0.867 0.667 0.400 0.933 0.950 0.933 0.800 0.667 1.000 1.000 0.800 0.133 0.867 1.000 0.750 0.133 0.000 0.867 1.000 0.450 0.000 0.000 0.714 0.309 ,
0.000 0.400 0.800 0.850 0.733 0.133 0.850 1.000 1.000 0.933 0.400 1.000 1.000 0.850 0.333 0.867 1.000 0.933 0.350 0.000 1.000 0.950 0.333 0.000 0.000 0.690 0.292 ,
0.250 0.500 1.000 1.000 0.750 0.500 1.000 1.000 1.000 1.000 0.500 1.000 1.000 1.000 1.000 0.750 1.000 1.000 1.000 1.000 0.250 0.750 1.000 1.000 1.000 0.500 0.145 .
0.500 0.625 1.000 1.000 0.875 0.833 1.000 1.000 1.000 1.000 0.667 1.000 1.000 1.000 1.000 0.500 1.000 1.000 1.000 1.000 0.375 1.000 1.000 1.000 1.000 0.225 0.161 ־
0.000 0.250 0.875 1.000 0.917 0.067 0.533 1.000 1.000 1.000 0.467 1.000 1.000 0.933 0.533 0.733 1.000 1.000 0.467 0.000 0.667 1.000 0.750 0.167 0.000 0.684 0.250 ,
0.000 0.333 0.812 1.000 0.917 0.000 0.667 1.000 1.000 1.000 0.333 1.000 1.000 1.000 0.833 0.750 0.917 1.000 0.583 0.000 0.917 1.000 0.500 0.000 0.000 0.700 0.303 ,
0.400 0.600 0.933 1.000 1.000 0.300 0.600 1.000 1.000 1.000 0.000 0.333 1.000 1.000 0.833 0.000 0.533 1.000 1.000 0.800 0.400 0.867 1.000 0.667 0.100 0.795 0.319 '
0.167 0.542 0.833 0.917 0.792 0.000 0.037 0.296 0.333 0.185 0.000 0.000 0.000 0.000 0.000 0.000 0.037 0.185 0.185 0.037 0.250 0.542 0.917 0.917 0.667 0.855 0.528 :
0.424 0.792 0.636 0.623 0.364 0.319 0.631 0.405 0.310 0.708 0.606 0.909 0.883 0.091 0.788 0.194 0.012 0.024 0.000 0.806 0.000 0.000 0.000 0.000 0.833 0.726 0.779 ף
0.492 0.750 0.556 0.556 0.349 0.471 0.825 0.700 0.750 0.900 0.540 0.278 0.000 0.000 0.508 0.671 0.613 0.000 0.000 0.586 0.921 0.569 0.000 0.000 0.825 0.616 0.538 ת
0.257 0.762 0.075 0.600 0.743 0.100 0.625 0.762 0.525 0.529 0.486 0.762 0.213 0.613 0.443 0.300 0.738 0.200 0.100 0.514 0.043 0.387 0.887 0.750 0.071 0.660 0.510 אָ
0.300 0.757 0.514 0.571 0.157 0.221 0.649 0.468 0.558 0.740 0.357 0.871 0.329 0.000 0.486 0.260 0.442 0.195 0.104 0.442 0.629 0.957 0.971 0.943 0.871 0.635 0.774 פ
0.532 0.727 0.571 0.807 0.390 0.987 0.477 0.000 0.545 0.870 0.345 0.521 0.250 0.708 0.440 0.052 0.614 0.558 0.125 0.494 0.455 1.000 0.870 0.807 0.948 0.683 0.605 2
0.625 0.800 0.575 0.575 0.300 0.525 0.825 0.550 0.675 0.975 0.775 0.975 0.400 0.000 0.725 0.300 0.450 0.275 0.125 0.775 0.950 0.975 0.975 1.000 0.675 0.688 0.714 פ
0.500 0.833 0.604 0.708 0.417 0.389 0.815 0.426 0.611 0.907 0.667 0.944 0.519 0.000 0.630 0.370 0.667 0.389 0.185 0.648 0.917 1.000 0.938 1.000 0.604 0.667 0.574 פ
0.591 0.753 0.558 0.584 0.273 0.545 0.442 0.416 0.273 0.015 0.682 0.247 0.039 0.455 0.742 0.636 0.260 0.000 0.195 1.000 0.682 0.610 0.403 0.623 0.424 0.716 0.671 5
0.436 0.742 0.273 0.000 0.000 0.873 0.485 0.379 0.364 0.273 0.364 0.545 0.500 0.561 0.818 0.000 0.000 0.000 0.227 0.636 0.000 0.076 0.682 0.348 0.000 0.782 0.556 ל
0.250 0.769 0.574 0.472 0.125 0.302 0.648 0.481 0.593 0.688 0.500 0.923 0.359 0.436 0.519 0.385 0.435 0.287 0.250 0.667 0.688 0.778 0.870 0.880 0.438 0.658 0.564 פּ
0.607 0.679 0.571 0.536 0.089 0.196 0.518 0.500 0.732 0.375 0.000 0.000 0.000 0.286 0.429 0.000 0.054 0.054 0.250 0.518 0.714 0.893 0.946 0.929 0.786 0.613 0.408 ב
0.062 0.875 0.646 0.625 0.208 0.000 0.604 0.667 0.688 0.917 0.000 0.000 0.000 0.000 0.500 0.146 0.396 0.292 0.271 0.708 0.625 0.979 0.938 0.958 0.646 0.625 0.440 כ
0.611 0.722 0.611 0.722 0.463 0.593 0.593 0.574 0.444 0.852 0.870 0.000 0.000 0.000 0.519 0.611 0.315 0.259 0.333 0.704 0.685 0.981 1.000 0.778 0.278 0.634 0.418 ס
0.417 0.804 0.625 0.589 0.208 0.208 0.643 0.714 0.857 0.833 0.000 0.000 0.000 0.000 0.625 0.188 0.304 0.339 0.339 0.833 0.771 1.000 0.982 0.964 0.604 0.637 0.714 כ
0.479 0.771 0.604 0.625 0.417 0.278 0.630 0.333 0.481 0.870 0.537 0.963 0.370 0.000 0.463 0.074 0.296 0.148 0.167 0.556 0.625 0.979 1.000 1.000 0.750 0.667 0.574 פ
0.250 1.000 0.667 0.500 0.250 0.042 0.667 0.750 0.958 0.792 0.000 0.000 0.000 0.292 0.833 0.000 0.000 0.000 0.375 1.000 0.042 0.000 0.000 0.875 0.958 0.812 0.404 ו
0.458 0.847 0.403 0.000 0.000 0.861 0.708 0.444 0.472 0.444 0.372 0.513 0.487 0.577 0.987 0.000 0.000 0.097 0.389 0.667 0.000 0.236 0.903 0.431 0.014 0.772 0.781 ל
0.611 0.730 0.667 0.619 0.241 0.241 0.603 0.407 0.476 0.778 0.556 0.825 0.407 0.746 0.759 0.407 0.429 0.148 0.413 0.759 0.648 0.905 0.926 0.984 0.741 0.659 0.423 פּ
0.467 0.967 0.567 0.367 0.200 0.273 0.636 0.788 0.970 1.000 0.000 0.000 0.000 0.367 1.000 0.000 0.000 0.000 0.424 1.000 0.000 0.000 0.000 0.600 1.000 0.844 0.774 ו
0.317 0.708 0.556 0.556 0.476 0.111 0.611 0.651 0.778 0.778 0.357 0.000 0.000 0.338 0.414 0.460 0.000 0.000 0.486 0.556 0.063 0.000 0.000 0.597 0.587 0.607 0.583 ד
0.614 0.800 0.262 0.843 0.614 0.156 0.649 0.159 0.481 0.636 0.000 0.000 0.000 0.514 0.157 0.221 0.623 0.773 0.597 0.000 0.929 0.671 0.350 0.071 0.000 0.667 0.640 ע
0.621 0.742 0.576 0.591 0.333 0.181 0.264 0.431 0.472 0.792 0.561 0.106 0.000 0.045 0.636 0.542 0.264 0.528 0.639 0.306 0.636 0.545 0.076 0.000 0.000 0.717 0.768 ק
0.169 0.898 0.443 0.534 0.636 0.130 0.591 0.534 0.386 0.831 0.000 0.240 0.500 0.354 0.321 0.052 0.500 0.966 0.727 0.013 0.377 0.784 0.398 0.080 0.000 0.673 0.703 ע
0.083 0.736 0.074 0.694 0.583 0.083 0.819 0.679 0.597 0.986 0.167 0.681 0.753 0.861 0.278 0.333 0.972 0.321 0.736 0.764 0.417 0.764 0.222 0.139 0.625 0.549 0.707 א
0.514 0.857 0.287 0.700 0.729 0.114 0.629 0.188 0.414 0.743 0.000 0.532 0.148 0.506 0.273 0.143 0.686 0.850 0.757 0.029 0.729 0.757 0.412 0.086 0.000 0.660 0.627 ע
0.519 0.714 0.182 0.364 0.688 0.083 0.786 0.333 0.298 0.821 0.000 0.766 0.026 0.351 0.299 0.012 0.619 0.714 0.821 0.036 0.701 0.792 0.558 0.221 0.000 0.670 0.855 ע
0.623 0.714 0.195 0.532 0.675 0.260 0.792 0.299 0.416 0.805 0.000 0.623 0.078 0.351 0.364 0.091 0.727 0.727 0.831 0.078 0.740 0.831 0.558 0.234 0.000 0.696 0.305 ע
0.571 0.743 0.536 0.143 0.000 0.000 0.093 0.717 0.933 0.433 0.000 0.000 0.196 0.943 0.804 0.000 0.013 0.350 0.960 0.417 0.250 0.629 0.643 0.229 0.000 0.868 0.907 )
0.500 0.686 0.500 0.157 0.000 0.000 0.000 0.486 0.971 0.536 0.000 0.000 0.143 0.943 1.000 0.000 0.000 0.371 1.000 0.679 0.161 0.543 0.857 0.386 0.018 0.856 0.667 )
0.438 0.812 0.268 0.250 0.708 0.021 0.625 0.232 0.062 0.667 0.000 0.688 0.161 0.312 0.375 0.000 0.333 0.750 0.729 0.104 0.729 0.875 0.554 0.208 0.000 0.663 0.833 ע
0.619 0.764 0.556 0.528 0.254 0.508 0.917 0.698 0.778 0.905 0.698 0.389 0.000 0.000 0.810 0.683 0.583 0.238 0.250 0.825 0.730 1.000 1.000 1.000 0.968 0.598 0.547 ם
0.558 0.682 0.136 0.398 0.623 0.182 0.841 0.295 0.409 0.766 0.000 0.670 0.011 0.466 0.286 0.039 0.682 0.750 0.614 0.013 0.792 0.614 0.409 0.125 0.000 0.691 0.887 ע
0.000 0.688 0.333 0.458 0.857 0.143 0.929 0.286 0.714 0.776 0.452 0.750 0.048 0.917 0.286 0.755 0.357 0.347 0.679 0.020 0.738 0.021 0.548 0.312 0.000 0.424 0.359 “
0.429 0.750 0.182 0.534 0.519 0.312 0.909 0.571 0.523 0.896 0.000 0.542 0.274 0.271 0.393 0.039 0.670 0.844 0.852 0.117 0.688 0.909 0.584 0.273 0.000 0.683 0.929 ע
0.390 0.688 0.091 0.597 0.727 0.351 0.896 0.818 0.714 0.714 0.655 0.762 0.333 0.738 0.774 0.494 0.805 0.284 0.182 0.468 0.000 0.286 0.830 0.662 0.065 0.692 0.703 אָ
0.444 0.796 0.444 0.426 0.056 0.367 0.833 0.600 0.833 0.450 0.593 0.963 0.333 0.111 0.759 0.600 0.683 0.400 0.433 0.417 0.796 1.000 0.907 0.944 0.111 0.651 0.705 פ
0.584 0.714 0.125 0.857 0.688 0.481 0.961 0.841 0.857 0.597 0.798 0.762 0.344 0.857 0.667 0.442 0.662 0.170 0.221 0.455 0.000 0.364 0.920 0.571 0.039 0.692 0.929 אָ
0.625 0.765 0.420 0.593 0.153 0.550 1.000 0.956 0.933 0.837 0.181 0.815 0.457 0.111 0.708 0.250 0.944 0.489 0.489 0.825 0.236 0.963 1.000 0.988 0.861 0.547 0.524 ט
0.556 0.778 0.603 0.630 0.333 0.519 0.926 0.683 0.852 0.833 0.815 0.963 0.460 0.074 0.870 0.796 0.907 0.460 0.259 0.796 0.907 1.000 1.000 1.000 0.593 0.671 0.414 פ
0.471 0.688 0.112 0.825 0.700 0.414 0.975 0.775 0.875 0.843 0.584 0.750 0.545 0.943 0.403 0.571 0.975 0.162 0.375 0.700 0.100 0.700 0.663 0.562 0.086 0.638 0.470 אַ
0.537 0.683 0.500 0.619 0.407 0.278 0.873 0.667 0.714 0.963 0.550 0.929 0.550 0.000 0.833 0.222 0.556 0.389 0.206 0.815 0.667 1.000 1.000 1.000 0.537 0.667 0.600 פ
0.528 0.940 0.417 0.000 0.000 0.872 0.857 0.593 0.549 0.308 0.319 0.548 0.571 0.869 0.889 0.000 0.000 0.176 0.747 0.513 0.000 0.333 0.976 0.405 0.000 0.750 0.829 ל
0.444 0.810 0.574 0.571 0.296 0.389 0.857 0.630 0.794 0.907 0.648 0.984 0.593 0.079 0.907 0.481 0.746 0.389 0.270 0.759 0.778 1.000 1.000 1.000 0.537 0.659 0.246 פ
0.271 0.729 0.438 0.500 0.292 0.250 0.854 0.604 0.646 0.896 0.542 0.958 0.604 0.021 0.500 0.229 0.542 0.333 0.083 0.583 0.708 0.958 1.000 1.000 0.750 0.675 0.408 פ
0.386 0.714 0.050 0.586 0.814 0.343 0.986 0.725 0.614 0.757 0.740 0.688 0.625 0.948 0.597 0.729 1.000 0.250 0.271 0.886 0.100 0.700 0.613 0.629 0.186 0.660 0.691 אַ
0.479 0.854 0.646 0.708 0.375 0.333 0.854 0.438 0.521 0.875 0.646 1.000 0.625 0.000 0.542 0.354 0.625 0.396 0.312 0.708 0.812 0.979 0.917 0.958 0.625 0.675 0.541 פ
0.185 0.873 0.667 0.603 0.389 0.056 0.857 0.492 0.587 0.981 0.333 1.000 0.683 0.000 0.685 0.185 0.778 0.587 0.397 0.833 0.389 0.937 0.968 0.968 0.574 0.646 0.418 פ
0.375 0.899 0.193 0.707 0.625 0.239 0.939 0.864 0.818 0.818 0.386 0.970 0.693 0.939 0.466 0.511 1.000 0.489 0.404 0.818 0.170 0.687 0.864 0.838 0.341 0.627 0.729 אַ
0.400 0.686 0.000 0.843 0.471 0.371 1.000 0.671 0.843 0.843 0.700 0.671 0.700 0.957 0.371 0.729 0.914 0.086 0.500 0.671 0.014 0.800 0.843 0.857 0.029 0.650 0.694 אַ
0.333 0.722 0.667 0.222 0.056 0.833 1.000 1.000 1.000 0.833 0.167 0.389 0.750 1.000 1.000 0.000 0.000 0.625 1.000 0.667 0.000 0.278 0.958 1.000 0.389 0.800 0.441 י
0.250 0.812 0.156 0.672 0.607 0.333 0.958 0.583 0.611 0.984 0.286 0.806 0.778 0.833 0.444 0.571 0.903 0.319 0.861 0.810 0.571 1.000 0.312 0.219 0.911 0.564 0.398 א
0.450 0.725 0.375 0.200 0.025 0.650 1.000 0.950 1.000 0.675 0.356 0.622 0.778 0.933 0.933 0.000 0.000 0.000 0.300 0.825 0.000 0.000 0.000 0.475 0.700 0.716 0.366 י
0.468 0.688 0.130 0.792 0.416 0.738 1.000 0.679 1.000 0.952 0.845 0.952 0.845 1.000 0.679 0.893 1.000 0.417 0.679 0.940 0.221 0.948 0.987 0.961 0.351 0.676 0.659 אַ
0.558 0.750 0.156 0.795 0.662 0.506 1.000 0.909 0.977 0.766 0.922 1.000 0.857 0.943 0.818 0.701 0.989 0.468 0.500 0.636 0.000 0.386 0.922 0.739 0.104 0.700 0.556 אָ
0.444 0.833 0.460 0.519 0.259 0.617 0.950 0.729 0.783 0.900 0.722 1.000 0.889 0.296 0.870 0.650 0.883 0.757 0.833 0.933 0.889 1.000 0.952 0.981 0.667 0.686 0.589 פ
0.476 0.708 0.125 0.778 0.635 0.635 1.000 0.653 0.861 1.000 0.492 0.917 0.958 0.986 0.619 0.810 0.917 0.528 0.958 0.794 0.762 0.972 0.306 0.431 0.810 0.585 0.586 א
0.363 0.700 0.356 0.850 0.562 0.716 1.000 1.000 1.000 0.909 0.545 1.000 1.000 1.000 0.568 0.614 1.000 0.677 0.636 0.784 0.150 0.463 0.500 0.038 0.150 0.622 0.681 א
0.400 0.933 0.800 0.733 0.467 0.000 0.273 0.515 0.909 0.333 0.000 0.000 0.700 0.967 0.067 0.000 0.000 0.939 1.000 0.152 0.000 0.000 0.933 1.000 0.367 0.844 0.623 ן
0.044 0.867 0.822 0.556 0.133 0.000 0.640 0.960 1.000 0.580 0.000 0.000 0.160 0.840 0.520 0.180 0.600 0.560 0.800 0.980 0.689 1.000 0.867 0.800 0.378 0.716 0.557 נ
0.000 0.812 0.844 0.656 0.469 0.000 0.333 0.694 0.861 0.806 0.000 0.000 0.000 0.028 0.028 0.083 0.306 0.333 0.417 0.583 0.812 1.000 0.938 0.938 0.562 0.744 0.513 נ
0.000 0.906 1.000 0.906 0.531 0.000 0.375 0.594 0.719 0.969 0.000 0.000 0.000 0.194 0.722 0.156 0.375 0.375 0.469 0.969 0.906 1.000 1.000 0.844 0.688 0.730 0.500 נ
0.000 0.704 0.841 0.574 0.259 0.037 0.648 1.000 1.000 0.981 0.000 0.000 0.095 0.630 0.667 0.056 0.500 0.540 0.852 0.889 0.648 0.981 1.000 0.944 0.574 0.700 0.549 נ
0.167 0.964 0.786 0.750 0.417 0.037 0.476 0.556 0.587 0.907 0.000 0.000 0.000 0.000 0.407 0.204 0.524 0.460 0.460 0.759 0.750 0.946 0.964 0.946 0.688 0.628 0.398 כ
0.050 0.850 0.800 0.625 0.550 0.044 0.467 0.778 0.889 1.000 0.000 0.000 0.000 0.200 0.822 0.089 0.267 0.311 0.467 0.956 0.850 1.000 0.975 0.975 0.700 0.731 0.565 נ
0.153 0.875 0.750 0.625 0.181 0.069 0.667 0.708 0.833 0.681 0.000 0.000 0.000 0.000 0.306 0.097 0.597 0.625 0.722 0.819 0.597 0.889 0.847 0.847 0.444 0.600 0.549 כ
0.530 0.803 0.727 0.727 0.697 0.076 0.364 0.348 0.273 0.742 0.000 0.000 0.000 0.136 0.667 0.000 0.000 0.000 0.258 0.818 0.000 0.000 0.000 0.379 0.985 0.706 0.520 ך
0.354 0.929 0.708 0.625 0.375 0.104 0.589 0.729 0.786 0.958 0.000 0.000 0.000 0.000 0.125 0.083 0.250 0.271 0.268 0.417 0.750 1.000 1.000 1.000 0.771 0.650 0.571 כ
0.500 0.909 0.836 0.636 0.500 0.114 0.386 0.745 1.000 0.614 0.000 0.000 0.700 0.917 0.167 0.000 0.000 0.764 1.000 0.455 0.000 0.023 0.782 1.000 0.500 0.837 0.722 ן
0.528 0.956 0.889 0.622 0.222 0.139 0.711 0.972 1.000 0.556 0.000 0.000 0.475 0.960 0.600 0.000 0.000 0.111 0.867 0.972 0.000 0.000 0.417 0.822 0.972 0.786 0.575 ו
0.479 0.875 0.750 0.729 0.333 0.148 0.444 0.413 0.481 0.778 0.000 0.000 0.000 0.000 0.312 0.130 0.222 0.206 0.167 0.537 0.833 1.000 1.000 1.000 0.729 0.645 0.463 כ
0.583 1.000 0.708 0.625 0.458 0.167 0.583 0.750 0.958 0.708 0.000 0.000 0.000 0.667 0.792 0.000 0.000 0.000 0.958 1.000 0.000 0.000 0.250 1.000 0.917 0.812 0.240 ו
0.611 0.778 0.698 0.571 0.074 0.222 0.365 0.333 0.587 0.370 0.000 0.000 0.000 0.243 0.483 0.130 0.302 0.444 0.492 0.741 0.648 0.698 0.778 0.730 0.593 0.655 0.600 ב
0.556 0.819 0.778 0.556 0.048 0.254 0.569 0.597 0.875 0.270 0.000 0.000 0.000 0.550 0.300 0.048 0.292 0.264 0.681 0.540 0.365 0.833 0.833 0.931 0.730 0.595 0.568 ב
0.000 0.689 0.711 0.556 0.333 0.000 0.467 0.800 0.867 1.000 0.000 0.000 0.000 0.022 0.644 0.022 0.244 0.267 0.267 0.756 0.622 1.000 1.000 1.000 0.889 0.744 0.436 נ
0.375 0.696 0.679 0.536 0.083 0.146 0.518 0.482 0.607 0.667 0.021 0.018 0.000 0.000 0.479 0.083 0.196 0.232 0.214 0.562 0.562 0.821 0.929 0.929 0.521 0.637 0.430 כ
0.591 0.955 0.909 0.727 0.568 0.068 0.386 0.800 1.000 0.795 0.000 0.045 0.836 1.000 0.477 0.000 0.091 0.873 1.000 0.750 0.000 0.023 0.745 1.000 0.977 0.845 0.786 ן
0.386 0.682 0.932 0.909 0.614 0.091 0.341 0.409 0.364 0.091 0.000 0.167 0.396 0.396 0.167 0.000 0.386 0.795 1.000 0.955 0.114 0.500 0.795 0.727 0.409 0.846 0.510 ;
0.429 0.786 0.857 0.536 0.381 0.286 0.929 1.000 1.000 1.000 0.000 0.179 0.679 1.000 1.000 0.000 0.000 0.429 1.000 0.762 0.000 0.000 0.679 0.964 0.333 0.774 0.431 י
0.583 0.833 0.875 0.625 0.250 0.167 0.917 1.000 1.000 0.917 0.000 0.208 0.875 1.000 0.958 0.000 0.000 0.708 1.000 0.667 0.000 0.083 0.792 0.958 0.375 0.733 0.417 י
0.562 1.000 0.875 0.719 0.438 0.062 0.375 0.825 0.812 0.844 0.000 0.250 0.975 0.344 0.000 0.000 0.219 0.950 0.938 0.219 0.000 0.031 0.725 0.844 0.125 0.788 0.513 ז
0.603 0.764 0.750 0.764 0.635 0.286 0.556 0.611 0.611 0.825 0.371 0.325 0.000 0.000 0.557 0.714 0.528 0.000 0.014 0.857 0.794 0.417 0.000 0.167 0.905 0.595 0.553 ה
0.545 0.886 0.788 0.614 0.424 0.212 0.455 0.879 0.841 0.485 0.000 0.659 1.000 0.386 0.000 0.000 0.750 1.000 0.500 0.000 0.000 0.727 1.000 0.545 0.000 0.882 0.887 ן
0.611 0.875 0.728 0.708 0.625 0.278 0.625 0.630 0.736 0.903 0.458 0.667 0.000 0.028 0.611 0.653 0.722 0.000 0.167 0.958 0.708 0.528 0.000 0.389 0.708 0.589 0.549 ה
0.000 0.896 0.729 0.688 0.458 0.021 0.854 0.562 0.562 0.979 0.167 1.000 0.958 0.042 0.729 0.354 0.625 0.417 0.312 0.708 0.375 0.917 0.958 0.979 0.458 0.625 0.541 פ
0.611 0.917 0.750 0.417 0.222 0.417 0.722 0.917 1.000 0.556 0.000 0.000 0.425 0.975 0.725 0.000 0.000 0.500 1.000 1.000 0.000 0.056 0.750 1.000 0.972 0.810 0.553 ו
0.556 0.806 0.944 0.500 0.028 0.639 0.667 0.667 0.722 0.778 0.000 0.000 0.000 0.000 0.775 0.000 0.111 0.389 0.333 0.278 0.139 0.889 0.056 0.000 0.000 0.762 0.894 ל
0.458 0.812 0.969 0.719 0.417 0.333 0.528 0.694 0.500 0.222 0.000 0.000 0.000 0.000 0.000 0.074 0.333 0.583 0.500 0.185 0.292 0.844 1.000 0.969 0.833 0.821 0.488 :
0.444 1.000 1.000 0.778 0.556 0.500 0.889 1.000 1.000 1.000 0.000 0.048 0.381 0.810 1.000 0.000 0.000 0.000 0.500 1.000 0.000 0.000 0.278 0.833 0.944 0.796 0.380 י
0.583 1.000 1.000 0.750 0.333 0.500 0.929 1.000 1.000 1.000 0.000 0.083 0.333 0.750 1.000 0.000 0.000 0.000 0.714 1.000 0.000 0.000 0.500 1.000 0.583 0.821 0.394 י
0.222 0.833 0.833 0.389 0.056 0.524 0.952 0.929 1.000 0.810 0.000 0.095 0.607 1.000 1.000 0.000 0.000 0.429 1.000 0.952 0.000 0.000 0.500 0.944 0.611 0.793 0.293 י
0.556 1.000 1.000 0.722 0.333 0.667 0.905 0.952 1.000 1.000 0.000 0.111 0.500 0.944 1.000 0.000 0.000 0.667 1.000 0.905 0.000 0.167 0.833 1.000 0.389 0.804 0.394 י
0.222 0.778 1.000 0.778 0.333 0.524 0.952 1.000 1.000 1.000 0.000 0.143 0.381 0.857 1.000 0.000 0.000 0.190 0.857 1.000 0.000 0.000 0.444 1.000 0.944 0.810 0.426 י
0.556 1.000 0.958 0.556 0.167 0.714 1.000 1.000 1.000 0.810 0.048 0.143 0.679 1.000 0.905 0.000 0.000 0.643 1.000 0.571 0.000 0.222 0.875 0.667 0.111 0.793 0.403 י
0.611 1.000 0.833 0.500 0.222 0.571 0.952 1.000 1.000 0.952 0.000 0.167 0.611 1.000 1.000 0.000 0.000 0.429 0.952 0.952 0.000 0.000 0.611 1.000 0.556 0.804 0.394 י
0.389 0.722 0.833 0.556 0.111 0.333 1.000 1.000 1.000 0.889 0.000 0.167 0.889 1.000 0.944 0.000 0.000 0.389 1.000 0.667 0.000 0.000 0.778 1.000 0.167 0.750 0.417 י
0.278 0.833 0.958 0.611 0.333 0.714 0.952 1.000 0.952 1.000 0.000 0.190 0.643 1.000 1.000 0.000 0.000 0.429 1.000 1.000 0.000 0.000 0.458 1.000 0.722 0.793 0.293 י
0.556 0.889 0.833 0.389 0.111 0.889 1.000 1.000 0.944 0.889 0.056 0.222 0.625 1.000 1.000 0.000 0.000 0.583 1.000 0.778 0.000 0.167 0.875 0.944 0.333 0.800 0.341 י
0.583 0.917 1.000 0.667 0.417 0.917 1.000 1.000 1.000 1.000 0.083 0.250 0.333 1.000 1.000 0.000 0.000 0.000 1.000 0.750 0.000 0.000 0.000 1.000 0.417 0.808 0.351 י
0.250 1.000 0.917 0.750 0.417 0.417 1.000 0.917 0.917 1.000 0.000 0.143 0.214 0.071 0.286 0.000 0.500 1.000 0.583 0.083 0.000 0.500 1.000 1.000 0.500 0.815 0.365 י
0.095 0.714 1.000 0.643 0.143 0.524 1.000 1.000 1.000 0.952 0.048 0.321 0.750 1.000 1.000 0.000 0.000 0.607 1.000 0.905 0.000 0.036 0.750 1.000 0.619 0.774 0.443 י
0.389 0.778 0.778 0.611 0.278 0.952 1.000 1.000 1.000 0.952 0.143 0.429 0.714 1.000 1.000 0.000 0.000 0.381 1.000 1.000 0.000 0.111 0.722 1.000 0.778 0.810 0.293 י
0.556 0.944 0.833 0.500 0.111 1.000 1.000 1.000 1.000 0.857 0.238 0.429 0.714 1.000 1.000 0.000 0.000 0.429 1.000 0.952 0.000 0.333 0.944 1.000 0.667 0.810 0.420 י
0.500 0.944 0.833 0.389 0.111 0.810 1.000 1.000 1.000 0.762 0.143 0.571 1.000 1.000 1.000 0.000 0.333 1.000 1.000 1.000 0.000 0.278 0.958 1.000 0.556 0.793 0.392 י
0.625 0.833 1.000 1.000 0.625 0.900 1.000 1.000 1.000 1.000 0.125 0.583 1.000 1.000 1.000 0.000 0.400 1.000 1.000 0.800 0.375 0.917 1.000 0.667 0.250 0.778 0.261 '
0.500 0.958 1.000 0.833 0.556 0.524 0.964 1.000 1.000 0.810 0.056 0.583 1.000 1.000 1.000 0.000 0.179 0.929 1.000 1.000 0.000 0.208 0.958 0.958 0.778 0.750 0.389 י
0.429 0.821 0.905 0.571 0.095 0.792 1.000 1.000 1.000 0.917 0.190 0.714 1.000 1.000 0.905 0.000 0.500 1.000 1.000 0.917 0.000 0.643 1.000 0.929 0.571 0.803 0.418 י
0.621 0.939 0.818 0.818 0.273 0.681 0.986 0.694 0.736 0.514 0.889 0.861 0.694 0.208 0.736 0.139 0.000 0.000 0.250 0.958 0.000 0.000 0.000 0.182 0.879 0.722 0.740 ף
0.375 0.875 0.750 0.375 0.125 1.000 1.000 1.000 1.000 0.875 0.375 0.875 1.000 1.000 1.000 0.000 0.000 0.250 1.000 1.000 0.000 0.000 0.000 1.000 0.875 0.750 0.270 י
0.333 0.778 0.917 0.556 0.111 0.667 1.000 1.000 1.000 0.556 0.778 1.000 1.000 1.000 1.000 0.889 1.000 1.000 1.000 1.000 0.778 1.000 1.000 1.000 0.667 0.458 0.153 .
0.481 0.825 0.683 0.571 0.148 0.500 0.957 0.686 0.929 0.867 0.617 1.000 0.671 0.543 0.950 0.717 0.971 1.000 1.000 0.683 0.796 0.984 1.000 0.905 0.241 0.670 0.530 פ
0.222 0.833 0.917 0.833 0.333 0.583 1.000 0.875 1.000 0.833 0.917 1.000 1.000 1.000 1.000 0.667 1.000 1.000 0.938 1.000 0.111 0.750 1.000 0.917 0.778 0.500 0.194 .
0.200 0.867 1.000 0.867 0.667 0.467 1.000 1.000 1.000 1.000 0.600 1.000 1.000 1.000 1.000 0.600 1.000 1.000 1.000 1.000 0.800 1.000 1.000 1.000 1.000 0.250 0.112 ־
0.697 0.530 0.500 0.500 0.288 0.288 0.515 0.515 0.530 0.742 0.000 0.000 0.000 0.000 0.591 0.000 0.000 0.000 0.000 0.712 0.000 0.000 0.000 0.000 0.758 0.706 0.823 ר
0.822 0.556 0.537 0.556 0.356 0.578 0.611 0.611 0.704 0.956 0.000 0.000 0.000 0.000 0.560 0.000 0.000 0.000 0.000 0.600 0.000 0.000 0.000 0.000 0.756 0.714 0.251 ר
0.944 0.722 0.556 0.537 0.259 0.556 0.704 0.704 0.741 0.907 0.000 0.000 0.000 0.000 0.778 0.000 0.000 0.019 0.000 0.722 0.000 0.000 0.000 0.000 0.815 0.683 0.594 ר
0.815 0.741 0.074 0.833 0.667 0.233 0.483 0.033 0.317 0.500 0.000 0.000 0.000 0.000 0.000 0.033 0.500 0.567 0.583 0.000 0.722 0.870 0.537 0.130 0.000 0.659 0.571 ע
0.768 0.339 0.328 0.607 0.179 0.667 0.825 0.556 0.619 0.714 0.411 0.089 0.312 0.000 0.500 0.492 0.143 0.111 0.111 0.444 0.571 0.964 0.938 0.982 0.857 0.579 0.551 ט
0.857 0.594 0.500 0.828 0.286 0.643 1.000 0.929 0.703 0.768 0.508 0.250 0.540 0.000 0.508 0.500 0.391 0.196 0.219 0.643 0.536 1.000 1.000 1.000 0.875 0.554 0.514 ט
0.857 0.531 0.250 0.703 0.250 0.587 0.847 0.746 0.597 0.698 0.460 0.167 0.317 0.014 0.444 0.508 0.417 0.349 0.319 0.603 0.446 0.953 0.875 0.797 0.768 0.577 0.394 ט
0.708 0.542 0.500 0.521 0.208 0.556 0.556 0.481 0.574 0.667 0.611 0.000 0.000 0.000 0.611 0.519 0.167 0.204 0.204 0.593 0.500 0.938 1.000 0.938 0.438 0.615 0.419 ס
0.893 0.500 0.250 0.703 0.232 0.651 0.722 0.460 0.542 0.698 0.508 0.111 0.238 0.000 0.444 0.524 0.681 0.476 0.444 0.667 0.500 0.906 0.839 0.922 0.786 0.577 0.527 ט
0.839 0.571 0.375 0.839 0.268 0.643 0.750 0.469 0.554 0.714 0.476 0.143 0.292 0.000 0.444 0.536 0.339 0.250 0.179 0.589 0.518 0.929 0.922 0.982 0.857 0.568 0.374 ט
0.783 0.350 0.433 0.725 0.225 0.667 0.725 0.650 0.708 0.825 0.558 0.250 0.442 0.000 0.550 0.567 0.483 0.233 0.292 0.625 0.583 0.992 1.000 0.950 0.958 0.589 0.335 ט
0.821 0.429 0.234 0.696 0.250 0.643 0.911 0.500 0.661 0.768 0.492 0.222 0.444 0.000 0.365 0.571 0.750 0.516 0.250 0.411 0.536 1.000 1.000 0.982 1.000 0.568 0.561 ט
0.786 0.328 0.304 0.750 0.321 0.762 0.792 0.413 0.722 0.905 0.429 0.125 0.000 0.000 0.460 0.571 0.014 0.143 0.111 0.365 0.714 0.359 1.000 0.953 0.875 0.577 0.415 מ
0.704 0.762 0.571 0.556 0.407 0.611 0.730 0.603 0.619 0.889 0.685 0.127 0.000 0.000 0.407 0.611 0.460 0.206 0.238 0.537 0.722 1.000 1.000 0.937 0.537 0.646 0.418 ס
0.794 0.264 0.317 0.611 0.190 0.786 0.863 0.557 0.762 0.714 0.444 0.264 0.111 0.000 0.317 0.571 0.463 0.443 0.350 0.443 0.413 0.972 0.841 0.875 0.873 0.616 0.672 ט
0.875 0.393 0.281 0.679 0.214 0.625 0.679 0.453 0.464 0.714 0.143 0.048 0.056 0.000 0.476 0.464 0.232 0.172 0.161 0.500 0.571 1.000 1.000 0.982 0.946 0.568 0.544 ט
0.786 0.359 0.268 0.656 0.161 0.667 0.875 0.254 0.667 0.698 0.492 0.250 0.000 0.000 0.397 0.508 0.389 0.206 0.194 0.397 0.482 1.000 1.000 1.000 0.911 0.577 0.542 ט
0.839 0.531 0.214 0.781 0.339 0.571 0.819 0.349 0.625 0.810 0.393 0.188 0.018 0.000 0.339 0.429 0.319 0.175 0.181 0.365 0.429 1.000 1.000 1.000 0.964 0.566 0.514 ט
0.786 0.464 0.250 0.696 0.286 0.429 0.911 0.438 0.625 0.661 0.238 0.111 0.125 0.016 0.159 0.286 0.232 0.000 0.000 0.089 0.321 0.964 0.828 0.857 0.875 0.568 0.481 ט
0.857 0.411 0.281 0.643 0.196 0.696 0.929 0.547 0.750 0.786 0.607 0.214 0.469 0.000 0.464 0.714 0.286 0.312 0.214 0.464 0.679 1.000 1.000 1.000 0.911 0.600 0.556 ט
0.743 0.671 0.543 0.543 0.371 0.675 0.636 0.506 0.571 0.844 0.771 0.200 0.000 0.000 0.557 0.740 0.701 0.714 0.701 0.883 0.386 0.800 0.714 0.486 0.486 0.677 0.667 ם
0.810 0.317 0.492 0.794 0.317 0.889 0.873 0.603 0.841 0.921 0.514 0.171 0.000 0.057 0.829 0.746 0.206 0.365 0.381 0.746 0.746 0.603 1.000 1.000 0.762 0.583 0.472 מ
0.736 0.361 0.346 0.528 0.069 0.712 0.850 0.633 0.925 0.725 0.486 0.250 0.000 0.083 0.778 0.750 0.162 0.278 0.300 0.738 0.667 0.542 1.000 1.000 0.653 0.570 0.434 מ
0.819 0.247 0.528 0.568 0.069 0.863 0.778 0.725 0.933 0.600 0.625 0.233 0.000 0.122 0.762 0.788 0.400 0.500 0.533 0.750 0.625 0.642 0.972 1.000 0.819 0.568 0.550 מ
0.825 0.278 0.397 0.736 0.302 0.810 0.750 0.460 0.708 0.937 0.587 0.111 0.000 0.000 0.524 0.825 0.069 0.365 0.333 0.603 0.746 0.528 0.984 1.000 0.810 0.598 0.246 מ
0.685 0.648 0.556 0.556 0.315 0.611 0.667 0.611 0.685 0.963 0.800 0.167 0.000 0.000 0.667 0.833 0.481 0.333 0.333 0.741 0.870 0.981 1.000 1.000 0.981 0.643 0.251 ם
0.704 0.630 0.481 0.444 0.296 0.648 0.833 0.778 0.759 0.981 0.783 0.167 0.000 0.000 0.683 0.833 0.463 0.259 0.185 0.648 0.870 1.000 1.000 0.981 1.000 0.643 1.000 ם
0.852 0.556 0.476 0.508 0.222 0.704 0.540 0.540 0.556 0.759 0.648 0.000 0.000 0.000 0.611 0.833 0.190 0.222 0.206 0.667 0.963 0.984 1.000 0.889 0.352 0.646 0.577 ס
0.667 0.508 0.528 0.460 0.460 0.571 0.794 0.722 0.698 0.921 0.471 0.171 0.000 0.057 0.614 0.889 0.175 0.000 0.032 0.683 0.825 0.111 0.000 0.175 0.794 0.619 0.424 ה
0.741 0.714 0.492 0.556 0.333 0.783 0.786 0.643 0.629 0.900 0.981 0.175 0.000 0.000 0.500 0.917 0.686 0.329 0.300 0.633 0.759 1.000 1.000 0.937 0.519 0.663 0.597 ס
0.810 0.556 0.542 0.556 0.476 0.700 0.757 0.800 0.800 0.900 0.643 0.143 0.000 0.014 0.586 0.943 0.129 0.000 0.000 0.800 0.905 0.079 0.000 0.016 0.857 0.636 0.550 ח
0.852 0.571 0.476 0.460 0.259 0.704 0.651 0.460 0.587 0.907 0.926 0.143 0.000 0.000 0.519 1.000 0.381 0.270 0.254 0.593 1.000 0.968 0.952 0.984 1.000 0.646 0.732 ם
0.708 0.431 0.347 0.764 0.264 0.625 0.806 0.444 0.639 0.750 0.361 0.083 0.000 0.000 0.458 0.750 0.153 0.292 0.306 0.472 0.639 0.458 1.000 0.958 0.681 0.561 0.577 מ
0.704 0.571 0.460 0.460 0.296 0.630 0.714 0.571 0.651 0.889 0.800 0.143 0.000 0.000 0.083 0.926 0.508 0.302 0.317 0.556 0.833 1.000 1.000 0.968 0.889 0.655 0.592 ם
0.794 0.254 0.286 0.651 0.143 0.794 0.698 0.524 0.825 0.762 0.386 0.100 0.000 0.014 0.714 0.778 0.016 0.206 0.222 0.619 0.841 0.397 1.000 1.000 0.746 0.583 0.538 מ
0.636 0.475 0.020 0.576 0.535 0.546 0.657 0.093 0.565 0.667 0.000 0.222 0.818 0.333 0.000 0.009 0.056 0.509 0.917 0.296 0.515 0.949 0.980 0.990 0.394 0.613 0.525 צ
0.783 0.700 0.117 0.850 0.583 0.233 0.383 0.133 0.417 0.567 0.000 0.083 0.000 0.400 0.017 0.050 0.583 0.600 0.767 0.000 0.883 0.783 0.500 0.133 0.000 0.674 0.622 ע
0.900 0.729 0.412 0.943 0.486 0.364 0.727 0.239 0.701 0.468 0.000 0.273 0.045 0.532 0.026 0.234 0.701 0.795 0.519 0.000 0.971 0.757 0.412 0.043 0.000 0.673 0.700 ע
0.833 0.746 0.222 0.841 0.704 0.350 0.614 0.071 0.471 0.650 0.000 0.129 0.000 0.186 0.067 0.033 0.600 0.543 0.671 0.033 0.815 0.905 0.556 0.095 0.000 0.670 0.571 ע
0.661 0.625 0.250 0.875 0.446 0.821 1.000 0.422 0.821 0.821 0.000 0.089 0.750 0.589 0.071 0.018 0.196 0.484 0.929 0.232 0.464 0.982 0.969 0.857 0.179 0.600 0.571 צ
0.667 0.500 0.021 0.812 0.479 0.833 1.000 0.292 0.708 0.979 0.000 0.021 0.854 0.771 0.083 0.021 0.229 0.250 0.958 0.312 0.708 1.000 1.000 0.958 0.312 0.625 0.526 צ
0.796 0.481 0.095 0.796 0.685 0.833 0.907 0.444 0.685 0.963 0.000 0.037 0.762 0.722 0.148 0.074 0.278 0.413 0.926 0.648 0.722 0.944 0.905 0.907 0.519 0.671 0.512 צ
0.870 0.603 0.556 0.540 0.463 0.556 0.667 0.667 0.905 0.778 0.000 0.000 0.000 0.671 0.183 0.000 0.000 0.000 0.762 0.444 0.000 0.000 0.000 0.857 0.444 0.655 0.452 ד
0.741 0.481 0.093 0.926 0.463 0.796 1.000 0.519 1.000 0.981 0.033 0.167 0.917 0.933 0.217 0.056 0.333 0.444 1.000 0.519 0.611 0.963 0.963 1.000 0.481 0.643 0.545 צ
0.708 0.589 0.143 0.804 0.583 0.750 1.000 0.536 0.982 1.000 0.000 0.125 0.839 0.893 0.229 0.000 0.143 0.482 1.000 0.458 0.417 0.911 1.000 0.982 0.708 0.637 0.533 צ
0.685 0.460 0.190 0.810 0.444 0.889 1.000 0.286 0.841 0.944 0.056 0.222 0.714 0.683 0.241 0.000 0.095 0.381 0.968 0.426 0.389 0.968 0.937 0.968 0.444 0.646 0.594 צ
0.704 0.519 0.095 0.593 0.648 0.796 0.926 0.333 0.481 0.926 0.019 0.111 0.587 0.630 0.278 0.019 0.259 0.302 0.889 0.667 0.574 0.926 0.889 0.852 0.630 0.671 0.577 צ
0.796 0.444 0.519 0.571 0.463 0.463 0.429 0.519 0.841 0.685 0.000 0.000 0.000 0.460 0.315 0.000 0.000 0.000 0.413 0.574 0.000 0.000 0.000 0.508 0.722 0.659 0.441 ד
0.907 0.759 0.519 0.741 0.574 0.407 0.556 0.444 0.889 0.667 0.000 0.000 0.000 0.667 0.350 0.000 0.000 0.000 0.778 0.630 0.000 0.000 0.000 0.833 0.463 0.643 0.583 ד
0.792 0.625 0.089 0.768 0.667 0.722 0.794 0.095 0.651 0.833 0.000 0.016 0.587 0.524 0.056 0.019 0.143 0.222 0.873 0.315 0.604 0.964 0.964 0.911 0.271 0.628 0.549 צ
0.727 0.403 0.000 0.623 0.652 0.470 0.805 0.610 0.481 0.545 0.924 0.273 0.351 0.779 0.394 0.758 0.468 0.000 0.091 0.515 0.045 0.494 0.701 0.299 0.000 0.716 0.718 אָ
0.681 0.139 0.556 0.083 0.528 0.753 0.580 0.852 0.580 0.926 0.383 0.099 0.383 0.284 0.420 0.531 0.432 0.383 0.506 0.025 0.417 0.986 1.000 0.361 0.000 0.476 0.549 ש
0.944 0.524 0.460 0.460 0.407 0.600 0.686 0.657 0.800 0.700 0.000 0.000 0.000 0.414 0.450 0.000 0.000 0.000 0.671 0.650 0.000 0.000 0.000 0.714 0.500 0.670 0.468 ד
0.667 0.661 0.354 0.589 0.792 0.870 1.000 0.833 0.476 0.981 0.074 0.175 0.759 0.968 0.463 0.000 0.270 0.315 0.762 0.796 0.229 0.946 1.000 1.000 0.792 0.641 0.534 צ
0.706 0.193 0.007 0.721 0.492 0.548 0.907 0.600 0.600 0.556 0.794 0.293 0.471 0.893 0.476 0.807 0.767 0.033 0.373 0.652 0.008 0.400 0.721 0.529 0.032 0.676 0.944 אָ
0.815 0.519 0.426 0.574 0.370 0.611 0.815 0.870 0.944 0.796 0.000 0.000 0.000 0.704 0.500 0.000 0.000 0.000 0.667 0.741 0.000 0.000 0.000 0.889 0.648 0.667 0.625 ד
0.806 0.861 0.533 0.361 0.111 0.611 0.944 1.000 1.000 0.528 0.000 0.083 0.622 1.000 0.556 0.000 0.000 0.422 1.000 0.917 0.000 0.000 0.600 1.000 0.861 0.793 0.554 ו
0.815 0.667 0.500 0.444 0.370 0.444 0.833 0.704 0.815 0.870 0.000 0.000 0.000 0.389 0.593 0.000 0.000 0.000 0.370 0.778 0.000 0.000 0.000 0.574 0.759 0.667 0.479 ד
0.800 0.775 0.500 0.350 0.167 0.455 0.659 0.727 0.932 0.727 0.000 0.000 0.000 0.525 0.667 0.000 0.000 0.000 0.500 0.909 0.000 0.000 0.050 0.750 0.933 0.854 0.774 ו
0.714 0.243 0.000 0.593 0.603 0.504 0.860 0.681 0.580 0.533 0.746 0.243 0.349 0.829 0.698 0.689 0.813 0.030 0.047 0.674 0.024 0.379 0.738 0.414 0.063 0.684 0.673 אָ
0.694 0.633 0.277 0.000 0.000 0.867 0.755 0.750 0.796 0.786 0.162 0.238 0.267 0.248 0.800 0.000 0.010 0.277 0.500 0.265 0.000 0.429 0.812 0.031 0.000 0.761 0.401 ל
0.870 0.481 0.349 0.407 0.148 0.850 0.833 0.829 0.867 0.783 0.000 0.000 0.000 0.133 0.950 0.000 0.000 0.000 0.017 0.850 0.000 0.000 0.000 0.167 0.889 0.693 0.647 ר
0.796 0.651 0.524 0.524 0.167 0.815 1.000 1.000 1.000 0.889 0.074 0.175 0.095 0.540 1.000 0.000 0.000 0.000 0.413 1.000 0.000 0.000 0.000 0.429 0.963 0.678 0.455 ר
0.778 0.651 0.556 0.524 0.148 0.517 0.786 0.771 0.871 0.600 0.000 0.000 0.000 0.206 0.704 0.000 0.000 0.000 0.100 0.867 0.000 0.000 0.000 0.143 0.907 0.663 0.672 ר
0.833 0.457 0.014 0.657 0.650 0.433 0.800 0.614 0.357 0.617 0.883 0.243 0.443 0.829 0.400 0.850 0.543 0.000 0.214 0.633 0.017 0.471 0.329 0.371 0.000 0.685 0.597 אַ
0.833 0.574 0.556 0.500 0.519 0.370 0.500 0.524 0.648 0.759 0.000 0.000 0.000 0.204 0.500 0.000 0.000 0.000 0.185 0.630 0.000 0.000 0.000 0.407 0.759 0.671 0.562 ד
0.909 0.636 0.260 0.857 0.364 0.417 0.738 0.262 0.714 0.571 0.506 0.818 0.364 0.013 0.000 0.571 0.726 0.000 0.000 0.000 0.532 0.701 0.000 0.000 0.000 0.708 0.768 ץ
0.740 0.649 0.273 0.740 0.416 0.260 0.714 0.182 0.701 0.649 0.234 0.831 0.377 0.091 0.000 0.338 0.740 0.000 0.000 0.000 0.338 0.779 0.000 0.013 0.000 0.696 0.689 ץ
0.667 0.694 0.542 0.583 0.540 0.543 0.825 0.700 0.738 0.857 0.619 0.319 0.000 0.139 0.778 0.900 0.375 0.000 0.125 0.929 0.952 0.250 0.000 0.139 0.984 0.605 0.623 ח
0.750 0.771 0.548 0.854 0.583 0.143 0.792 0.286 0.635 0.762 0.000 0.583 0.357 0.729 0.155 0.667 0.938 0.821 0.385 0.000 0.310 0.708 0.214 0.010 0.000 0.725 0.833 ע
0.758 0.500 0.058 0.533 0.700 0.242 0.658 0.158 0.108 0.700 0.000 0.492 0.000 0.258 0.325 0.050 0.567 0.775 0.800 0.042 0.758 0.675 0.250 0.008 0.000 0.718 0.703 ע
0.900 0.600 0.050 0.729 0.683 0.333 0.586 0.083 0.457 0.733 0.000 0.343 0.000 0.471 0.233 0.133 0.757 0.683 0.743 0.000 0.883 0.657 0.333 0.086 0.000 0.720 0.532 ע
0.750 0.733 0.117 0.733 0.700 0.217 0.883 0.200 0.317 0.783 0.000 0.633 0.000 0.333 0.183 0.133 0.683 0.717 0.817 0.000 0.950 0.717 0.417 0.100 0.000 0.700 0.725 ע
0.688 0.662 0.182 0.805 0.494 0.455 0.909 0.273 0.636 0.792 0.000 0.548 0.021 0.500 0.238 0.130 0.727 0.761 0.688 0.000 0.922 0.779 0.420 0.104 0.000 0.692 0.520 ע
0.843 0.786 0.371 0.914 0.757 0.325 0.805 0.260 0.519 0.610 0.000 0.671 0.057 0.543 0.171 0.156 0.805 0.792 0.831 0.052 0.914 0.829 0.429 0.114 0.000 0.677 0.640 ע
0.719 0.422 0.111 0.519 0.763 0.385 0.830 0.363 0.178 0.741 0.000 0.526 0.022 0.163 0.504 0.007 0.496 0.770 0.904 0.185 0.622 0.867 0.437 0.081 0.000 0.711 0.899 ע
0.700 0.557 0.114 0.757 0.633 0.250 0.671 0.114 0.329 0.617 0.000 0.443 0.057 0.343 0.300 0.033 0.500 0.614 0.686 0.067 0.717 0.800 0.457 0.086 0.000 0.710 0.538 ע
0.644 0.407 0.073 0.600 0.622 0.363 0.800 0.280 0.222 0.733 0.000 0.541 0.000 0.289 0.422 0.022 0.533 0.787 0.889 0.089 0.607 0.911 0.487 0.081 0.000 0.704 0.425 ע
0.636 0.792 0.216 0.727 0.597 0.169 0.766 0.409 0.286 0.831 0.000 0.416 0.307 0.338 0.468 0.078 0.558 0.830 0.883 0.130 0.714 0.844 0.489 0.169 0.000 0.686 0.543 ע
0.683 0.667 0.133 0.817 0.483 0.233 0.733 0.167 0.433 0.917 0.000 0.600 0.000 0.267 0.383 0.050 0.633 0.733 0.900 0.033 0.817 0.883 0.517 0.217 0.000 0.700 0.532 ע
0.750 0.517 0.017 0.833 0.467 0.367 0.783 0.050 0.483 0.767 0.000 0.417 0.000 0.400 0.033 0.050 0.617 0.533 0.717 0.000 0.867 0.783 0.450 0.083 0.000 0.700 0.725 ע
0.722 0.537 0.407 0.444 0.222 0.519 0.648 0.537 0.722 0.815 0.778 0.741 0.315 0.000 0.685 0.333 0.407 0.185 0.019 0.630 0.685 0.759 0.778 0.889 0.574 0.683 0.732 פ
0.690 0.760 0.107 0.812 0.619 0.595 0.927 0.857 0.792 0.619 0.869 0.771 0.369 0.844 0.655 0.476 0.719 0.393 0.448 0.452 0.000 0.312 0.857 0.615 0.060 0.705 0.335 אָ
0.742 0.494 0.026 0.675 0.712 0.561 0.740 0.701 0.532 0.515 0.958 0.429 0.333 0.798 0.653 0.545 0.481 0.039 0.130 0.409 0.015 0.494 0.870 0.403 0.000 0.721 0.754 אָ
0.688 0.779 0.216 0.844 0.740 0.571 0.869 0.896 0.833 0.571 0.844 0.740 0.398 0.883 0.714 0.476 0.631 0.229 0.250 0.429 0.000 0.338 0.875 0.468 0.026 0.698 0.946 אָ
0.778 0.806 0.492 0.556 0.222 0.937 0.931 0.778 0.875 0.905 0.921 0.306 0.000 0.125 0.873 0.889 0.750 0.476 0.556 0.921 0.889 0.972 0.889 0.764 0.206 0.633 0.600 ס
0.730 0.651 0.365 0.778 0.381 0.698 1.000 0.698 0.651 0.921 0.413 0.492 0.429 0.000 0.556 0.460 0.619 0.397 0.429 0.762 0.444 0.968 0.905 0.825 0.857 0.573 0.500 ט
0.831 0.779 0.416 0.961 0.390 0.310 0.524 0.238 0.714 0.321 0.000 0.506 0.117 0.675 0.000 0.333 0.702 0.893 0.512 0.000 0.740 0.792 0.909 0.078 0.000 0.670 0.736 ע
0.764 0.727 0.164 0.018 0.000 0.933 0.517 0.483 0.417 0.400 0.383 0.500 0.433 0.500 0.933 0.000 0.000 0.050 0.433 0.617 0.000 0.255 0.909 0.309 0.000 0.769 0.614 ל
0.833 0.625 0.562 0.625 0.312 0.479 0.604 0.354 0.229 0.625 0.688 0.833 0.250 0.750 0.250 0.542 0.292 0.042 0.146 0.188 0.729 0.917 0.917 0.917 0.729 0.675 0.563 פּ
0.839 0.391 0.203 0.500 0.089 0.607 0.922 0.453 0.703 0.696 0.304 0.375 0.359 0.016 0.429 0.339 0.484 0.219 0.172 0.500 0.411 0.953 0.922 0.922 0.911 0.575 0.426 ט
0.685 0.333 0.222 0.190 0.037 0.463 0.952 0.759 0.841 0.685 0.574 0.873 0.407 0.571 0.759 0.852 0.746 0.130 0.286 0.593 0.778 1.000 0.963 0.984 0.852 0.689 0.577 פּ
0.768 0.781 0.344 0.750 0.304 0.625 1.000 0.594 0.734 0.911 0.365 0.403 0.194 0.000 0.603 0.446 0.516 0.219 0.125 0.607 0.357 1.000 1.000 1.000 0.946 0.541 0.514 ט
0.946 0.696 0.344 0.804 0.357 0.762 0.952 0.597 0.698 0.841 0.625 0.393 0.125 0.000 0.339 0.619 0.476 0.278 0.238 0.476 0.571 1.000 1.000 0.982 0.982 0.579 0.528 ט
0.708 0.292 0.403 0.431 0.028 0.750 0.806 0.681 0.972 0.528 0.600 0.350 0.387 0.225 0.675 0.639 0.472 0.264 0.278 0.625 0.486 0.986 1.000 0.986 0.903 0.571 0.656 ט
0.729 0.518 0.417 0.393 0.104 0.146 0.464 0.271 0.339 0.396 0.479 0.714 0.104 0.464 0.250 0.375 0.357 0.021 0.036 0.312 0.438 0.857 0.646 0.607 0.667 0.650 0.500 פּ
0.697 0.470 0.000 0.727 0.697 0.470 0.879 0.682 0.606 0.667 0.903 0.389 0.403 0.875 0.639 0.606 0.652 0.091 0.197 0.530 0.000 0.682 1.000 0.742 0.061 0.712 0.722 אָ
0.796 0.619 0.556 0.508 0.148 0.352 0.746 0.574 0.603 0.722 0.483 0.729 0.233 0.529 0.650 0.519 0.508 0.111 0.206 0.537 0.537 0.968 0.889 0.921 0.759 0.667 0.609 פּ
0.683 0.483 0.067 0.767 0.450 0.455 0.773 0.152 0.591 0.758 0.000 0.517 0.000 0.333 0.267 0.000 0.621 0.439 0.742 0.015 0.700 0.817 0.600 0.233 0.000 0.688 0.667 ע
0.857 0.486 0.319 0.597 0.127 0.683 0.986 0.611 0.653 0.714 0.524 0.361 0.181 0.000 0.651 0.556 0.444 0.222 0.264 0.698 0.556 1.000 0.986 1.000 0.889 0.585 0.506 ט
0.833 0.586 0.071 0.786 0.600 0.303 0.688 0.104 0.416 0.742 0.000 0.471 0.000 0.371 0.233 0.030 0.597 0.481 0.675 0.030 0.883 0.829 0.529 0.171 0.000 0.698 0.649 ע
0.905 0.528 0.417 0.778 0.206 0.619 0.958 0.708 0.681 0.810 0.619 0.458 0.569 0.000 0.571 0.619 0.917 0.833 0.458 0.857 0.587 1.000 1.000 0.972 0.873 0.585 0.532 ט
0.839 0.571 0.375 0.768 0.161 0.603 0.984 0.730 0.683 0.714 0.393 0.393 0.625 0.000 0.679 0.444 0.524 0.270 0.175 0.714 0.339 1.000 1.000 1.000 0.839 0.539 0.679 ט
0.857 0.528 0.319 0.639 0.175 0.762 1.000 0.694 0.847 0.778 0.614 0.475 0.550 0.025 0.657 0.714 0.653 0.514 0.444 0.762 0.635 0.958 0.875 0.903 0.952 0.595 0.251 ט
0.806 0.569 0.494 0.625 0.125 0.775 1.000 0.989 0.812 0.700 0.597 1.000 0.852 0.042 0.722 0.500 1.000 0.733 0.587 0.863 0.444 0.986 1.000 0.958 0.792 0.570 0.544 ט
0.786 0.562 0.250 0.609 0.143 0.732 1.000 0.703 0.859 0.821 0.464 0.531 0.609 0.062 0.571 0.589 0.641 0.188 0.141 0.625 0.571 0.984 0.984 0.984 0.964 0.575 0.548 ט
0.857 0.403 0.319 0.472 0.079 0.841 0.931 0.889 0.833 0.667 0.571 0.403 0.653 0.069 0.778 0.571 0.472 0.528 0.528 0.952 0.460 0.917 0.931 0.986 0.905 0.585 0.554 ט
0.909 0.712 0.227 0.848 0.576 0.273 0.833 0.212 0.652 0.636 0.167 0.931 0.472 0.069 0.000 0.348 0.985 0.091 0.000 0.000 0.424 0.939 0.091 0.000 0.000 0.712 0.591 ץ
0.819 0.722 0.389 0.722 0.319 0.764 1.000 0.833 0.903 0.944 0.472 0.681 0.667 0.153 0.653 0.486 0.722 0.417 0.361 0.736 0.431 1.000 1.000 1.000 1.000 0.561 0.500 ט
0.792 0.875 0.420 0.556 0.111 0.708 1.000 0.864 0.986 0.639 0.450 1.000 0.900 0.188 0.775 0.597 1.000 0.630 0.319 0.806 0.597 1.000 1.000 0.986 0.847 0.560 0.583 ט
0.818 0.701 0.261 0.805 0.519 0.390 0.857 0.500 0.792 0.779 0.117 0.883 0.693 0.221 0.000 0.182 1.000 0.341 0.000 0.000 0.221 0.987 0.364 0.000 0.000 0.709 0.640 ץ
0.775 0.289 0.050 0.833 0.587 0.613 0.967 0.450 0.678 0.788 0.712 0.500 0.950 0.656 0.038 0.875 0.611 0.213 0.867 0.562 0.725 0.822 0.050 0.144 0.650 0.587 0.742 א
0.759 0.648 0.571 0.537 0.296 0.444 0.704 0.444 0.407 0.741 0.685 0.907 0.476 0.704 0.685 0.519 0.370 0.127 0.241 0.463 0.778 0.870 0.889 0.907 0.796 0.671 0.554 פּ
0.812 0.729 0.536 0.542 0.250 0.354 0.958 0.679 0.854 0.896 0.625 1.000 0.929 0.792 0.479 0.583 0.729 0.214 0.438 0.396 0.771 0.958 0.875 1.000 0.896 0.663 0.526 פּ
0.889 0.708 0.444 0.333 0.167 1.000 1.000 1.000 1.000 0.905 0.286 0.536 0.714 0.821 1.000 0.000 0.000 0.000 0.536 0.714 0.000 0.000 0.111 0.833 0.611 0.776 0.468 י
0.667 0.438 0.000 0.604 0.625 0.500 0.944 0.296 0.426 0.981 0.625 0.375 0.917 0.792 0.146 0.981 0.519 0.167 0.796 0.741 0.917 0.938 0.000 0.062 0.938 0.605 0.507 א
0.769 0.233 0.000 0.767 0.509 0.685 0.867 0.383 0.617 0.852 0.481 0.500 0.908 0.842 0.222 0.898 0.617 0.117 0.625 0.833 0.731 0.725 0.050 0.233 0.611 0.607 0.554 א
0.709 0.215 0.000 0.669 0.470 0.556 0.900 0.471 0.614 0.675 0.667 0.307 0.650 0.857 0.333 0.802 0.757 0.000 0.357 0.690 0.265 0.538 0.554 0.538 0.154 0.656 0.634 אַ
0.732 0.286 0.071 0.786 0.482 0.825 0.873 0.540 0.825 0.968 0.750 0.714 1.000 0.857 0.286 0.952 0.540 0.381 0.921 0.651 0.964 0.821 0.018 0.268 0.696 0.592 0.373 א
0.636 0.636 0.170 0.857 0.662 0.714 1.000 0.823 0.940 0.738 0.964 0.905 0.573 0.893 0.655 0.631 0.786 0.292 0.429 0.583 0.000 0.429 0.943 0.623 0.039 0.704 0.545 אָ
0.786 0.254 0.000 0.746 0.487 0.746 0.900 0.407 0.700 0.730 0.658 0.400 0.738 0.908 0.291 0.841 0.693 0.007 0.436 0.810 0.444 0.831 0.477 0.438 0.248 0.651 0.797 אַ
0.746 0.460 0.238 0.921 0.556 0.957 1.000 0.614 0.986 0.971 0.114 0.443 0.814 0.914 0.457 0.157 0.429 0.871 1.000 0.557 0.714 0.984 0.889 0.889 0.365 0.648 0.530 צ
0.786 0.177 0.000 0.769 0.496 0.726 0.915 0.446 0.685 0.778 0.698 0.400 0.736 0.929 0.452 0.880 0.815 0.046 0.462 0.974 0.513 0.862 0.523 0.638 0.513 0.645 0.371 אַ
0.729 0.614 0.188 0.886 0.600 0.557 0.929 0.788 0.786 0.657 0.957 0.671 0.512 0.957 0.557 0.700 0.629 0.125 0.300 0.529 0.014 0.529 0.975 0.457 0.000 0.680 0.667 אָ
0.643 0.446 0.141 0.911 0.518 0.762 0.952 0.514 0.937 0.921 0.714 0.937 1.000 0.968 0.397 1.000 0.873 0.431 0.905 0.746 0.946 0.893 0.062 0.482 0.696 0.590 0.394 א
0.651 0.681 0.413 0.819 0.762 0.746 1.000 0.921 1.000 1.000 0.730 1.000 1.000 1.000 0.857 0.905 1.000 0.603 0.917 0.889 0.841 0.931 0.127 0.333 0.762 0.598 0.569 א
0.675 0.623 0.468 0.883 0.416 0.688 1.000 1.000 1.000 0.753 0.844 1.000 1.000 1.000 0.701 0.519 0.974 0.364 0.753 0.364 0.052 0.481 0.805 0.766 0.013 0.682 0.764 אַ
0.629 0.571 0.100 0.786 0.586 0.557 0.986 0.688 0.986 0.886 0.883 0.922 0.739 1.000 0.455 0.886 0.929 0.087 0.514 0.771 0.357 0.871 0.675 0.700 0.371 0.660 0.691 אַ
0.656 0.775 0.500 0.200 0.031 0.844 1.000 0.950 1.000 0.625 0.406 0.700 0.900 1.000 1.000 0.000 0.000 0.075 0.575 0.969 0.000 0.000 0.000 0.425 0.625 0.736 0.500 י
0.733 0.517 0.000 0.783 0.683 0.561 0.909 0.652 0.500 0.773 0.955 0.394 0.591 0.909 0.348 0.848 0.667 0.000 0.182 0.727 0.000 0.750 0.783 0.683 0.017 0.694 0.681 אַ
0.750 0.875 0.875 0.750 0.271 0.167 0.393 0.375 0.554 0.562 0.000 0.000 0.000 0.000 0.000 0.000 0.089 0.083 0.107 0.146 0.646 0.964 0.958 0.982 0.896 0.611 0.480 ב
0.771 0.593 0.583 0.574 0.521 0.479 0.648 0.615 0.778 0.594 0.000 0.000 0.000 0.444 0.221 0.000 0.000 0.000 0.444 0.354 0.000 0.000 0.000 0.472 0.344 0.667 0.564 ד
0.917 0.717 0.600 0.483 0.229 0.396 0.550 0.667 0.900 0.479 0.000 0.000 0.000 0.750 0.250 0.000 0.000 0.000 0.800 0.500 0.000 0.000 0.000 0.800 0.812 0.830 0.554 ו
0.646 0.929 0.875 0.643 0.042 0.185 0.333 0.286 0.667 0.296 0.000 0.000 0.000 0.339 0.333 0.074 0.206 0.222 0.444 0.611 0.812 0.964 0.893 0.964 0.792 0.618 0.500 ב
0.796 0.741 0.648 0.574 0.037 0.315 0.519 0.537 0.852 0.315 0.000 0.000 0.000 0.481 0.333 0.019 0.111 0.074 0.574 0.389 0.759 0.926 0.870 1.000 0.722 0.634 0.562 ב
0.875 0.708 0.740 0.719 0.698 0.438 0.521 0.469 0.698 0.625 0.000 0.000 0.000 0.385 0.354 0.000 0.000 0.000 0.396 0.531 0.000 0.000 0.000 0.490 0.594 0.679 0.554 ד
0.905 0.730 0.694 0.444 0.000 0.397 0.540 0.569 0.873 0.270 0.000 0.000 0.000 0.571 0.365 0.111 0.333 0.333 0.730 0.683 0.746 0.968 0.986 0.873 0.556 0.644 0.523 ב
0.667 0.821 0.750 0.679 0.083 0.241 0.397 0.333 0.556 0.407 0.000 0.000 0.000 0.143 0.463 0.056 0.222 0.222 0.381 0.667 0.625 0.964 0.929 0.875 0.792 0.628 0.527 ב
0.812 0.625 0.607 0.393 0.000 0.312 0.518 0.500 0.804 0.354 0.000 0.000 0.000 0.286 0.500 0.021 0.125 0.143 0.518 0.688 0.771 0.982 0.929 0.964 0.917 0.637 0.548 ב
0.889 0.926 0.778 0.593 0.185 0.333 0.556 0.667 0.926 0.481 0.000 0.000 0.000 0.704 0.519 0.000 0.000 0.148 1.000 0.926 0.000 0.000 0.630 0.963 0.741 0.817 0.466 ו
0.818 0.800 0.709 0.600 0.318 0.205 0.436 0.545 0.800 0.682 0.000 0.000 0.000 0.600 0.523 0.000 0.000 0.000 0.600 0.909 0.000 0.000 0.000 0.655 0.932 0.827 0.764 ו
0.938 0.875 0.667 0.625 0.229 0.438 0.646 0.688 0.896 0.583 0.000 0.000 0.000 0.635 0.538 0.000 0.000 0.000 0.688 0.938 0.000 0.000 0.000 0.958 0.958 0.825 0.722 ו
0.781 1.000 0.906 0.719 0.312 0.188 0.562 0.812 1.000 0.469 0.000 0.000 0.062 0.812 0.562 0.000 0.000 0.219 0.938 0.781 0.000 0.000 0.500 1.000 0.781 0.778 0.468 ו
0.906 0.938 0.844 0.625 0.125 0.469 0.781 0.906 1.000 0.469 0.000 0.000 0.219 0.969 0.594 0.000 0.031 0.438 1.000 0.875 0.000 0.219 0.938 1.000 0.844 0.800 0.526 ו
0.800 0.800 0.650 0.725 0.300 0.325 0.525 0.625 0.600 0.875 0.000 0.000 0.000 0.000 0.600 0.000 0.000 0.000 0.000 0.600 0.000 0.000 0.000 0.000 0.600 0.653 0.486 ר
0.937 0.762 0.730 0.524 0.095 0.414 0.700 0.714 0.943 0.429 0.000 0.000 0.000 0.500 0.386 0.143 0.257 0.286 0.629 0.586 0.762 0.952 0.984 1.000 0.841 0.648 0.688 ב
0.836 0.836 0.900 0.873 0.800 0.318 0.333 0.347 0.348 0.348 0.000 0.000 0.000 0.000 0.000 0.258 0.227 0.278 0.242 0.288 0.909 0.927 0.967 0.982 0.909 0.231 0.353 =
0.750 0.729 0.732 0.667 0.125 0.167 0.333 0.317 0.444 0.352 0.000 0.000 0.000 0.062 0.312 0.000 0.056 0.032 0.111 0.463 0.667 0.833 0.893 0.938 0.896 0.645 0.528 ב
0.667 0.889 0.778 0.746 0.206 0.238 0.540 0.611 0.937 0.635 0.000 0.000 0.000 0.586 0.614 0.175 0.333 0.347 0.714 0.825 0.762 0.968 1.000 0.905 0.730 0.619 0.525 ב
0.924 0.727 0.701 0.727 0.667 0.197 0.288 0.273 0.394 0.712 0.000 0.000 0.000 0.222 0.639 0.000 0.000 0.000 0.318 0.742 0.000 0.000 0.000 0.500 0.864 0.740 0.754 ך
0.688 0.875 0.781 0.656 0.312 0.194 0.417 0.639 0.944 0.583 0.000 0.000 0.000 0.417 0.667 0.000 0.000 0.000 0.444 1.000 0.000 0.000 0.000 0.719 0.938 0.795 0.419 ו
0.848 0.662 0.636 0.662 0.621 0.250 0.369 0.333 0.393 0.708 0.000 0.000 0.000 0.234 0.682 0.000 0.000 0.000 0.286 0.778 0.000 0.000 0.000 0.247 0.955 0.736 0.317 ך
0.630 0.926 0.704 0.481 0.222 0.333 0.778 0.889 1.000 0.741 0.000 0.000 0.000 0.833 0.767 0.000 0.000 0.000 0.926 1.000 0.000 0.000 0.407 1.000 0.926 0.821 0.433 ו
0.773 0.909 0.750 0.673 0.545 0.229 0.583 0.625 0.783 0.896 0.000 0.000 0.000 0.333 0.812 0.000 0.000 0.000 0.383 1.000 0.000 0.000 0.000 0.364 1.000 0.833 0.535 ו
0.792 0.646 0.676 0.656 0.281 0.427 0.521 0.500 0.531 0.708 0.000 0.000 0.000 0.000 0.833 0.000 0.000 0.000 0.010 0.865 0.000 0.000 0.000 0.094 0.927 0.670 0.335 ר
0.639 1.000 0.778 0.528 0.278 0.167 0.556 0.833 0.972 0.750 0.000 0.000 0.000 0.611 0.861 0.000 0.000 0.028 0.667 1.000 0.000 0.000 0.083 0.833 0.972 0.805 0.562 ו
0.889 0.651 0.648 0.540 0.222 0.683 0.857 0.733 0.800 0.833 0.000 0.000 0.000 0.200 0.867 0.000 0.000 0.000 0.257 0.983 0.000 0.000 0.000 0.222 0.944 0.682 0.263 ר
0.815 0.889 0.730 0.619 0.259 0.370 0.619 0.603 0.746 0.759 0.000 0.000 0.000 0.157 0.867 0.000 0.000 0.000 0.206 0.963 0.000 0.000 0.000 0.238 0.907 0.655 0.553 ר
0.917 1.000 0.875 0.708 0.375 0.417 0.792 0.917 1.000 0.875 0.000 0.000 0.037 0.778 0.926 0.000 0.000 0.083 1.000 0.917 0.000 0.000 0.208 1.000 0.958 0.797 0.514 ו
0.815 0.861 0.667 0.583 0.222 0.370 0.611 0.667 0.833 0.741 0.000 0.000 0.000 0.389 0.926 0.000 0.000 0.000 0.472 1.000 0.000 0.000 0.185 0.806 0.889 0.841 0.577 ו
0.630 0.833 0.685 0.574 0.222 0.267 0.750 0.783 0.917 1.000 0.000 0.000 0.000 0.093 0.963 0.000 0.000 0.000 0.000 1.000 0.000 0.000 0.000 0.130 0.870 0.651 0.597 ר
0.833 0.969 0.719 0.531 0.292 0.292 0.625 0.812 0.969 0.958 0.000 0.000 0.000 0.562 1.000 0.000 0.000 0.000 0.656 1.000 0.000 0.000 0.375 1.000 1.000 0.825 0.240 ו
0.657 0.929 0.929 0.810 0.257 0.057 0.190 0.238 0.476 0.571 0.000 0.000 0.000 0.146 0.650 0.086 0.071 0.048 0.238 0.686 0.886 0.929 0.905 0.976 0.943 0.625 0.667 ב
0.963 0.889 0.704 0.556 0.407 0.333 0.593 0.926 0.778 0.926 0.000 0.630 0.963 0.222 0.037 0.000 0.630 1.000 0.815 0.037 0.000 0.444 1.000 0.519 0.000 0.817 0.577 ז
0.833 0.875 0.625 0.625 0.375 0.375 0.417 1.000 0.750 0.958 0.000 0.542 1.000 0.417 0.000 0.000 0.417 1.000 1.000 0.000 0.000 0.167 1.000 0.750 0.000 0.812 0.606 ז
0.762 0.857 0.714 0.714 0.524 0.250 0.625 0.917 0.792 0.792 0.000 0.292 0.958 0.167 0.000 0.000 0.417 1.000 0.875 0.042 0.000 0.238 1.000 0.905 0.048 0.779 0.442 ז
0.767 0.900 0.600 0.600 0.433 0.375 0.531 0.609 0.922 0.625 0.000 0.203 0.828 0.719 0.000 0.000 0.344 1.000 0.781 0.000 0.000 0.533 1.000 0.867 0.050 0.865 0.937 ן
0.792 0.958 0.750 0.625 0.583 0.167 0.500 0.833 0.833 0.875 0.000 0.542 1.000 0.208 0.000 0.000 0.375 1.000 0.875 0.042 0.000 0.000 0.542 0.917 0.083 0.812 0.426 ז
0.656 0.844 0.650 0.531 0.281 0.219 0.531 0.850 0.875 0.938 0.000 0.438 0.825 0.219 0.094 0.000 0.188 0.950 0.812 0.094 0.000 0.000 0.550 0.781 0.125 0.788 0.430 ז
0.906 0.938 0.750 0.594 0.406 0.312 0.656 0.969 1.000 1.000 0.000 0.625 1.000 0.500 0.062 0.031 0.500 0.969 0.875 0.125 0.000 0.250 1.000 0.875 0.125 0.800 0.404 ז
0.806 0.978 0.806 0.756 0.583 0.167 0.556 0.944 0.822 0.833 0.000 0.533 1.000 0.622 0.083 0.000 0.467 1.000 1.000 0.278 0.000 0.378 1.000 0.800 0.139 0.780 0.586 ז
0.667 0.944 0.800 0.639 0.444 0.444 0.861 0.978 0.861 0.889 0.000 0.694 1.000 0.500 0.000 0.000 0.361 0.933 0.972 0.333 0.000 0.111 0.889 0.861 0.222 0.793 0.418 ז
0.833 0.896 0.708 0.604 0.472 0.250 0.417 0.792 0.875 0.528 0.000 0.375 0.979 0.729 0.028 0.000 0.250 0.938 0.917 0.278 0.000 0.208 0.896 0.896 0.222 0.875 0.700 ן
0.848 0.909 0.636 0.515 0.364 0.273 0.394 0.848 0.909 0.424 0.000 0.091 1.000 0.727 0.000 0.000 0.152 1.000 1.000 0.121 0.000 0.455 1.000 1.000 0.242 0.864 0.797 ן
0.879 0.864 0.682 0.591 0.455 0.152 0.318 0.818 0.750 0.364 0.000 0.136 0.886 0.636 0.000 0.000 0.182 0.932 0.886 0.182 0.000 0.295 0.955 0.955 0.364 0.873 0.797 ן
0.818 0.932 0.795 0.659 0.477 0.292 0.479 0.875 0.958 0.625 0.000 0.396 0.979 0.854 0.125 0.000 0.333 1.000 1.000 0.396 0.000 0.523 1.000 1.000 0.477 0.852 0.545 ן
0.688 0.983 0.800 0.700 0.458 0.058 0.462 1.000 0.769 0.173 0.000 0.077 0.877 0.631 0.000 0.000 0.046 0.846 0.862 0.096 0.000 0.183 0.533 0.717 0.479 0.839 0.819 ן
0.767 0.600 0.629 0.671 0.667 0.000 0.000 0.000 0.414 0.117 0.000 0.000 0.400 0.471 0.000 0.000 0.114 0.914 0.300 0.000 0.000 0.329 1.000 0.314 0.000 0.710 0.735 7
0.844 0.969 0.725 0.531 0.250 0.312 0.500 0.850 0.875 0.844 0.000 0.375 0.825 0.094 0.000 0.000 0.312 1.000 0.594 0.000 0.000 0.156 0.925 0.469 0.000 0.788 0.526 ז
0.806 0.944 0.733 0.611 0.444 0.306 0.583 0.956 0.944 0.972 0.000 0.325 0.980 0.450 0.100 0.000 0.306 0.978 0.972 0.361 0.000 0.167 0.911 0.861 0.222 0.798 0.519 ז
0.788 0.932 0.750 0.591 0.455 0.121 0.250 0.727 0.864 0.424 0.000 0.000 0.750 0.727 0.061 0.000 0.023 0.773 0.909 0.212 0.000 0.045 0.795 0.977 0.485 0.873 0.567 ן
0.875 0.875 0.640 0.525 0.200 0.341 0.500 0.909 0.773 0.250 0.000 0.227 0.982 0.273 0.000 0.000 0.250 1.000 0.523 0.000 0.025 0.475 0.980 0.800 0.525 0.827 0.681 ן
0.697 1.000 0.879 0.697 0.455 0.111 0.278 0.917 0.917 0.333 0.000 0.030 1.000 0.697 0.000 0.000 0.028 1.000 1.000 0.222 0.000 0.303 0.970 1.000 0.545 0.858 0.707 ן
0.750 0.955 0.764 0.591 0.409 0.159 0.364 0.818 0.864 0.432 0.000 0.227 0.982 0.750 0.136 0.000 0.114 0.891 1.000 0.455 0.000 0.091 0.836 0.977 0.568 0.845 0.786 ן
0.697 0.909 0.614 0.591 0.545 0.028 0.208 0.646 0.729 0.361 0.000 0.000 0.568 0.705 0.030 0.000 0.000 0.500 1.000 0.583 0.000 0.000 0.523 1.000 0.697 0.868 0.570 ן
0.904 0.985 0.885 0.769 0.500 0.077 0.738 1.000 0.754 0.115 0.000 0.215 1.000 0.754 0.019 0.000 0.308 1.000 0.985 0.231 0.000 0.169 0.385 0.554 0.769 0.852 0.847 ן
0.667 0.933 0.771 0.633 0.583 0.125 0.550 0.958 1.000 0.667 0.000 0.277 0.981 1.000 0.385 0.000 0.600 1.000 1.000 0.500 0.000 0.167 0.833 0.867 0.771 0.842 0.792 ן
0.889 0.972 0.778 0.556 0.306 0.528 0.833 0.956 1.000 0.722 0.000 0.000 0.222 0.972 0.667 0.000 0.000 0.267 1.000 0.861 0.000 0.000 0.467 1.000 0.806 0.793 0.586 ו
0.879 0.909 0.788 0.636 0.515 0.182 0.364 0.697 0.909 0.576 0.000 0.000 0.639 0.729 0.028 0.000 0.000 0.364 1.000 0.636 0.000 0.000 0.364 1.000 0.818 0.875 0.553 ן
0.688 0.850 0.594 0.350 0.031 0.531 0.850 1.000 1.000 0.250 0.000 0.000 0.500 0.925 0.250 0.000 0.000 0.719 0.950 0.438 0.000 0.000 0.625 1.000 0.844 0.775 0.541 ו
0.688 0.906 0.625 0.469 0.219 0.438 0.781 0.875 1.000 0.750 0.000 0.062 0.688 0.656 0.000 0.000 0.281 1.000 0.875 0.281 0.000 0.312 0.750 1.000 0.969 0.800 0.465 ז
0.917 0.972 0.778 0.528 0.139 0.625 0.925 1.000 1.000 0.375 0.000 0.083 0.756 1.000 0.389 0.000 0.000 0.440 1.000 0.975 0.000 0.028 0.733 1.000 0.972 0.802 0.544 ו
0.970 0.955 0.886 0.773 0.667 0.278 0.417 0.854 0.938 0.500 0.000 0.068 0.818 0.932 0.242 0.000 0.312 0.917 1.000 0.667 0.000 0.045 0.636 1.000 1.000 0.868 0.535 ן
0.667 0.939 0.879 0.667 0.576 0.083 0.333 0.722 0.972 0.556 0.000 0.000 0.879 0.970 0.061 0.000 0.000 0.722 1.000 0.639 0.000 0.000 0.636 0.970 1.000 0.858 0.535 ן
0.796 0.762 0.587 0.683 0.463 0.741 0.635 0.540 0.587 0.889 0.704 0.016 0.000 0.000 0.667 0.852 0.556 0.238 0.286 0.759 0.833 0.937 0.873 0.825 0.463 0.646 0.603 ס
0.636 0.636 0.625 0.576 0.227 0.469 0.519 0.479 0.500 0.823 0.542 0.019 0.000 0.000 0.406 0.750 0.111 0.135 0.083 0.396 0.943 0.990 1.000 0.980 0.557 0.648 0.535 ס
0.833 0.625 0.573 0.510 0.229 0.646 0.802 0.708 0.740 0.865 0.729 0.031 0.000 0.000 0.656 0.865 0.052 0.042 0.052 0.594 0.885 0.969 0.958 0.948 0.562 0.643 0.709 ס
0.778 0.667 0.648 0.611 0.315 0.852 0.778 0.593 0.722 0.870 0.950 0.083 0.000 0.000 0.833 0.889 0.481 0.370 0.352 0.889 0.870 0.981 1.000 0.796 0.370 0.643 0.424 ס
0.857 0.821 0.797 0.732 0.625 0.349 0.540 0.556 0.571 0.730 0.500 0.089 0.000 0.000 0.464 0.825 0.063 0.000 0.000 0.619 0.893 0.089 0.000 0.089 0.768 0.579 0.500 ה
0.651 0.508 0.587 0.556 0.524 0.508 0.587 0.635 0.635 0.873 0.529 0.100 0.000 0.000 0.529 0.857 0.190 0.000 0.000 0.698 0.810 0.127 0.000 0.000 0.683 0.631 0.452 ה
0.873 0.857 0.698 0.683 0.302 0.857 0.800 0.757 0.757 0.957 0.957 0.157 0.000 0.000 0.843 0.843 0.729 0.514 0.486 0.900 0.873 1.000 1.000 0.921 0.429 0.648 0.647 ס
0.828 0.578 0.750 0.922 0.391 0.667 0.792 0.472 0.708 0.861 0.281 0.031 0.000 0.016 0.656 0.722 0.222 0.319 0.403 0.736 0.703 0.562 1.000 1.000 0.641 0.526 0.507 מ
0.786 0.657 0.600 0.629 0.329 0.600 0.471 0.600 0.686 0.957 0.558 0.000 0.000 0.039 0.455 0.614 0.071 0.043 0.057 0.486 0.743 0.971 0.929 0.900 0.457 0.628 0.758 ס
0.937 0.736 0.698 0.694 0.524 0.444 0.514 0.603 0.597 0.762 0.614 0.213 0.000 0.100 0.657 0.857 0.194 0.000 0.167 0.841 0.825 0.125 0.000 0.236 0.873 0.607 0.447 ה
0.848 0.662 0.652 0.662 0.424 0.194 0.250 0.264 0.250 0.569 0.682 0.065 0.000 0.117 0.561 0.792 0.202 0.361 0.357 0.139 0.788 0.299 0.000 0.000 0.000 0.736 0.570 ק
0.688 0.203 0.750 0.203 0.625 0.542 0.375 0.903 0.667 0.917 0.188 0.000 0.281 0.172 0.312 0.403 0.403 0.194 0.472 0.000 0.359 0.953 1.000 0.266 0.000 0.475 0.535 ש
0.685 0.984 0.984 0.984 0.722 0.019 0.095 0.079 0.095 0.685 0.519 0.000 0.000 0.190 0.685 0.722 0.222 0.619 0.524 0.148 0.741 0.381 0.016 0.000 0.000 0.678 0.584 ק
0.828 0.188 0.812 0.188 0.734 0.736 0.514 0.778 0.556 0.889 0.406 0.016 0.047 0.109 0.188 0.514 0.403 0.306 0.278 0.000 0.406 0.984 0.969 0.297 0.000 0.475 0.528 ש
0.667 0.667 0.597 0.611 0.603 0.381 0.694 0.556 0.556 0.730 0.460 0.153 0.000 0.000 0.270 0.603 0.250 0.000 0.000 0.635 0.794 0.153 0.000 0.000 0.841 0.585 0.554 ח
0.900 0.657 0.583 0.571 0.283 0.333 0.386 0.400 0.400 0.700 0.583 0.000 0.000 0.029 0.583 0.850 0.143 0.567 0.600 0.283 0.867 0.314 0.083 0.000 0.000 0.720 0.685 ק
0.924 0.844 0.805 0.831 0.500 0.152 0.234 0.156 0.208 0.742 0.742 0.013 0.026 0.260 0.742 0.864 0.247 0.597 0.403 0.136 0.985 0.312 0.000 0.000 0.000 0.716 0.739 ק
0.803 0.697 0.682 0.652 0.364 0.236 0.361 0.403 0.375 0.806 0.750 0.014 0.014 0.264 0.750 0.833 0.222 0.597 0.458 0.125 0.848 0.409 0.000 0.000 0.000 0.722 0.557 ק
0.725 0.696 0.667 0.637 0.258 0.312 0.236 0.208 0.208 0.695 0.633 0.000 0.090 0.264 0.617 0.820 0.347 0.521 0.354 0.039 0.867 0.230 0.000 0.000 0.000 0.736 0.733 ק
0.905 0.651 0.667 0.667 0.397 0.657 0.814 0.729 0.814 0.729 0.571 0.229 0.000 0.286 0.529 0.886 0.300 0.000 0.257 0.857 0.952 0.302 0.000 0.397 0.825 0.602 0.518 ה
0.764 0.333 0.778 0.264 0.639 0.722 0.861 0.944 0.917 0.972 0.486 0.194 0.597 0.361 0.403 0.569 0.611 0.708 0.597 0.028 0.375 0.917 0.931 0.264 0.000 0.488 0.580 ש
0.833 0.444 0.806 0.361 0.764 0.750 0.528 0.861 0.667 0.889 0.389 0.028 0.319 0.389 0.333 0.528 0.611 0.514 0.514 0.014 0.542 1.000 0.972 0.236 0.000 0.439 0.480 ש
0.806 0.237 0.639 0.237 0.681 0.778 0.575 0.958 0.700 0.931 0.528 0.138 0.472 0.438 0.389 0.222 0.475 0.806 0.600 0.014 0.361 0.988 1.000 0.300 0.000 0.465 0.571 ש
0.766 0.188 0.750 0.172 0.625 0.833 0.625 0.903 0.625 0.958 0.438 0.094 0.594 0.469 0.375 0.625 0.583 0.875 0.583 0.000 0.578 1.000 1.000 0.297 0.000 0.475 0.576 ש
0.750 0.250 0.734 0.219 0.672 0.861 0.792 0.958 0.764 0.986 0.500 0.156 0.625 0.531 0.438 0.542 0.569 0.653 0.528 0.000 0.594 0.297 0.016 0.000 0.000 0.475 0.559 ש
0.795 0.659 0.682 0.466 0.080 0.250 0.333 0.302 0.656 0.354 0.500 0.011 0.068 0.568 0.159 0.604 0.250 0.531 0.229 0.000 0.864 0.125 0.000 0.000 0.000 0.660 0.530 ק
0.766 0.297 0.859 0.094 0.672 0.781 0.891 0.984 0.953 1.000 0.609 0.219 0.766 0.750 0.625 0.547 0.656 0.578 0.609 0.016 0.484 0.984 1.000 0.328 0.000 0.500 0.392 ש
0.917 0.958 0.625 0.458 0.083 0.417 0.667 0.833 1.000 0.375 0.042 0.000 0.000 1.000 0.583 0.000 0.000 0.000 1.000 0.833 0.000 0.000 0.625 1.000 0.625 0.812 0.556 ו
0.756 0.756 0.622 0.622 0.467 0.467 0.667 0.444 0.533 0.956 0.756 0.911 0.489 0.000 0.622 0.222 0.400 0.178 0.089 0.667 0.778 0.867 0.933 0.956 0.533 0.695 0.569 פ
0.700 0.800 0.859 0.825 0.283 0.539 0.219 0.083 0.125 0.469 0.600 0.792 0.689 0.033 0.592 0.367 0.078 0.007 0.008 0.781 0.000 0.000 0.007 0.033 0.908 0.747 0.830 ף
0.766 0.264 0.750 0.167 0.766 0.766 0.972 0.953 0.889 0.609 0.625 0.250 0.312 0.222 0.125 0.141 0.264 0.312 0.694 0.141 0.484 1.000 0.984 0.542 0.000 0.525 0.580 ש
0.636 0.792 0.693 0.649 0.338 0.298 0.429 0.438 0.512 0.869 0.619 0.274 0.062 0.333 0.762 0.786 0.524 0.635 0.476 0.167 0.792 0.558 0.000 0.000 0.000 0.704 0.740 ק
0.806 0.236 0.764 0.139 0.583 0.944 0.792 0.958 0.764 0.986 0.833 0.306 0.514 0.431 0.528 0.778 0.708 0.722 0.611 0.028 0.597 0.986 1.000 0.319 0.000 0.512 0.672 ש
0.843 0.875 0.814 0.788 0.486 0.818 0.602 0.442 0.727 0.870 0.914 0.525 0.129 0.500 0.871 0.740 1.000 1.000 0.989 0.636 0.386 0.688 0.843 0.475 0.000 0.656 0.667 ס
0.722 0.630 0.667 0.679 0.486 0.637 0.989 0.913 0.967 0.837 0.625 0.654 0.056 0.568 0.514 0.825 0.422 0.000 0.511 0.625 0.847 0.321 0.000 0.543 0.611 0.558 0.597 ה
0.790 0.457 0.728 0.346 0.716 0.833 0.900 0.978 0.956 0.944 0.519 0.259 0.568 0.654 0.469 0.578 0.822 0.811 0.700 0.011 0.457 0.765 0.914 0.395 0.000 0.523 0.524 ש
0.796 0.759 0.635 0.556 0.370 0.407 0.796 0.556 0.574 0.852 0.537 0.907 0.460 0.704 0.667 0.648 0.556 0.254 0.389 0.556 0.704 0.926 0.937 0.889 0.815 0.671 0.204 פּ
0.889 0.619 0.574 0.508 0.222 0.426 0.825 0.593 0.698 0.778 0.600 0.886 0.583 0.743 0.800 0.593 0.667 0.315 0.476 0.741 0.796 1.000 1.000 1.000 0.796 0.667 0.583 פּ
0.688 0.679 0.589 0.607 0.312 0.125 0.750 0.500 0.536 0.854 0.438 0.911 0.536 0.750 0.875 0.333 0.518 0.179 0.250 0.688 0.333 0.946 1.000 1.000 0.812 0.637 0.404 פּ
0.792 0.667 0.646 0.625 0.312 0.519 0.704 0.444 0.519 0.722 0.778 0.944 0.500 0.833 0.333 0.519 0.407 0.241 0.389 0.278 0.771 0.917 0.979 0.979 0.812 0.667 0.520 פּ
0.722 0.815 0.685 0.759 0.593 0.517 0.817 0.367 0.517 0.967 0.574 0.889 0.537 0.000 0.704 0.267 0.450 0.417 0.433 0.800 0.630 0.741 0.722 0.815 0.611 0.698 0.606 פ
0.750 0.667 0.643 0.625 0.250 0.241 0.574 0.317 0.463 0.611 0.574 0.759 0.349 0.630 0.537 0.426 0.333 0.111 0.241 0.537 0.542 0.854 0.786 0.896 0.854 0.654 0.527 פּ
0.694 0.361 0.722 0.333 0.597 0.861 0.986 1.000 0.986 1.000 0.625 0.403 0.708 0.847 0.597 0.611 0.625 0.750 0.625 0.014 0.583 0.986 0.986 0.319 0.000 0.512 0.532 ש
0.833 0.917 0.911 0.812 0.375 0.426 0.537 0.238 0.296 0.648 0.796 0.926 0.381 0.852 0.667 0.556 0.407 0.238 0.389 0.611 0.771 0.896 0.929 0.979 0.771 0.654 0.513 פּ
0.943 1.000 0.886 0.886 0.429 0.057 0.171 0.114 0.229 0.743 0.714 0.857 0.343 0.886 0.629 0.171 0.086 0.000 0.229 0.514 0.600 0.800 1.000 0.943 0.829 0.643 0.455 פּ
0.790 0.556 0.802 0.407 0.753 0.864 0.852 0.988 0.988 1.000 0.617 0.309 0.963 0.889 0.506 0.728 0.889 0.975 0.802 0.025 0.580 0.963 0.975 0.333 0.000 0.500 0.547 ש
0.722 0.762 0.683 0.667 0.259 0.352 0.857 0.508 0.556 0.704 0.537 1.000 0.667 0.905 0.833 0.537 0.762 0.381 0.381 0.704 0.574 0.937 0.921 0.937 0.685 0.646 0.732 פּ
0.688 0.875 0.625 0.300 0.031 0.833 1.000 0.956 1.000 0.861 0.281 0.525 0.825 0.925 1.000 0.000 0.000 0.000 0.400 1.000 0.000 0.000 0.000 0.500 0.750 0.750 0.376 י
1.000 0.700 0.750 1.000 0.875 1.000 1.000 1.000 1.000 1.000 1.000 1.000 1.000 0.933 1.000 1.000 1.000 1.000 0.933 1.000 1.000 1.000 1.000 0.900 0.875 0.250 0.120 ־
0.667 0.867 0.933 0.867 0.667 0.833 1.000 1.000 1.000 1.000 1.000 1.000 1.000 1.000 1.000 1.000 1.000 1.000 1.000 1.000 0.583 0.933 0.867 1.000 1.000 0.289 0.066 ־
0.667 1.000 1.000 0.889 0.333 1.000 1.000 1.000 1.000 0.778 1.000 1.000 0.778 1.000 1.000 1.000 1.000 0.889 1.000 0.889 0.778 1.000 1.000 0.889 0.444 0.500 0.159 .
0.636 0.727 0.875 0.636 0.727 0.955 1.000 1.000 0.955 1.000 1.000 1.000 1.000 1.000 1.000 1.000 0.955 1.000 0.955 0.955 0.682 0.636 0.500 0.500 0.455 0.067 0.069 —
0.833 0.667 0.583 0.250 0.417 1.000 1.000 1.000 0.917 1.000 0.917 1.000 1.000 1.000 1.000 0.917 1.000 0.917 1.000 1.000 0.833 0.750 0.417 0.583 0.583 0.275 0.159 ־
0.722 0.944 0.958 0.722 0.278 0.952 1.000 1.000 1.000 0.952 0.095 0.333 0.714 1.000 1.000 0.000 0.000 0.536 1.000 0.952 0.000 0.000 0.750 1.000 0.667 0.793 0.518 י
