0.333 0.833 0.810 0.611 0.056 0.611 0.722 0.667 0.833 0.667 0.556 0.667 0.667 0.667 0.556 0.722 0.667 0.476 0.333 0.056 0.778 0.389 0.000 0.000 0.000 0.204 0.478 ሙ
0.138 0.500 0.664 0.658 0.000 0.725 0.725 0.702 0.737 0.509 0.737 0.713 0.719 0.772 0.713 0.731 0.684 0.503 0.556 0.099 0.875 0.467 0.000 0.000 0.013 0.205 0.574 ሙ
0.278 0.722 0.833 0.722 0.056 0.667 0.611 0.500 0.722 0.611 0.667 0.556 0.500 0.667 0.722 0.667 0.667 0.611 0.389 0.167 0.889 0.444 0.167 0.000 0.000 0.212 0.550 ሙ
0.089 0.142 0.505 0.263 0.853 0.658 0.363 0.905 0.237 0.926 0.847 0.368 0.995 0.612 0.952 0.853 0.626 0.684 0.247 0.305 0.653 0.895 0.337 0.000 0.005 0.258 0.595 ሠ
0.217 0.821 0.456 0.816 0.600 0.683 0.768 0.406 0.784 0.806 0.833 0.695 0.306 0.795 0.839 0.867 0.716 0.122 0.784 0.867 0.656 0.805 0.033 0.111 0.206 0.261 0.590 መ
0.133 0.533 0.800 0.933 0.733 0.667 0.667 0.867 0.667 0.600 0.800 0.533 0.667 0.600 0.667 0.800 0.600 0.533 0.800 0.533 0.800 0.600 0.200 0.333 0.133 0.262 0.550 መ
0.341 0.133 0.615 0.092 0.780 0.846 0.286 0.989 0.214 0.934 0.934 0.449 1.000 0.673 0.923 0.901 0.765 0.549 0.490 0.462 0.648 0.806 0.110 0.000 0.000 0.278 0.515 ሠ
0.396 0.738 0.671 0.802 0.817 0.877 0.674 0.481 0.751 0.873 0.908 0.802 0.321 0.865 0.779 0.512 0.641 0.015 0.165 0.204 0.854 0.067 0.000 0.000 0.000 0.296 0.604 ም
0.050 0.400 0.676 0.744 0.162 0.608 0.795 0.706 0.733 0.460 0.781 0.681 0.676 0.663 0.556 0.858 0.688 0.615 0.801 0.381 0.688 0.656 0.547 0.450 0.100 0.312 0.578 ወ
0.385 0.701 0.615 0.722 0.781 0.863 0.676 0.549 0.691 0.887 0.914 0.824 0.257 0.872 0.642 0.181 0.314 0.029 0.647 0.284 0.000 0.000 0.000 0.791 0.139 0.312 0.570 ማ
0.100 0.493 0.733 0.840 0.673 0.720 0.580 1.000 0.500 0.927 0.933 0.447 1.000 0.460 0.913 1.000 0.487 0.967 0.473 0.800 0.827 0.667 0.653 0.413 0.193 0.352 0.581 ወ
0.051 0.444 0.650 0.563 0.906 0.607 0.730 0.863 0.341 0.966 0.821 0.627 0.752 0.389 0.829 0.932 0.595 0.675 0.587 0.504 0.897 0.714 0.615 0.357 0.128 0.357 0.600 ወ
0.218 0.552 0.795 0.848 0.824 0.706 0.633 0.974 0.561 0.978 0.911 0.539 1.000 0.500 0.889 0.989 0.667 0.964 0.583 0.811 0.600 0.558 0.528 0.442 0.327 0.375 0.562 ወ
0.542 0.203 0.958 0.068 0.000 0.797 0.646 1.000 0.000 0.000 0.693 0.682 0.885 0.000 0.010 0.781 0.667 0.901 0.036 0.266 0.740 0.297 0.568 0.526 0.745 0.375 0.380 ዚ
0.693 0.214 0.789 0.255 0.151 0.971 0.183 0.878 0.668 0.870 0.964 0.208 0.956 0.177 0.245 0.957 0.365 0.941 0.024 0.000 0.891 0.719 0.667 0.000 0.000 0.377 0.604 ሁ
0.000 0.250 0.550 0.375 0.825 0.325 0.943 0.900 0.364 1.000 0.878 0.778 0.778 0.414 0.911 0.112 0.034 0.000 0.682 0.675 0.000 0.000 0.013 0.909 0.438 0.385 0.544 ግ
0.030 0.467 0.358 0.879 0.394 0.667 0.933 0.042 0.406 0.127 0.885 0.691 0.018 0.000 0.000 0.800 0.570 0.000 0.085 0.364 0.648 0.752 0.230 0.703 0.842 0.387 0.598 ር
0.091 0.656 0.656 0.929 0.221 0.524 0.881 0.202 0.571 0.095 0.844 0.526 0.000 0.000 0.000 0.964 0.429 0.000 0.161 0.405 0.792 0.526 0.273 0.766 0.766 0.402 0.596 ር
0.345 0.772 0.428 0.856 0.012 0.738 0.539 0.317 0.911 0.000 0.875 0.367 0.517 0.728 0.000 0.952 0.311 0.756 0.594 0.351 0.690 0.228 0.761 0.678 0.887 0.406 0.583 ቤ
0.417 0.750 0.917 0.833 0.833 0.875 0.438 0.812 0.500 1.000 1.000 0.500 0.917 0.417 0.917 1.000 0.562 0.750 0.375 0.688 0.833 0.667 0.583 0.417 0.167 0.406 0.565 ወ
0.035 0.448 0.409 0.851 0.021 0.494 0.679 0.137 0.423 0.000 0.859 0.387 0.000 0.000 0.000 0.955 0.357 0.000 0.155 0.359 0.762 0.597 0.221 0.565 0.811 0.422 0.581 ር
0.012 0.739 0.600 0.011 0.000 0.324 0.749 0.764 0.446 0.000 0.907 0.410 0.672 0.564 0.000 0.945 0.349 0.785 0.564 0.440 0.958 0.356 0.717 0.500 0.685 0.428 0.567 ሲ
0.076 0.568 0.833 0.424 0.909 0.812 0.618 1.000 0.417 0.972 0.424 0.306 0.354 0.403 0.826 0.000 0.000 0.028 0.639 0.632 0.000 0.000 0.000 0.712 0.447 0.450 0.581 ግ
0.030 0.568 0.288 0.750 0.674 0.386 0.864 0.038 0.485 0.394 0.764 0.521 0.000 0.000 0.000 0.947 0.356 0.000 0.136 0.432 0.848 0.515 0.121 0.455 0.750 0.464 0.559 ር
0.773 0.932 0.227 0.000 0.000 0.538 0.606 0.955 0.553 0.053 0.000 0.424 0.879 0.659 0.758 0.000 0.674 0.614 0.341 0.970 0.000 0.727 0.530 0.311 0.970 0.491 0.591 እ
1.000 1.000 0.667 1.000 1.000 1.000 1.000 0.556 0.778 1.000 0.333 0.333 0.111 0.333 0.667 0.333 0.667 0.444 0.889 1.000 0.500 1.000 0.667 0.667 0.750 0.500 0.450 ።
0.750 1.000 0.500 0.833 1.000 0.833 1.000 0.556 0.778 0.833 0.167 0.333 0.111 0.333 0.500 0.333 0.667 0.333 0.667 1.000 0.500 1.000 0.667 0.667 1.000 0.500 0.409 ።
0.463 0.689 0.076 0.667 0.876 0.612 1.000 0.682 0.992 0.736 0.595 1.000 0.621 1.000 0.702 0.612 1.000 0.568 1.000 0.636 0.826 0.955 0.235 0.947 0.636 0.509 0.598 ዘ
0.008 0.678 0.934 0.331 0.025 0.076 0.917 0.962 0.962 0.402 0.405 1.000 0.405 0.851 0.942 0.803 0.962 0.144 0.955 0.864 0.851 0.802 0.223 0.876 0.620 0.519 0.558 ለ
0.545 0.853 0.141 0.000 0.000 0.518 0.833 0.821 0.196 0.000 0.000 0.397 0.987 0.635 0.314 0.065 0.905 0.619 0.756 0.810 0.109 0.769 0.327 0.647 0.641 0.524 0.399 እ
0.000 0.367 0.469 0.571 0.143 0.232 0.946 1.000 1.000 0.411 0.184 0.878 1.000 0.878 0.327 0.179 0.911 1.000 1.000 0.268 0.327 0.918 0.898 0.735 0.020 0.530 0.347 ፡
0.536 0.752 0.009 0.736 0.964 0.700 0.942 0.327 0.942 0.873 0.633 0.985 0.367 1.000 0.775 0.764 0.926 0.200 1.000 0.682 0.782 0.835 0.136 0.884 0.509 0.538 0.584 ዘ
0.240 0.733 0.960 0.900 0.200 0.840 1.000 1.000 0.833 0.120 0.200 0.400 0.640 0.333 0.000 0.000 0.467 1.000 1.000 0.880 0.000 0.767 1.000 0.867 0.360 0.540 0.291 ፡
0.500 0.583 0.012 0.764 0.861 0.778 0.944 0.457 0.958 0.875 0.625 1.000 0.481 1.000 0.792 0.722 1.000 0.321 1.000 0.750 0.667 0.903 0.160 0.750 0.625 0.549 0.603 ዘ
0.500 0.333 0.167 0.833 1.000 1.000 0.833 0.667 1.000 0.500 0.500 0.333 0.000 0.167 0.250 0.750 0.667 0.333 1.000 1.000 1.000 1.000 0.500 0.833 0.750 0.550 0.435 ።
0.383 0.767 0.458 0.900 0.767 0.867 0.975 0.042 0.800 1.000 0.950 0.967 0.058 0.975 0.867 0.867 1.000 0.342 1.000 0.675 0.800 0.975 0.333 0.858 0.558 0.554 0.589 በ
0.133 0.306 0.500 0.472 0.467 0.933 1.000 1.000 0.778 0.000 0.600 0.738 0.762 0.357 0.000 0.633 0.944 0.944 0.583 0.000 0.667 0.972 0.639 0.250 0.000 0.556 0.293 ፡
0.591 0.773 0.209 0.800 0.927 0.618 0.609 0.073 0.955 0.882 0.000 0.000 0.367 1.000 0.542 0.000 0.000 0.700 1.000 0.218 0.000 0.000 0.718 0.973 0.109 0.558 0.584 ገ
0.177 0.730 0.674 0.591 0.041 0.650 0.687 0.665 0.722 0.755 0.695 0.670 0.670 0.674 0.436 0.705 0.648 0.687 0.700 0.000 0.705 0.591 0.139 0.174 0.000 0.211 0.613 ው
0.000 0.143 0.185 0.543 0.765 0.000 0.775 0.414 0.771 0.850 0.280 0.995 0.695 0.452 0.515 0.714 0.515 0.655 0.069 0.000 0.750 0.000 0.000 0.000 0.000 0.245 0.649 ሥ
0.174 0.611 0.650 0.337 0.000 0.626 0.837 0.755 0.526 0.179 0.837 0.679 0.668 0.813 0.847 0.832 0.700 0.620 0.553 0.379 0.695 0.705 0.680 0.332 0.000 0.255 0.635 ው
0.107 0.540 0.753 0.753 0.813 0.533 0.767 0.987 0.520 1.000 0.873 0.440 1.000 0.420 0.960 0.973 0.387 1.000 0.467 0.887 0.520 0.560 0.893 0.613 0.553 0.333 0.610 ወ
0.068 0.385 0.682 0.625 0.409 0.625 0.781 0.875 0.479 0.773 0.784 0.656 0.841 0.438 0.807 0.875 0.604 0.773 0.552 0.670 0.636 0.583 0.580 0.333 0.250 0.340 0.621 ወ
0.100 0.527 0.793 0.713 0.820 0.633 0.833 1.000 0.513 0.960 0.853 0.613 1.000 0.427 0.960 0.993 0.567 1.000 0.553 0.907 0.733 0.807 0.847 0.613 0.487 0.352 0.649 ወ
0.000 0.064 0.767 0.561 0.881 0.477 0.599 0.966 0.219 0.989 0.812 0.401 0.983 0.294 0.926 0.000 0.155 1.000 0.401 0.818 0.000 0.102 0.949 0.380 0.761 0.353 0.618 ብ
0.014 0.307 0.671 0.520 0.793 0.552 0.539 0.929 0.400 0.961 0.844 0.406 0.994 0.412 0.968 0.935 0.358 0.994 0.461 0.838 0.664 0.547 0.764 0.520 0.507 0.360 0.613 ወ
0.565 0.759 0.861 0.000 0.000 0.650 0.925 0.717 0.017 0.000 0.508 0.858 0.142 0.000 0.000 0.517 0.808 0.575 0.558 0.617 0.491 0.083 0.611 0.639 0.611 0.367 0.647 ዴ
0.357 0.679 0.850 0.700 0.721 0.740 0.545 0.948 0.305 0.942 0.903 0.331 0.987 0.305 0.981 0.922 0.481 0.948 0.357 0.831 0.536 0.793 0.921 0.586 0.557 0.371 0.620 ወ
0.009 0.343 0.787 0.685 0.907 0.546 0.639 0.963 0.565 0.981 0.843 0.426 0.991 0.444 0.944 0.954 0.500 1.000 0.472 0.926 0.685 0.787 0.833 0.694 0.546 0.375 0.608 ወ
0.300 0.654 0.900 0.446 0.854 0.815 0.669 0.936 0.292 1.000 0.937 0.517 0.948 0.350 0.958 0.954 0.523 0.907 0.408 0.892 0.738 0.792 0.857 0.708 0.708 0.379 0.610 ወ
0.242 0.550 0.858 0.367 0.917 0.817 0.617 1.000 0.350 1.000 0.958 0.533 1.000 0.317 1.000 1.000 0.525 0.983 0.383 0.933 0.850 0.583 0.767 0.467 0.475 0.383 0.613 ወ
0.000 0.000 0.583 0.689 0.000 0.000 0.133 0.839 0.250 0.000 0.133 0.833 0.380 0.000 0.000 0.767 0.517 0.000 0.178 0.628 0.767 0.400 0.286 0.639 0.761 0.389 0.629 ረ
0.000 0.327 0.708 0.152 0.013 0.042 0.783 0.732 0.867 0.327 0.610 0.982 0.513 0.558 0.760 0.929 0.833 0.964 0.400 0.964 0.656 0.418 0.513 0.376 0.903 0.390 0.639 ል
0.019 0.430 0.758 0.533 0.909 0.512 0.883 1.000 0.617 0.929 0.690 0.683 0.761 0.661 0.762 0.000 0.000 0.000 0.800 0.494 0.000 0.000 0.042 0.970 0.292 0.391 0.607 ግ
0.250 0.500 0.833 0.750 0.833 0.688 0.438 0.750 0.562 1.000 0.917 0.417 0.917 0.500 1.000 1.000 0.500 1.000 0.625 0.875 0.917 0.833 0.750 0.583 0.417 0.406 0.619 ወ
0.026 0.163 0.346 0.221 0.159 0.559 0.986 0.995 0.957 0.579 0.877 0.913 0.971 0.827 0.667 0.918 0.841 0.918 0.731 0.656 0.631 0.812 0.755 0.601 0.292 0.412 0.649 ወ
0.000 0.869 0.524 0.000 0.000 0.203 0.995 0.863 0.445 0.000 0.577 0.791 0.538 0.769 0.000 0.857 0.478 0.698 0.725 0.286 0.857 0.292 0.821 0.744 0.815 0.421 0.621 ኤ
0.689 0.144 0.739 0.239 0.000 0.833 0.478 0.944 0.156 0.000 0.900 0.428 0.967 0.039 0.000 0.939 0.411 0.883 0.061 0.244 0.356 0.128 0.439 0.406 0.833 0.423 0.645 ዚ
0.619 0.717 0.000 0.022 0.000 0.484 0.867 0.431 0.015 0.000 0.269 0.933 0.621 0.205 0.000 0.775 0.549 0.810 0.451 0.275 0.762 0.300 0.789 0.628 0.923 0.428 0.641 ኤ
0.021 0.420 0.825 0.084 0.000 0.021 0.748 0.922 0.790 0.154 0.622 0.923 0.260 0.818 0.755 0.923 0.797 0.896 0.839 0.986 0.517 0.566 0.500 0.629 0.881 0.444 0.632 ል
0.000 0.215 0.923 0.200 0.000 0.401 0.492 1.000 0.528 0.764 0.764 0.615 0.962 0.256 0.324 0.000 0.385 0.890 0.000 0.000 0.000 0.421 0.940 0.041 0.000 0.449 0.635 ተ
0.000 0.208 0.923 0.089 0.000 0.456 0.566 0.945 0.582 0.598 0.639 0.484 0.940 0.308 0.243 0.000 0.401 0.830 0.423 0.456 0.000 0.464 0.685 0.190 0.327 0.461 0.634 ቱ
0.265 0.758 0.508 0.902 0.773 0.882 0.819 0.062 0.410 0.312 0.614 0.583 0.598 0.644 0.000 0.000 0.000 0.792 0.826 0.000 0.008 0.030 0.894 0.667 0.008 0.473 0.646 ና
0.033 0.074 0.603 0.884 0.017 0.835 0.661 0.926 0.678 0.066 0.356 0.114 0.273 0.727 0.902 0.000 0.000 0.017 0.934 0.653 0.000 0.000 0.074 0.926 0.504 0.473 0.605 ኀ
0.446 0.841 0.197 0.636 0.950 0.463 1.000 0.576 0.886 0.802 0.477 1.000 0.472 1.000 0.629 0.669 0.977 0.379 1.000 0.479 0.802 0.765 0.295 0.955 0.405 0.481 0.634 ዘ
0.091 0.280 0.810 0.636 0.000 0.736 0.939 0.992 0.674 0.215 0.727 0.470 0.149 0.667 0.950 0.000 0.106 0.322 0.788 0.694 0.603 0.962 0.281 0.061 0.000 0.518 0.647 ኃ
0.705 0.905 0.199 0.000 0.000 0.295 0.621 0.936 0.243 0.000 0.006 0.731 0.786 0.615 0.679 0.282 1.000 0.314 0.669 0.885 0.256 0.710 0.115 0.852 0.603 0.532 0.646 እ
0.258 0.812 0.545 0.924 0.788 0.742 0.910 0.038 0.729 0.970 0.930 0.769 0.000 0.840 0.769 0.917 0.764 0.068 0.931 0.636 0.879 0.875 0.152 0.799 0.500 0.535 0.640 በ
0.763 0.885 0.205 0.000 0.000 0.417 0.737 0.865 0.404 0.000 0.000 0.474 0.968 0.712 0.538 0.212 0.968 0.526 0.660 0.910 0.340 0.788 0.179 0.750 0.667 0.541 0.635 እ
0.000 0.705 1.000 0.553 0.098 0.189 0.970 0.735 0.917 0.735 0.629 0.992 0.220 0.811 0.894 0.902 0.848 0.083 0.985 0.727 0.955 0.841 0.174 0.871 0.523 0.545 0.609 ለ
0.000 0.636 0.960 0.475 0.000 0.051 0.848 0.808 0.939 0.596 0.394 1.000 0.283 0.646 0.970 0.768 0.879 0.010 0.808 0.828 0.778 0.525 0.172 0.939 0.495 0.559 0.637 ለ
0.508 0.932 0.458 0.053 0.000 0.601 1.000 0.641 0.287 0.070 0.091 0.881 0.981 0.748 0.413 0.538 1.000 0.423 0.951 0.902 0.826 1.000 0.174 0.939 0.856 0.559 0.621 አ
0.174 0.977 0.799 0.818 0.583 0.168 0.986 0.583 0.930 0.860 0.000 0.762 0.994 0.895 0.287 0.154 0.385 0.929 0.503 0.000 0.765 0.773 0.486 0.432 0.000 0.559 0.641 ያ
0.553 0.886 0.356 0.000 0.000 0.559 0.979 0.580 0.385 0.000 0.076 0.773 0.970 0.758 0.439 0.531 1.000 0.420 0.790 0.986 0.697 0.970 0.242 0.720 0.871 0.560 0.611 አ
0.000 0.000 0.782 0.306 0.000 0.000 0.287 0.819 0.079 0.000 0.217 0.859 0.188 0.137 0.339 0.745 0.731 0.787 0.472 0.814 0.912 0.708 0.472 0.000 0.025 0.339 0.655 ራ
0.000 0.216 0.844 0.034 0.000 0.000 0.152 1.000 0.091 0.000 0.000 0.114 1.000 0.511 0.682 0.758 0.485 1.000 0.455 1.000 1.000 0.318 0.990 0.398 0.830 0.365 0.667 ሐ
0.164 0.964 0.392 0.000 0.000 0.428 0.922 0.922 0.233 0.000 0.697 0.576 0.784 0.442 0.000 0.889 0.411 0.891 0.483 0.361 0.909 0.339 0.960 0.606 0.788 0.368 0.697 ኤ
0.000 0.128 0.927 0.172 0.000 0.000 0.111 1.000 0.189 0.000 0.106 0.494 1.000 0.678 0.656 0.778 0.761 1.000 0.533 0.917 0.922 0.422 0.865 0.367 0.594 0.389 0.718 ሐ
0.034 0.219 0.958 0.198 0.000 0.034 0.781 0.625 0.854 0.205 0.534 0.771 0.521 0.500 0.693 0.886 0.594 0.875 0.292 0.920 0.455 0.240 0.448 0.312 0.727 0.370 0.690 ል
0.000 0.123 0.883 0.266 0.000 0.000 0.130 1.000 0.331 0.247 0.409 0.766 1.000 0.552 0.916 0.909 0.519 1.000 0.558 0.929 0.864 0.247 0.591 0.169 0.377 0.393 0.714 ሖ
0.030 0.108 0.909 0.420 0.000 0.006 0.599 0.771 0.859 0.333 0.344 0.964 0.292 0.490 0.783 0.817 0.740 1.000 0.479 0.967 0.745 0.545 0.676 0.432 0.891 0.365 0.659 ል
0.026 0.227 0.955 0.318 0.000 0.078 0.831 0.565 0.935 0.370 0.500 1.000 0.780 0.542 0.905 0.857 0.857 1.000 0.630 0.929 0.396 0.617 0.571 0.532 0.721 0.371 0.675 ል
0.000 0.450 0.458 0.600 0.550 0.050 0.800 0.542 0.700 0.400 0.400 0.650 0.375 0.100 0.000 0.700 0.100 0.000 0.000 0.000 0.650 0.000 0.000 0.000 0.000 0.364 0.696 ሥ
0.133 0.556 0.667 0.278 0.000 0.650 0.792 0.700 0.625 0.450 0.800 0.625 0.550 0.708 0.750 0.850 0.667 0.700 0.375 0.000 0.933 0.556 0.333 0.056 0.000 0.304 0.667 ው
0.090 0.417 0.630 0.639 0.000 0.606 0.633 0.654 0.648 0.538 0.647 0.642 0.667 0.673 0.446 0.657 0.664 0.546 0.500 0.000 0.670 0.478 0.000 0.000 0.000 0.217 0.659 ው
0.010 0.072 0.833 0.353 0.043 0.188 0.920 0.908 0.983 0.589 0.759 0.975 0.756 0.731 0.683 0.022 0.214 0.668 0.227 0.116 0.000 0.095 0.950 0.054 0.000 0.405 0.674 ።
0.322 0.726 0.037 0.097 0.140 0.402 0.886 0.699 0.926 0.636 0.570 0.552 0.659 0.438 0.252 0.720 0.505 0.569 0.000 0.080 0.577 0.435 0.401 0.007 0.007 0.280 0.718 ሎ
0.114 0.377 0.510 0.505 0.366 0.748 0.898 0.526 0.786 0.650 0.905 0.930 0.339 0.956 0.458 0.333 0.293 0.013 0.840 0.347 0.000 0.000 0.094 0.861 0.788 0.309 0.663 ሜ
0.428 0.827 0.005 0.029 0.019 0.673 1.000 0.548 0.409 0.678 0.821 0.746 0.647 0.580 0.629 0.952 0.639 0.438 0.029 0.029 0.688 0.389 0.240 0.000 0.038 0.387 0.713 ሎ
0.085 0.466 0.790 0.818 0.443 0.667 0.760 0.943 0.510 0.740 0.903 0.602 0.909 0.438 0.750 0.969 0.542 0.880 0.505 0.708 0.869 0.767 0.716 0.625 0.369 0.349 0.679 ወ
0.250 0.946 0.167 0.000 0.010 0.469 0.990 0.807 0.569 0.766 0.667 0.667 1.000 0.475 0.422 0.875 0.461 1.000 0.172 0.005 0.896 0.461 0.922 0.098 0.000 0.359 0.683 ሎ
0.436 0.200 0.824 0.236 0.533 0.906 0.461 1.000 0.533 0.772 0.944 0.822 0.433 0.589 0.628 0.067 0.050 0.006 0.767 0.317 0.000 0.000 0.000 0.848 0.139 0.360 0.692 ሥ
0.524 0.429 0.879 0.177 0.241 0.779 0.407 0.981 0.778 0.789 0.824 0.491 0.907 0.079 0.196 0.863 0.644 0.796 0.000 0.000 0.647 0.944 0.455 0.000 0.000 0.321 0.659 ሁ
0.209 0.783 0.040 0.000 0.000 0.481 0.854 0.652 0.621 0.818 0.733 0.500 0.646 0.490 0.417 0.861 0.444 0.500 0.000 0.000 0.749 0.545 0.348 0.000 0.000 0.327 0.688 ሎ
0.200 0.766 0.558 0.648 0.758 0.717 0.875 0.350 0.594 0.825 0.792 0.773 0.325 0.586 0.867 0.792 0.797 0.200 0.766 0.792 0.775 0.547 0.000 0.094 0.125 0.247 0.679 መ
0.115 0.474 0.325 0.665 0.727 0.684 0.761 0.431 0.770 0.837 0.780 0.713 0.354 0.785 0.871 0.804 0.828 0.177 0.756 0.656 0.622 0.770 0.000 0.000 0.010 0.280 0.662 መ
0.038 0.407 0.368 0.780 0.809 0.679 0.828 0.595 0.699 0.861 0.837 0.665 0.486 0.746 0.852 0.866 0.675 0.273 0.756 0.565 0.703 0.722 0.205 0.000 0.000 0.299 0.688 መ
0.413 0.632 0.550 0.482 0.316 0.903 0.814 0.612 0.704 0.866 0.707 0.944 0.404 0.808 0.891 0.429 0.709 0.027 0.065 0.150 0.794 0.316 0.015 0.000 0.000 0.337 0.674 ም
0.085 0.412 0.494 0.695 0.776 0.629 0.782 0.506 0.763 0.867 0.718 0.818 0.318 0.828 0.789 0.456 0.731 0.055 0.065 0.027 0.793 0.068 0.000 0.000 0.000 0.317 0.717 ም
0.242 0.633 0.516 0.779 0.846 0.850 0.792 0.385 0.700 0.867 0.896 0.871 0.194 0.850 0.796 0.663 0.433 0.000 0.000 0.000 0.846 0.008 0.000 0.000 0.000 0.309 0.698 ም
0.429 0.552 0.753 0.325 0.162 0.637 0.768 0.893 0.542 0.881 0.299 0.974 0.279 0.026 0.279 0.625 0.833 0.625 0.000 0.000 0.831 0.448 0.955 0.026 0.000 0.402 0.716 ጽ
0.133 0.506 0.665 0.597 0.642 0.673 0.773 0.977 0.364 0.885 0.818 0.528 1.000 0.352 0.933 0.861 0.574 1.000 0.460 0.879 0.697 0.710 0.682 0.489 0.285 0.372 0.705 ወ
0.075 0.387 0.650 0.788 0.613 0.812 0.688 1.000 0.363 0.887 1.000 0.412 1.000 0.275 0.988 1.000 0.400 1.000 0.400 0.925 0.850 0.688 0.887 0.550 0.287 0.400 0.690 ወ
0.441 0.782 0.611 0.616 0.721 0.775 0.648 0.435 0.657 0.902 0.770 0.806 0.181 0.759 0.701 0.618 0.463 0.000 0.000 0.000 0.775 0.019 0.000 0.000 0.000 0.333 0.700 ም
0.034 0.036 0.348 0.470 0.479 0.171 0.340 0.915 0.445 0.906 0.492 0.398 0.925 0.402 0.929 0.064 0.004 0.834 0.607 0.855 0.000 0.077 0.700 0.591 0.726 0.348 0.689 ብ
0.067 0.428 0.722 0.922 0.750 0.421 0.985 1.000 0.908 0.913 0.426 0.979 1.000 0.903 0.703 0.113 0.200 1.000 0.338 0.036 0.083 0.122 0.917 0.311 0.039 0.393 0.656 ዋ
0.010 0.328 0.615 0.620 0.698 0.442 0.707 0.986 0.337 0.928 0.839 0.401 1.000 0.292 0.948 0.923 0.298 1.000 0.500 0.784 0.750 0.625 0.531 0.266 0.026 0.382 0.682 ወ
0.000 0.000 0.609 0.495 0.932 0.620 0.380 0.981 0.163 0.995 0.712 0.168 0.981 0.221 0.889 0.000 0.038 1.000 0.375 0.774 0.000 0.000 0.891 0.339 0.651 0.369 0.663 ብ
0.250 0.833 1.000 0.833 0.917 0.750 0.812 1.000 0.500 1.000 1.000 0.583 1.000 0.500 1.000 1.000 0.688 0.875 0.625 0.750 0.917 0.833 0.667 0.583 0.167 0.406 0.650 ወ
0.826 0.646 0.000 0.000 0.000 0.724 0.827 0.568 0.827 0.250 0.340 1.000 0.385 1.000 0.271 0.532 0.904 0.272 1.000 0.224 0.465 0.729 0.058 0.243 0.021 0.509 0.707 ኮ
0.673 0.686 0.000 0.744 0.818 0.667 0.955 0.167 0.924 0.708 0.709 0.917 0.100 0.992 0.645 0.800 0.833 0.092 0.992 0.667 0.745 0.752 0.018 0.843 0.609 0.547 0.688 ዘ
0.755 0.620 0.000 0.000 0.000 0.725 0.841 0.450 0.568 0.633 0.333 0.992 0.208 0.629 0.908 0.558 0.894 0.000 0.727 0.842 0.618 0.843 0.009 0.785 0.627 0.556 0.675 ከ
0.577 0.589 0.018 0.024 0.036 0.511 0.857 0.346 0.005 0.000 0.399 0.988 0.381 0.071 0.000 0.874 0.516 0.912 0.429 0.297 0.881 0.262 0.815 0.673 0.690 0.439 0.707 ኤ
0.653 0.901 0.121 0.000 0.000 0.471 0.736 0.909 0.413 0.000 0.000 0.479 0.947 0.719 0.736 0.050 0.826 0.568 0.529 1.000 0.116 0.843 0.409 0.628 0.785 0.527 0.705 እ
0.722 0.965 0.146 0.000 0.000 0.833 0.993 0.708 0.819 0.479 0.639 1.000 0.500 0.979 0.812 0.826 0.965 0.160 0.993 0.812 0.604 0.743 0.215 0.917 0.521 0.533 0.706 ከ
0.720 0.917 0.167 0.000 0.000 0.424 0.659 0.864 0.303 0.000 0.008 0.705 0.902 0.477 0.659 0.212 1.000 0.455 0.538 0.947 0.182 0.765 0.280 0.659 0.727 0.545 0.718 እ
0.311 0.818 0.189 0.924 0.220 0.417 0.886 0.470 0.841 0.015 0.252 1.000 0.727 0.266 0.294 0.000 0.773 0.652 0.439 0.977 0.530 0.500 0.258 0.212 0.288 0.518 0.712 ይ
0.000 0.000 0.207 0.897 0.272 0.000 0.005 0.567 0.764 0.041 0.095 0.681 0.705 0.105 0.000 0.785 0.733 0.005 0.205 0.441 0.856 0.692 0.486 0.733 0.697 0.431 0.674 ረ
0.295 0.720 0.326 0.909 0.712 0.874 0.853 0.007 0.762 0.951 1.000 0.735 0.000 0.811 0.879 0.972 0.776 0.063 0.972 0.755 0.856 0.886 0.182 0.795 0.538 0.560 0.674 በ
0.019 0.638 0.410 0.005 0.024 0.049 0.438 0.987 0.129 0.036 0.835 0.710 0.929 0.853 0.491 0.330 0.696 0.768 0.442 0.174 0.000 0.586 0.614 0.000 0.000 0.527 0.712 ቅ
0.378 0.917 0.432 0.936 0.641 0.381 1.000 0.648 0.952 0.250 0.238 1.000 0.813 0.262 0.143 0.024 0.857 0.626 0.554 0.994 0.737 0.667 0.213 0.288 0.269 0.555 0.667 ይ
0.424 0.818 0.458 0.917 0.773 0.833 0.932 0.049 0.818 0.955 0.916 0.895 0.038 0.930 0.867 0.909 0.909 0.188 1.000 0.697 0.818 0.856 0.188 0.856 0.515 0.544 0.695 በ
0.167 0.923 0.458 0.000 0.000 0.407 0.967 0.951 0.242 0.000 0.679 0.673 0.857 0.488 0.000 0.857 0.516 0.984 0.538 0.511 0.881 0.411 0.804 0.625 0.708 0.414 0.707 ኤ
0.423 0.378 0.470 0.583 0.000 0.776 0.372 0.482 0.679 0.000 0.923 0.284 0.588 0.556 0.000 0.936 0.276 0.756 0.455 0.282 0.731 0.231 0.744 0.526 0.737 0.460 0.712 ቤ
0.036 0.321 0.506 0.613 0.387 0.297 0.962 0.225 0.775 0.297 0.804 0.619 0.000 0.000 0.000 0.978 0.445 0.088 0.368 0.560 0.577 0.565 0.488 0.679 0.768 0.414 0.659 ር
0.359 0.390 0.533 0.087 0.015 0.795 0.215 0.867 0.451 0.410 0.949 0.149 0.964 0.467 0.800 0.908 0.374 0.928 0.082 0.087 0.656 0.795 0.436 0.000 0.000 0.407 0.709 ዑ
0.000 0.000 0.556 0.789 0.017 0.000 0.128 0.913 0.682 0.000 0.210 0.867 0.738 0.103 0.000 0.774 0.846 0.056 0.379 0.533 0.739 0.800 0.578 0.767 0.833 0.415 0.694 ረ
0.653 0.521 0.570 0.901 0.008 0.636 0.356 0.591 0.909 0.000 0.000 0.041 0.810 0.818 0.124 0.826 0.591 0.227 0.621 0.917 0.198 0.083 0.000 0.512 0.843 0.519 0.679 ጓ
0.510 0.727 0.578 0.685 0.000 0.790 0.378 0.338 0.832 0.000 0.902 0.294 0.481 0.692 0.000 0.986 0.231 0.688 0.517 0.126 0.769 0.091 0.727 0.594 0.776 0.444 0.688 ቤ
0.000 0.000 0.583 0.667 0.000 0.000 0.250 0.833 0.250 0.000 0.167 0.917 0.583 0.000 0.000 0.750 0.667 1.000 0.250 0.250 0.833 0.667 0.667 0.500 1.000 0.531 0.696 ራ
0.536 0.417 0.613 0.589 0.018 0.714 0.753 0.835 0.538 0.077 0.769 0.555 0.824 0.511 0.055 0.879 0.368 0.868 0.676 0.824 0.923 0.268 0.667 0.536 0.542 0.447 0.694 ዜ
0.536 0.417 0.639 0.524 0.000 0.714 0.753 0.846 0.467 0.000 0.769 0.555 0.836 0.440 0.000 0.879 0.368 0.877 0.544 0.000 0.923 0.268 0.672 0.435 0.000 0.440 0.694 ዜ
0.131 0.500 0.744 0.839 0.929 0.792 0.889 1.000 0.633 0.970 0.945 0.785 1.000 0.626 0.956 0.917 0.806 1.000 0.711 0.869 0.696 0.772 0.601 0.467 0.196 0.419 0.695 ወ
0.594 0.256 0.750 0.306 0.000 0.769 0.523 0.933 0.313 0.000 0.667 0.677 0.959 0.262 0.015 0.774 0.482 0.959 0.456 0.651 0.850 0.206 0.717 0.422 0.422 0.415 0.694 ዜ
0.280 0.629 0.818 0.727 0.741 0.741 0.797 0.994 0.524 0.923 0.878 0.481 0.994 0.487 0.885 0.937 0.476 0.948 0.594 0.713 0.748 0.615 0.844 0.811 0.399 0.419 0.658 ወ
0.615 0.907 0.847 0.813 0.132 0.747 0.901 0.923 0.621 0.000 0.484 1.000 0.806 0.302 0.297 0.099 0.863 0.714 0.764 0.912 0.648 0.648 0.342 0.291 0.198 0.530 0.695 ይ
0.500 0.800 0.850 0.800 0.812 0.812 0.700 0.550 0.750 0.875 0.625 0.600 0.150 0.600 0.688 0.000 0.000 0.000 0.650 0.375 0.000 0.000 0.000 0.750 0.250 0.421 0.696 ማ
0.000 0.136 0.879 0.606 0.000 0.000 0.189 0.947 0.364 0.000 0.223 0.924 0.462 0.000 0.000 0.860 0.720 0.008 0.394 0.636 0.785 0.720 0.235 0.697 0.760 0.472 0.708 ረ
0.000 0.200 0.887 0.211 0.048 0.374 0.790 0.797 0.903 0.473 0.845 0.817 0.756 0.617 0.821 0.302 0.523 0.440 0.364 0.297 0.000 0.228 0.542 0.039 0.000 0.426 0.659 ።
0.000 0.448 0.889 0.203 0.022 0.544 0.792 0.989 0.839 0.667 0.728 0.745 0.894 0.620 0.361 0.000 0.604 0.706 0.016 0.000 0.000 0.661 0.678 0.010 0.067 0.411 0.652 ተ
0.000 0.262 0.972 0.125 0.000 0.345 0.518 0.950 0.512 0.595 0.613 0.524 0.883 0.310 0.405 0.000 0.417 0.800 0.000 0.000 0.000 0.512 0.811 0.012 0.000 0.448 0.674 ተ
0.000 0.579 0.975 0.372 0.000 0.109 0.901 0.636 0.901 0.509 0.591 0.942 0.083 0.636 0.927 0.864 0.669 0.000 0.785 0.864 0.855 0.504 0.025 0.884 0.655 0.555 0.696 ስ
0.000 0.361 0.976 0.122 0.018 0.505 0.795 0.989 0.779 0.610 0.709 0.923 0.940 0.374 0.390 0.060 0.549 0.918 0.554 0.907 0.000 0.406 0.887 0.200 0.542 0.434 0.711 ቱ
0.000 0.481 1.000 0.296 0.000 0.150 0.911 0.711 0.800 0.512 0.625 0.951 0.136 0.556 1.000 0.900 0.678 0.000 0.678 0.975 0.139 0.123 0.000 0.827 0.694 0.547 0.683 ላ
0.021 0.538 0.805 0.552 0.741 0.551 0.679 1.000 0.372 0.936 0.636 0.371 0.682 0.566 0.734 0.000 0.000 0.060 0.917 0.397 0.000 0.000 0.208 0.923 0.105 0.427 0.671 ግ
0.000 0.500 1.000 1.000 0.500 0.000 1.000 1.000 1.000 1.000 0.000 0.333 0.667 1.000 1.000 0.333 0.667 0.667 1.000 0.667 0.500 1.000 1.000 1.000 0.000 0.722 0.391 ፡
0.000 0.500 0.850 0.875 0.188 0.125 0.875 1.000 1.000 0.812 0.000 0.062 0.150 0.188 0.188 0.000 0.000 0.000 0.000 0.000 0.562 0.812 0.900 0.688 0.250 0.575 0.241 ፡
0.292 0.833 0.958 1.000 0.917 0.208 0.708 0.958 1.000 0.875 0.000 0.083 0.292 0.333 0.250 0.500 0.917 1.000 1.000 0.958 0.708 0.917 1.000 0.917 0.542 0.692 0.280 ፡
0.357 0.857 0.929 0.929 0.714 0.250 0.607 0.679 0.786 0.643 0.062 0.406 0.406 0.375 0.344 0.536 0.964 1.000 1.000 0.893 0.571 0.893 0.857 0.857 0.679 0.750 0.400 ፡
0.067 0.667 0.800 1.000 0.867 0.333 1.000 1.000 1.000 0.833 0.333 0.600 0.933 0.933 0.333 0.111 0.778 0.944 1.000 0.667 0.200 0.867 0.800 0.800 0.600 0.674 0.338 ፡
0.300 0.650 0.850 0.950 0.900 0.400 1.000 1.000 1.000 0.700 0.050 0.200 0.250 0.200 0.050 0.550 0.600 0.600 0.600 0.400 0.400 0.700 0.800 0.950 0.950 0.619 0.368 ፡
0.375 0.708 0.933 1.000 0.708 0.458 1.000 1.000 1.000 0.917 0.125 0.208 0.400 0.458 0.083 0.875 1.000 1.000 1.000 0.625 0.625 1.000 0.933 0.667 0.167 0.717 0.390 ፡
0.167 0.800 1.000 1.000 0.750 0.464 1.000 1.000 1.000 0.679 0.208 0.567 0.750 0.800 0.417 0.750 1.000 1.000 1.000 0.429 0.625 0.867 1.000 0.967 0.333 0.679 0.378 ፡
0.321 0.893 1.000 1.000 0.857 0.469 1.000 1.000 1.000 0.656 0.036 0.143 0.250 0.250 0.107 0.500 0.844 0.875 0.875 0.375 0.571 0.821 0.857 0.893 0.357 0.697 0.344 ፡
0.036 0.314 0.514 0.771 0.643 0.469 1.000 1.000 1.000 0.938 0.143 0.457 0.571 0.429 0.214 0.312 0.700 0.750 0.850 0.625 0.643 1.000 0.886 0.857 0.500 0.712 0.398 ፡
0.300 0.800 0.917 0.900 0.600 0.514 1.000 1.000 0.971 0.457 0.033 0.167 0.222 0.133 0.000 0.457 0.571 0.643 0.543 0.314 0.467 0.600 0.750 0.967 0.833 0.607 0.337 ፡
0.343 0.829 1.000 0.943 0.714 0.543 1.000 1.000 1.000 0.543 0.029 0.229 0.314 0.400 0.029 0.629 0.857 0.857 0.400 0.000 0.657 0.886 0.886 0.771 0.114 0.661 0.360 ፡
0.433 0.733 0.833 0.900 0.900 0.543 1.000 1.000 1.000 0.686 0.067 0.233 0.333 0.333 0.100 0.600 0.829 0.857 0.857 0.657 0.533 0.900 0.867 0.700 0.333 0.625 0.326 ፡
0.167 0.667 0.833 1.000 0.875 0.625 1.000 1.000 1.000 0.708 0.000 0.000 0.167 0.333 0.125 0.208 0.708 0.750 0.708 0.667 0.542 0.917 0.958 1.000 1.000 0.733 0.380 ፡
0.286 0.714 0.829 0.893 0.643 0.643 1.000 1.000 1.000 0.464 0.071 0.214 0.286 0.357 0.143 0.357 0.786 0.857 0.821 0.357 0.286 0.786 0.886 0.821 0.179 0.726 0.397 ፡
0.292 0.800 0.958 1.000 0.500 0.667 1.000 1.000 1.000 0.500 0.208 0.400 0.375 0.433 0.167 0.208 0.633 0.667 0.767 0.833 0.167 0.800 0.875 0.900 0.792 0.700 0.380 ፡
0.458 0.833 1.000 1.000 0.708 0.667 0.967 1.000 1.000 0.625 0.042 0.300 0.667 0.667 0.000 0.708 1.000 1.000 0.800 0.000 0.458 0.867 0.867 0.700 0.000 0.683 0.375 ፡
0.417 0.750 0.917 0.875 0.792 0.679 1.000 1.000 1.000 0.679 0.333 0.417 0.417 0.417 0.125 0.393 0.714 0.786 0.857 0.571 0.583 0.833 1.000 0.792 0.458 0.643 0.364 ፡
0.450 0.850 1.000 0.900 0.150 0.708 1.000 1.000 1.000 0.375 0.250 0.700 1.000 1.000 0.250 0.083 0.708 1.000 1.000 0.917 0.050 0.750 0.850 0.550 0.250 0.565 0.277 ፡
0.333 0.733 0.950 0.867 0.667 0.733 1.000 1.000 1.000 0.800 0.111 0.333 0.500 0.500 0.278 0.467 0.933 1.000 1.000 0.600 0.933 1.000 1.000 0.933 0.267 0.727 0.407 ፡
0.200 0.667 0.867 0.933 0.867 0.743 1.000 1.000 1.000 0.514 0.200 0.371 0.257 0.343 0.086 0.571 0.829 0.857 0.914 0.171 0.733 0.933 1.000 0.900 0.133 0.638 0.326 ፡
0.350 0.750 0.800 0.850 0.600 0.750 1.000 1.000 0.958 0.708 0.125 0.458 0.567 0.333 0.125 0.292 0.917 1.000 1.000 0.792 0.400 0.900 1.000 0.900 0.750 0.646 0.293 ፡
0.250 0.633 0.833 0.900 0.708 0.750 1.000 1.000 1.000 0.917 0.333 0.567 0.583 0.433 0.167 0.417 0.733 0.833 0.833 0.625 0.792 0.967 0.958 0.800 0.458 0.654 0.306 ፡
0.350 0.920 0.950 0.800 0.350 0.800 1.000 1.000 1.000 0.300 0.167 0.633 0.917 0.733 0.083 0.450 1.000 1.000 1.000 0.550 0.300 0.760 0.750 0.840 0.200 0.591 0.324 ፡
0.214 0.714 0.857 0.857 0.500 0.812 1.000 1.000 0.950 0.188 0.429 0.571 0.829 0.571 0.036 0.125 0.575 0.775 0.750 0.312 0.143 0.800 0.971 0.857 0.214 0.712 0.355 ፡
0.179 0.743 0.893 1.000 0.821 0.821 1.000 1.000 1.000 0.429 0.250 0.629 1.000 0.857 0.357 0.143 0.800 1.000 1.000 0.643 0.143 0.743 0.750 0.886 0.286 0.710 0.397 ፡
0.450 0.920 0.840 0.080 0.000 0.833 1.000 1.000 0.200 0.000 0.250 0.567 0.667 0.233 0.000 0.208 0.933 1.000 0.833 0.333 0.250 0.960 0.840 0.280 0.000 0.604 0.381 ፡
0.250 0.792 0.875 1.000 0.667 0.833 1.000 1.000 1.000 0.667 0.286 0.429 0.464 0.679 0.107 0.458 0.792 0.875 1.000 0.458 0.583 0.792 0.875 0.792 0.500 0.630 0.303 ፡
0.208 0.625 0.750 0.917 0.542 0.833 1.000 1.000 1.000 0.750 0.125 0.458 0.500 0.292 0.083 0.167 0.792 0.958 1.000 0.833 0.167 0.833 0.875 0.833 0.708 0.667 0.385 ፡
0.440 0.800 0.880 1.000 0.920 0.840 1.000 1.000 1.000 0.480 0.120 0.520 0.840 0.800 0.200 0.800 1.000 1.000 1.000 0.480 0.880 0.880 0.880 0.760 0.200 0.580 0.305 ፡
0.400 0.786 1.000 0.714 0.000 0.857 1.000 1.000 0.690 0.000 0.200 0.500 0.700 0.417 0.000 0.229 0.929 1.000 0.976 0.200 0.114 0.595 0.800 0.548 0.343 0.641 0.400 ፡
0.458 0.833 0.833 0.967 0.958 0.857 0.943 0.929 0.857 0.750 0.083 0.233 0.500 0.400 0.292 0.536 0.943 1.000 1.000 0.786 0.833 1.000 1.000 0.933 0.458 0.679 0.329 ፡
0.357 0.786 0.893 1.000 0.643 0.857 1.000 1.000 1.000 0.500 0.214 0.393 0.429 0.500 0.143 0.393 0.714 0.857 0.964 0.536 0.679 1.000 1.000 1.000 0.679 0.677 0.360 ፡
0.300 0.806 0.833 0.944 0.167 0.914 1.000 1.000 0.952 0.143 0.229 0.643 0.929 0.619 0.029 0.457 1.000 1.000 1.000 0.486 0.433 0.917 0.833 0.667 0.067 0.586 0.279 ፡
0.457 0.829 1.000 0.886 0.057 0.943 1.000 1.000 0.829 0.086 0.175 0.275 0.600 0.450 0.375 0.000 0.543 1.000 1.000 0.857 0.086 0.829 1.000 0.857 0.371 0.609 0.360 ፡
0.458 0.800 0.875 0.967 0.708 1.000 1.000 1.000 1.000 0.542 0.083 0.300 0.333 0.267 0.083 0.208 0.633 0.833 0.867 0.625 0.333 0.767 1.000 1.000 0.750 0.700 0.385 ፡
0.500 1.000 1.000 1.000 0.000 1.000 1.000 1.000 1.000 0.333 0.333 1.000 1.000 1.000 0.000 0.667 1.000 1.000 1.000 0.000 1.000 1.000 1.000 1.000 0.000 0.722 0.409 ፡
0.600 0.833 0.867 0.600 0.000 1.000 1.000 1.000 0.700 0.000 0.257 0.457 0.657 0.514 0.171 0.000 0.333 0.833 0.933 0.800 0.000 0.100 0.533 0.867 0.900 0.611 0.329 ፡
1.000 1.000 1.000 1.000 0.000 1.000 1.000 1.000 1.000 0.333 0.333 0.667 1.000 1.000 0.000 0.667 0.667 1.000 1.000 0.000 0.500 1.000 1.000 0.500 0.000 0.722 0.409 ፡
0.714 0.857 0.971 0.714 0.029 0.700 1.000 1.000 0.825 0.025 0.275 0.775 1.000 0.775 0.350 0.725 1.000 1.000 0.925 0.125 0.200 0.429 0.286 0.429 0.114 0.632 0.400 ፡
0.583 1.000 1.000 0.833 0.292 0.679 0.971 1.000 1.000 0.607 0.000 0.143 0.286 0.171 0.036 0.143 0.743 0.929 0.857 0.857 0.292 0.767 0.958 0.967 0.542 0.690 0.363 ፡
0.600 0.800 0.867 0.700 0.333 0.933 1.000 1.000 1.000 0.733 0.111 0.250 0.333 0.250 0.111 0.133 0.650 0.800 0.800 0.800 0.333 0.850 1.000 1.000 0.667 0.705 0.349 ፡
0.600 0.833 0.900 0.900 0.367 0.714 1.000 0.971 0.914 0.286 0.057 0.257 0.486 0.343 0.114 0.143 0.886 1.000 1.000 0.943 0.133 0.633 0.833 0.967 0.567 0.638 0.372 ፡
0.533 0.833 0.917 0.967 0.400 0.829 1.000 1.000 0.886 0.229 0.033 0.233 0.333 0.233 0.000 0.200 0.743 0.905 0.971 0.771 0.333 0.833 0.917 0.933 0.433 0.607 0.364 ፡
0.679 0.857 0.886 1.000 0.429 0.964 1.000 0.971 0.971 0.357 0.094 0.125 0.125 0.200 0.031 0.643 0.857 0.886 0.971 0.571 0.786 0.857 0.857 0.914 0.679 0.703 0.333 ፡
0.625 0.800 0.933 0.967 0.458 0.833 1.000 1.000 1.000 0.625 0.042 0.367 0.733 0.800 0.167 0.708 0.933 1.000 1.000 0.500 0.708 0.833 0.900 0.967 0.667 0.635 0.338 ፡
0.625 0.917 1.000 0.917 0.458 1.000 1.000 1.000 0.714 0.000 0.607 0.893 0.971 0.714 0.214 0.607 1.000 1.000 1.000 0.250 0.583 0.833 0.967 0.875 0.167 0.707 0.392 ፡
0.500 0.833 0.833 0.875 0.458 0.917 1.000 1.000 0.958 0.417 0.125 0.042 0.000 0.000 0.000 0.625 0.875 0.833 0.833 0.708 0.708 1.000 0.792 0.667 0.500 0.733 0.375 ፡
0.600 0.833 0.967 0.967 0.467 0.967 1.000 1.000 0.967 0.267 0.171 0.229 0.286 0.200 0.000 0.033 0.533 0.733 0.833 0.800 0.133 0.833 1.000 0.967 0.700 0.611 0.293 ፡
0.500 0.750 0.750 0.500 0.500 1.000 1.000 1.000 1.000 1.000 0.333 0.333 0.333 0.333 0.333 0.667 0.667 0.667 0.500 0.333 1.000 1.000 1.000 0.500 0.000 0.778 0.391 ፡
0.500 0.833 0.938 0.917 0.500 0.833 1.000 1.000 1.000 0.667 0.267 0.467 0.400 0.267 0.200 0.333 0.833 0.812 0.750 0.667 0.667 1.000 1.000 1.000 0.917 0.647 0.321 ፡
0.607 0.964 0.929 0.679 0.500 0.679 1.000 1.000 1.000 0.214 0.031 0.375 0.438 0.438 0.188 0.357 1.000 1.000 1.000 0.071 0.321 0.929 1.000 0.964 0.071 0.688 0.400 ፡
0.700 0.933 1.000 1.000 0.533 1.000 1.000 1.000 1.000 0.400 0.486 0.714 0.771 0.743 0.286 0.167 0.467 0.633 0.667 0.567 0.667 1.000 0.933 1.000 0.600 0.611 0.351 ፡
0.533 0.850 1.000 1.000 0.533 0.733 1.000 0.867 0.800 0.267 0.133 0.300 0.067 0.000 0.000 0.133 0.600 0.800 0.800 0.733 0.200 0.750 0.867 0.900 0.533 0.690 0.362 ፡
0.500 0.750 0.750 0.938 0.583 0.933 1.000 1.000 1.000 0.800 0.500 0.938 1.000 1.000 0.833 0.533 0.900 1.000 1.000 0.667 0.750 0.938 1.000 0.938 0.417 0.639 0.265 ፡
0.667 0.900 1.000 1.000 0.600 0.667 1.000 1.000 1.000 0.733 0.067 0.300 0.550 0.450 0.267 0.267 0.450 0.600 0.550 0.133 0.800 1.000 0.950 0.650 0.067 0.667 0.333 ፡
0.500 0.686 0.829 0.857 0.643 0.531 0.775 0.850 0.700 0.312 0.071 0.171 0.286 0.600 0.429 0.719 1.000 1.000 1.000 0.906 0.393 0.457 0.543 0.657 0.464 0.712 0.359 ፡
0.500 0.833 0.867 0.917 0.667 0.821 1.000 1.000 1.000 0.607 0.292 0.458 0.267 0.167 0.083 0.536 0.571 0.543 0.571 0.143 0.667 0.833 0.900 1.000 0.417 0.696 0.354 ፡
0.500 0.833 0.933 1.000 0.700 0.833 1.000 1.000 1.000 0.767 0.314 0.171 0.343 0.543 0.171 0.367 0.800 0.867 1.000 0.800 0.333 0.900 0.867 0.833 0.600 0.611 0.360 ፡
0.542 0.800 0.958 1.000 0.708 0.875 1.000 1.000 1.000 0.667 0.071 0.314 0.571 0.571 0.214 0.458 0.867 1.000 1.000 0.792 0.458 0.800 0.833 0.967 0.792 0.667 0.325 ፡
0.750 0.964 1.000 1.000 0.714 0.964 1.000 1.000 1.000 0.786 0.156 0.344 0.350 0.406 0.156 0.714 0.857 0.886 0.929 0.679 0.571 0.786 0.886 0.750 0.536 0.734 0.400 ፡
0.567 0.900 1.000 1.000 0.733 0.633 0.733 0.833 0.800 0.200 0.000 0.000 0.000 0.000 0.000 0.400 0.500 0.639 0.667 0.367 0.600 0.833 0.917 0.867 0.267 0.633 0.366 ፡
0.500 0.767 0.867 1.000 0.750 0.875 1.000 1.000 0.967 0.458 0.071 0.200 0.314 0.286 0.179 0.542 0.833 0.967 1.000 0.917 0.958 0.900 1.000 0.833 0.333 0.648 0.355 ፡
0.625 0.917 1.000 1.000 0.792 0.893 1.000 1.000 1.000 0.750 0.107 0.357 0.429 0.393 0.179 0.321 0.750 0.857 0.893 0.857 0.458 1.000 1.000 1.000 0.792 0.724 0.377 ፡
0.542 0.833 0.875 1.000 0.917 0.542 0.958 0.958 1.000 0.625 0.125 0.458 0.458 0.500 0.125 0.750 1.000 1.000 1.000 0.667 0.458 0.917 0.875 0.958 0.583 0.615 0.317 ፡
0.600 0.880 1.000 1.000 0.950 0.958 1.000 1.000 1.000 0.833 0.208 0.467 0.500 0.467 0.208 0.625 0.800 0.833 0.833 0.625 0.750 0.960 0.800 0.960 0.600 0.625 0.250 ፡
0.500 0.833 0.917 1.000 0.958 0.929 1.000 1.000 1.000 0.857 0.143 0.229 0.429 0.343 0.179 0.393 0.629 0.714 0.714 0.679 0.625 0.867 1.000 0.967 0.708 0.690 0.382 ፡
1.000 1.000 1.000 1.000 1.000 0.667 0.833 1.000 1.000 1.000 0.333 0.667 1.000 0.833 0.667 1.000 1.000 1.000 1.000 1.000 0.500 0.750 1.000 0.750 0.500 0.778 0.391 ፡
1.000 1.000 1.000 1.000 1.000 0.667 0.667 0.833 1.000 1.000 0.000 0.000 0.500 1.000 1.000 0.667 0.667 0.833 0.833 0.667 1.000 1.000 1.000 0.500 0.000 0.750 0.348 ፡
0.500 0.750 1.000 1.000 1.000 1.000 1.000 1.000 1.000 1.000 0.333 0.500 0.667 0.667 0.667 0.667 0.667 0.667 0.667 0.667 0.500 0.750 1.000 0.750 0.500 0.778 0.409 ፡
1.000 1.000 1.000 1.000 1.000 0.667 0.667 0.833 1.000 1.000 0.500 0.500 0.750 1.000 1.000 1.000 1.000 1.000 0.833 0.667 1.000 1.000 1.000 0.500 0.000 0.750 0.364 ፡
0.500 1.000 1.000 1.000 1.000 0.333 1.000 1.000 1.000 0.333 0.000 0.667 1.000 1.000 0.000 0.667 0.667 1.000 1.000 0.000 0.500 1.000 1.000 0.500 0.000 0.722 0.409 ፡
0.000 0.000 0.000 0.000 0.125 0.000 0.014 0.167 0.250 0.111 0.000 0.372 0.945 1.000 0.487 0.000 0.347 0.845 0.931 0.111 0.000 0.236 0.429 0.347 0.000 0.763 0.655 ፡
0.000 0.000 0.000 0.052 0.015 0.000 0.000 0.000 0.091 0.152 0.000 0.429 0.917 0.976 0.500 0.000 0.312 0.955 0.883 0.364 0.000 0.558 0.970 0.935 0.167 0.731 0.675 ፡
0.500 0.333 0.000 0.667 0.833 0.833 0.750 0.333 0.833 0.750 0.750 0.750 0.333 0.833 0.667 1.000 0.500 0.333 1.000 0.417 0.917 0.250 0.250 0.833 0.333 0.656 0.696 ዘ
0.444 0.444 0.000 0.667 1.000 0.667 1.000 0.556 0.778 1.000 0.667 0.778 0.111 0.667 0.667 0.667 0.667 0.000 0.667 0.667 0.889 0.667 0.222 0.889 0.667 0.633 0.652 ዘ
0.556 0.444 0.000 0.556 1.000 0.667 0.778 0.333 0.778 1.000 0.667 0.778 0.111 0.667 0.667 0.889 0.667 0.222 0.889 0.667 0.889 0.667 0.333 1.000 0.667 0.633 0.652 ዘ
0.758 0.750 0.000 0.000 0.000 0.692 0.908 0.614 0.483 0.717 0.223 0.992 0.497 0.592 0.946 0.542 1.000 0.159 0.808 0.800 0.525 0.750 0.061 0.867 0.642 0.588 0.712 ከ
0.000 0.000 0.029 0.000 0.067 0.000 0.000 0.014 0.033 0.000 0.000 0.050 0.343 0.400 0.233 0.000 0.117 0.700 0.650 0.250 0.000 0.283 0.929 0.917 0.217 0.730 0.588 ፡
0.000 0.229 0.073 0.000 0.000 0.000 0.154 0.346 0.808 0.712 0.000 0.000 0.167 0.781 0.802 0.000 0.000 0.308 0.683 0.548 0.000 0.000 0.042 0.021 0.000 0.655 0.659 ፡
0.469 0.594 0.271 0.781 0.802 0.708 0.833 0.365 1.000 0.927 0.000 0.000 0.500 1.000 0.708 0.000 0.000 0.760 1.000 0.448 0.000 0.000 0.844 0.927 0.219 0.643 0.651 ገ
0.075 0.492 0.325 0.712 0.967 0.300 0.917 0.067 0.167 0.258 0.331 0.685 0.331 0.727 0.292 0.000 0.000 0.442 1.000 0.292 0.000 0.000 0.667 0.939 0.108 0.579 0.671 ና
0.333 0.667 0.333 0.556 1.000 0.667 1.000 0.417 0.333 1.000 0.667 1.000 0.250 0.667 1.000 0.778 0.667 0.083 0.778 0.556 0.444 0.778 0.667 0.444 0.111 0.600 0.682 ሀ
0.000 0.500 0.500 1.000 0.500 0.500 1.000 1.000 1.000 1.000 0.000 0.500 0.500 1.000 0.500 0.500 1.000 1.000 1.000 0.000 0.000 0.500 1.000 1.000 0.000 0.750 0.435 ፡
0.546 0.741 0.500 0.944 0.556 0.607 0.786 0.932 0.991 0.470 0.000 0.333 0.769 0.981 0.713 0.000 0.000 0.419 1.000 0.667 0.000 0.000 0.537 0.898 0.380 0.647 0.682 ን
0.648 0.778 0.519 0.981 0.704 0.444 0.519 0.796 1.000 0.648 0.000 0.200 0.783 1.000 0.667 0.000 0.000 0.667 1.000 0.463 0.000 0.000 0.889 0.926 0.204 0.643 0.618 ን
0.028 0.278 0.528 0.444 0.167 0.639 1.000 1.000 1.000 0.750 0.361 1.000 1.000 1.000 0.611 0.556 1.000 1.000 1.000 0.389 0.194 0.417 0.556 0.611 0.194 0.778 0.529 ፡
0.333 0.778 0.583 0.778 1.000 0.667 0.889 0.167 0.000 0.000 1.000 0.667 0.000 0.000 0.000 1.000 0.667 0.000 0.111 0.333 0.889 0.889 0.500 0.889 1.000 0.600 0.652 ር
0.364 0.513 0.720 0.558 0.098 0.573 0.782 1.000 0.827 0.280 0.000 0.601 1.000 0.750 0.091 0.000 0.154 1.000 0.731 0.091 0.000 0.173 0.944 0.519 0.049 0.573 0.674 ን
0.056 0.611 0.722 0.444 0.056 0.810 1.000 1.000 1.000 0.143 0.429 0.667 0.905 0.619 0.095 0.238 0.810 1.000 1.000 0.714 0.222 0.944 1.000 0.944 0.444 0.741 0.509 ፡
0.000 0.250 0.750 0.750 0.500 0.667 0.833 1.000 1.000 1.000 0.333 0.333 0.667 1.000 1.000 0.667 0.667 0.833 1.000 1.000 1.000 1.000 1.000 1.000 1.000 0.778 0.450 ፡
0.238 0.723 0.785 0.969 0.415 0.423 0.646 0.792 0.992 0.285 0.100 0.185 0.700 1.000 0.862 0.269 0.000 0.154 0.992 0.700 0.377 0.000 0.254 0.931 0.515 0.623 0.718 ን
0.250 0.743 0.821 0.914 0.750 0.357 0.971 1.000 1.000 0.786 0.000 0.086 0.286 0.257 0.071 0.536 0.829 0.857 0.886 0.321 0.536 0.743 0.964 0.829 0.143 0.743 0.455 ፡
0.150 0.550 0.840 0.700 0.000 0.792 1.000 1.000 0.750 0.000 0.250 0.450 0.560 0.400 0.000 0.083 0.583 0.767 0.750 0.208 0.150 0.700 0.960 0.850 0.500 0.630 0.426 ፡
0.179 0.657 0.857 0.914 0.607 0.964 1.000 1.000 1.000 0.571 0.344 0.475 0.500 0.225 0.031 0.464 0.714 0.821 0.800 0.607 0.643 0.829 0.893 0.771 0.143 0.719 0.427 ፡
0.042 0.767 0.867 0.000 0.000 0.058 0.767 0.817 0.808 0.633 0.742 0.933 0.042 0.875 0.950 0.925 0.825 0.000 0.925 0.908 0.800 0.792 0.025 0.817 0.633 0.583 0.577 ስ
0.000 0.287 0.880 0.741 0.037 0.019 0.315 1.000 0.694 0.407 0.685 0.852 0.074 0.713 0.944 0.944 0.741 0.056 0.917 0.685 0.704 0.935 0.750 0.796 0.139 0.625 0.645 ዕ
0.314 0.714 0.886 0.914 0.486 0.800 1.000 1.000 1.000 0.400 0.371 0.629 0.686 0.429 0.114 0.025 0.550 0.875 0.875 0.875 0.086 0.600 0.943 1.000 0.714 0.682 0.440 ፡
0.036 0.600 0.886 0.914 0.821 0.214 0.943 0.943 1.000 0.821 0.000 0.086 0.200 0.400 0.143 0.321 0.800 0.943 0.971 0.214 0.607 0.886 1.000 0.686 0.000 0.694 0.419 ፡
0.000 0.350 0.888 0.594 0.000 0.169 0.594 0.846 0.832 0.677 0.850 0.922 0.058 0.890 0.914 0.908 0.839 0.266 1.000 0.677 0.677 0.916 0.762 0.741 0.200 0.605 0.674 ዕ
0.000 0.250 0.917 0.558 0.000 0.233 0.750 0.600 0.850 0.875 0.700 0.983 0.067 0.933 0.800 0.917 0.825 0.167 1.000 0.592 0.875 0.783 0.058 0.408 0.242 0.583 0.698 ሶ
0.000 0.524 0.923 0.357 0.000 0.058 0.584 0.974 0.630 0.519 0.753 0.935 0.097 0.857 0.838 0.922 0.792 0.273 1.000 0.532 0.622 0.895 0.811 0.783 0.105 0.602 0.696 ዕ
0.286 0.714 0.929 0.971 0.536 0.893 1.000 1.000 1.000 0.750 0.312 0.400 0.875 0.975 0.531 0.250 0.800 1.000 1.000 0.964 0.393 0.914 1.000 0.943 0.750 0.719 0.444 ፡
0.000 0.550 0.958 0.383 0.000 0.133 0.950 0.883 0.983 0.567 0.615 1.000 0.223 0.831 0.931 0.942 0.875 0.025 0.958 0.858 0.183 0.183 0.225 0.933 0.583 0.561 0.620 ላ
0.000 0.500 0.992 0.518 0.009 0.133 0.892 0.788 0.892 0.683 0.550 1.000 0.273 0.742 0.992 0.783 0.900 0.114 0.967 0.775 0.718 0.800 0.157 0.873 0.682 0.565 0.692 ለ
0.000 0.558 0.992 0.458 0.000 0.200 0.742 0.733 0.875 0.833 0.758 0.842 0.017 0.692 0.967 1.000 0.658 0.033 0.908 0.800 0.233 0.200 0.108 0.942 0.658 0.589 0.718 ሳ
0.000 0.515 1.000 0.409 0.000 0.231 0.685 0.657 0.643 0.671 0.790 0.902 0.105 0.895 0.790 0.909 0.797 0.357 1.000 0.462 0.803 0.712 0.386 0.917 0.311 0.568 0.615 ሰ
0.500 0.750 1.000 1.000 1.000 1.000 1.000 1.000 1.000 1.000 0.333 0.500 0.833 1.000 1.000 0.667 0.667 0.833 1.000 1.000 1.000 1.000 1.000 1.000 1.000 0.778 0.450 ፡
0.555 0.855 0.391 0.000 0.000 0.464 0.891 0.573 0.291 0.000 0.009 0.709 0.918 0.645 0.418 0.409 1.000 0.327 0.691 1.000 0.482 0.818 0.100 0.655 0.927 0.582 0.705 አ
0.308 0.867 0.735 0.000 0.000 0.242 0.842 0.811 0.533 0.075 0.067 0.758 1.000 0.708 0.292 0.592 1.000 0.644 1.000 0.958 0.892 1.000 0.258 0.700 0.733 0.580 0.589 ኦ
0.333 0.900 0.758 0.000 0.000 0.354 0.831 0.818 0.508 0.069 0.025 0.683 1.000 0.717 0.325 0.577 1.000 0.559 0.908 1.000 0.658 0.733 0.152 0.900 0.875 0.595 0.604 አ
0.610 0.909 0.688 0.000 0.000 0.610 0.864 0.727 0.511 0.455 0.000 0.000 0.662 1.000 0.805 0.000 0.205 0.948 0.966 0.286 0.000 0.625 0.922 0.739 0.000 0.700 0.591 ነ
0.533 0.917 0.350 0.000 0.000 0.317 0.875 0.650 0.300 0.000 0.085 0.838 0.877 0.585 0.285 0.733 0.908 0.133 0.750 0.917 0.767 0.617 0.025 0.783 0.775 0.596 0.663 አ
0.608 0.917 0.425 0.000 0.000 0.438 0.954 0.692 0.300 0.023 0.117 0.858 0.900 0.625 0.358 0.692 0.946 0.169 0.677 0.992 0.800 0.708 0.000 0.658 0.875 0.603 0.624 አ
0.450 0.983 0.379 0.000 0.000 0.254 0.808 0.881 0.662 0.000 0.054 0.838 0.951 0.838 0.254 0.523 0.992 0.371 0.992 0.677 0.625 0.725 0.152 0.875 0.642 0.602 0.678 አ
0.821 0.990 0.438 0.000 0.000 0.571 0.677 0.573 0.552 0.512 0.000 0.000 0.625 1.000 0.774 0.000 0.240 0.979 0.979 0.202 0.000 0.552 0.990 0.823 0.000 0.696 0.718 ነ
0.463 0.873 0.571 0.016 0.019 0.667 1.000 0.762 0.556 0.444 0.074 0.111 0.365 1.000 0.833 0.056 0.000 0.540 1.000 0.519 0.000 0.000 0.714 1.000 0.370 0.646 0.707 ነ
0.167 0.787 0.858 0.046 0.000 0.077 0.838 0.800 0.479 0.051 0.060 0.786 0.954 0.641 0.299 0.752 0.966 0.208 0.846 0.949 0.880 0.861 0.092 0.870 0.824 0.644 0.634 አ
0.708 0.963 0.861 0.065 0.000 0.596 1.000 0.949 0.624 0.500 0.021 0.185 0.741 1.000 0.844 0.000 0.291 1.000 1.000 0.375 0.000 0.278 0.861 0.870 0.115 0.664 0.611 ነ
0.607 0.865 0.938 0.073 0.000 0.615 0.808 0.923 0.673 0.473 0.000 0.000 0.729 1.000 0.857 0.000 0.125 0.913 0.981 0.418 0.000 0.438 1.000 0.865 0.012 0.707 0.682 ነ
0.714 0.979 0.952 0.219 0.000 0.643 0.812 0.881 0.615 0.548 0.000 0.146 0.917 1.000 0.774 0.012 0.656 1.000 0.958 0.238 0.238 0.906 0.929 0.781 0.000 0.725 0.652 ነ
0.108 0.858 0.933 0.233 0.000 0.350 1.000 0.883 0.992 0.492 0.808 0.942 0.150 0.933 0.867 0.975 0.767 0.025 0.925 0.783 0.975 0.683 0.100 0.883 0.775 0.589 0.683 ለ
0.400 0.800 0.142 0.750 0.842 0.842 0.833 0.000 0.717 0.975 0.917 0.783 0.025 0.892 0.883 0.933 0.767 0.275 1.000 0.583 0.958 0.683 0.292 0.908 0.425 0.589 0.718 በ
0.203 0.923 0.596 0.776 0.825 0.112 0.987 0.821 0.974 0.455 0.441 0.833 0.878 0.462 0.154 0.329 0.276 0.141 0.994 0.517 0.000 0.000 0.378 0.962 0.280 0.585 0.677 ዳ
0.565 0.779 0.091 0.799 0.844 0.673 1.000 0.673 1.000 0.836 0.597 1.000 0.740 1.000 0.727 0.752 1.000 0.533 0.988 0.703 0.097 0.071 0.110 0.136 0.039 0.625 0.716 ዘ
0.454 0.808 0.385 0.831 0.831 0.846 1.000 0.354 0.969 0.746 0.900 0.954 0.723 0.954 0.285 0.062 0.062 0.108 0.946 0.862 0.000 0.000 0.392 0.969 0.585 0.623 0.709 ዓ
0.694 0.926 0.130 0.833 0.833 0.278 0.333 0.537 0.991 0.500 0.000 0.333 0.944 0.713 0.083 0.000 0.000 0.722 1.000 0.231 0.000 0.000 0.870 1.000 0.148 0.634 0.602 ን
0.400 0.831 0.441 0.923 0.862 0.854 0.992 0.420 1.000 0.731 0.957 0.957 0.857 0.964 0.314 0.054 0.092 0.378 1.000 0.585 0.000 0.000 0.643 1.000 0.338 0.621 0.674 ዓ
0.545 0.825 0.667 0.930 0.741 0.769 1.000 0.808 0.944 0.287 0.594 1.000 0.827 0.203 0.021 0.196 0.972 0.788 0.301 0.322 0.748 0.734 0.269 0.853 0.755 0.574 0.718 ደ
0.675 0.958 0.667 0.933 0.650 0.583 0.675 0.800 1.000 0.508 0.000 0.223 0.785 0.946 0.562 0.000 0.000 0.083 0.958 0.942 0.000 0.000 0.283 0.992 0.675 0.596 0.594 ን
0.733 0.950 1.000 0.950 0.267 1.000 1.000 1.000 0.875 0.167 0.222 0.625 0.792 0.583 0.167 0.389 0.958 1.000 1.000 0.833 0.133 0.600 0.800 0.850 0.533 0.708 0.453 ፡
0.583 0.833 0.617 0.954 0.861 0.806 0.907 0.717 1.000 0.787 0.000 0.037 0.817 1.000 0.361 0.000 0.528 1.000 0.722 0.019 0.000 0.583 0.950 0.509 0.000 0.650 0.652 ገ
0.761 1.000 0.354 0.970 0.807 0.458 0.528 0.537 1.000 0.604 0.000 0.111 0.778 0.919 0.330 0.000 0.000 0.287 1.000 0.719 0.000 0.000 0.374 0.939 0.466 0.632 0.671 ን
0.556 0.786 0.803 0.974 0.350 0.692 0.598 0.906 0.974 0.214 0.000 0.419 0.795 0.991 0.846 0.000 0.000 0.393 1.000 0.667 0.009 0.000 0.487 0.932 0.470 0.664 0.718 ን
0.625 0.858 0.792 0.975 0.758 0.592 0.700 0.942 1.000 0.558 0.050 0.417 0.792 0.983 0.633 0.000 0.000 0.392 1.000 0.742 0.000 0.000 0.408 0.883 0.517 0.617 0.632 ን
0.848 0.980 0.354 0.990 0.505 0.384 0.424 0.545 0.990 0.293 0.000 0.182 0.495 0.848 0.616 0.000 0.000 0.000 0.677 0.960 0.000 0.000 0.273 0.939 0.646 0.627 0.696 ን
0.643 0.964 1.000 1.000 0.786 0.429 0.607 0.750 0.714 0.214 0.156 0.250 0.344 0.375 0.281 0.679 1.000 1.000 1.000 0.893 0.571 0.929 1.000 0.857 0.536 0.750 0.427 ፡
0.000 1.000 1.000 1.000 1.000 0.000 1.000 1.000 1.000 1.000 0.000 0.333 1.000 1.000 0.667 0.667 0.667 1.000 1.000 0.667 0.500 1.000 1.000 1.000 0.000 0.722 0.450 ፡
0.867 1.000 1.000 1.000 0.933 0.722 1.000 1.000 1.000 0.944 0.067 0.200 0.250 0.333 0.200 0.667 0.667 0.667 0.722 0.778 0.533 0.867 1.000 0.867 0.800 0.739 0.426 ፡
0.500 1.000 1.000 1.000 1.000 0.667 0.667 1.000 1.000 1.000 0.333 0.333 1.000 1.000 0.333 1.000 1.000 1.000 1.000 0.000 0.500 0.500 1.000 0.500 0.000 0.722 0.429 ፡
0.000 1.000 1.000 1.000 0.500 0.333 1.000 1.000 1.000 0.667 0.000 0.667 1.000 1.000 0.000 0.333 1.000 1.000 1.000 0.000 0.000 0.500 1.000 0.500 0.000 0.722 0.450 ፡
0.786 0.943 1.000 1.000 0.464 0.938 1.000 1.000 1.000 0.438 0.250 0.875 1.000 1.000 0.688 0.594 1.000 1.000 1.000 0.969 0.429 0.800 0.929 0.886 0.607 0.735 0.472 ፡
0.606 0.818 0.455 1.000 0.505 0.485 0.505 0.808 1.000 0.212 0.000 0.148 0.694 0.944 0.602 0.000 0.000 0.263 1.000 0.667 0.000 0.000 0.404 0.980 0.465 0.567 0.584 ን
0.000 0.000 0.244 0.899 0.119 0.000 0.137 0.778 0.565 0.024 0.161 0.875 0.506 0.006 0.000 0.774 0.702 0.006 0.173 0.417 0.881 0.637 0.450 0.732 0.714 0.418 0.727 ረ
0.000 0.000 0.635 0.726 0.000 0.000 0.304 0.936 0.304 0.000 0.272 0.929 0.314 0.000 0.000 0.865 0.595 0.000 0.268 0.583 0.897 0.679 0.449 0.679 0.705 0.452 0.750 ረ
0.589 0.458 0.833 0.000 0.000 0.940 0.324 1.000 0.005 0.000 0.994 0.339 1.000 0.024 0.000 0.956 0.390 0.956 0.027 0.275 0.780 0.280 0.726 0.393 0.833 0.414 0.753 ቤ
0.218 0.136 0.545 0.591 0.773 0.909 0.373 0.927 0.627 0.600 1.000 0.298 0.967 0.264 0.000 1.000 0.509 0.982 0.127 0.000 0.936 0.745 0.591 0.000 0.000 0.461 0.825 ሆ
0.482 0.656 0.774 0.506 0.000 0.827 0.494 0.667 0.633 0.000 0.929 0.361 0.821 0.506 0.000 0.976 0.461 0.994 0.417 0.381 0.845 0.433 0.958 0.583 0.875 0.412 0.737 ቤ
0.313 0.436 0.810 0.108 0.005 0.790 0.497 0.856 0.313 0.005 0.897 0.390 0.923 0.323 0.000 0.933 0.497 0.995 0.179 0.159 0.846 0.313 0.790 0.605 0.774 0.430 0.735 ቤ
0.793 0.154 0.000 0.000 0.000 0.721 0.597 0.649 0.199 0.000 0.411 0.609 0.647 0.328 0.000 0.630 0.439 0.663 0.299 0.115 0.327 0.208 0.380 0.376 0.793 0.397 0.827 ኪ
0.765 0.290 0.000 0.009 0.000 0.819 0.692 0.667 0.321 0.000 0.475 0.668 0.683 0.378 0.008 0.665 0.516 0.769 0.276 0.140 0.475 0.389 0.547 0.552 0.833 0.378 0.721 ኪ
0.687 0.508 0.877 0.446 0.473 0.912 0.646 0.913 0.426 0.544 0.681 0.913 0.297 0.000 0.110 0.258 0.877 0.390 0.221 0.049 0.852 0.297 0.436 0.656 0.027 0.471 0.812 ድ
0.561 0.483 0.767 0.472 0.106 0.839 0.589 0.944 0.722 0.817 0.717 0.922 0.272 0.106 0.178 0.444 0.800 0.000 0.000 0.000 0.339 0.856 0.000 0.000 0.000 0.400 0.732 ዮ
0.375 0.700 0.850 0.800 0.875 0.938 0.650 0.550 0.750 0.812 0.750 0.900 0.400 0.200 0.188 0.188 0.750 0.150 0.000 0.000 0.812 0.500 0.000 0.000 0.000 0.421 0.727 ም
0.312 0.688 0.688 0.562 0.750 0.938 0.562 0.750 0.562 0.938 0.700 0.750 0.450 0.350 0.200 0.375 0.812 0.062 0.000 0.000 0.812 0.312 0.000 0.000 0.000 0.425 0.773 ዎ
0.681 0.566 0.984 0.341 0.297 0.940 0.698 0.956 0.896 0.852 0.709 1.000 0.357 0.269 0.231 0.269 0.984 0.077 0.000 0.000 0.044 0.929 0.264 0.000 0.000 0.436 0.782 ዮ
0.062 0.262 0.981 0.140 0.000 0.240 0.661 1.000 0.629 0.620 0.496 0.958 1.000 0.782 0.321 0.000 0.357 0.928 0.027 0.000 0.000 0.394 0.856 0.000 0.000 0.397 0.729 ተ
0.122 0.456 0.651 0.611 0.000 0.606 0.644 0.635 0.672 0.506 0.635 0.650 0.643 0.715 0.465 0.644 0.656 0.487 0.522 0.000 0.628 0.444 0.000 0.000 0.000 0.216 0.737 ው
0.000 0.232 0.815 0.010 0.000 0.000 0.245 0.942 0.045 0.000 0.055 0.318 1.000 0.418 0.482 0.845 0.682 1.000 0.436 0.991 0.879 0.374 0.898 0.313 0.697 0.423 0.759 ሐ
0.000 0.288 0.974 0.058 0.019 0.373 0.692 0.982 0.343 0.562 0.811 0.822 0.787 0.473 0.497 0.018 0.544 0.692 0.000 0.012 0.000 0.500 0.635 0.000 0.000 0.454 0.797 ተ
0.000 0.000 0.802 0.146 0.000 0.000 0.365 0.682 0.016 0.000 0.433 0.673 0.154 0.188 0.500 0.901 0.448 0.630 0.240 0.750 0.880 0.505 0.427 0.000 0.042 0.375 0.760 ራ
0.588 0.546 0.902 0.037 0.000 0.936 0.431 1.000 0.370 0.632 0.931 0.435 1.000 0.236 0.505 0.863 0.426 0.892 0.005 0.000 0.706 0.773 0.500 0.000 0.000 0.361 0.723 ፁ
0.000 0.000 0.550 0.062 0.000 0.000 0.125 0.700 0.000 0.000 0.312 0.625 0.800 0.500 0.562 0.875 0.438 0.650 0.312 0.812 0.188 0.062 0.150 0.250 1.000 0.471 0.800 ሓ
0.412 0.650 0.962 0.500 0.812 0.988 0.500 1.000 0.312 0.988 0.550 0.637 1.000 0.338 0.600 0.000 0.300 1.000 0.000 0.000 0.000 0.262 0.887 0.000 0.000 0.400 0.755 ዋ
0.410 0.487 0.840 0.673 0.878 0.942 0.429 0.994 0.615 0.994 0.556 0.533 0.994 0.586 0.627 0.006 0.199 1.000 0.212 0.000 0.000 0.256 0.981 0.128 0.000 0.467 0.722 ዋ
0.750 0.250 0.000 0.000 0.000 0.500 0.600 0.650 0.200 0.000 0.188 0.625 0.500 0.688 0.688 0.250 0.500 0.500 0.550 0.450 0.250 0.625 0.500 0.375 0.000 0.450 0.783 ሱ
0.000 0.000 0.700 0.300 0.000 0.000 0.000 0.700 0.400 0.125 0.188 0.500 0.850 0.800 0.688 0.688 0.400 0.700 0.500 0.750 0.938 0.400 0.700 0.350 0.875 0.421 0.727 ሐ
0.000 0.321 0.974 0.077 0.000 0.124 0.420 1.000 0.249 0.456 0.633 0.538 0.970 0.515 0.698 0.000 0.361 0.828 0.000 0.000 0.000 0.372 0.821 0.000 0.000 0.454 0.787 ተ
0.353 0.719 0.488 0.669 0.780 0.807 0.694 0.369 0.650 0.867 0.813 0.750 0.275 0.794 0.787 0.280 0.500 0.013 0.000 0.000 0.807 0.094 0.000 0.000 0.000 0.338 0.794 ም
0.154 0.405 0.673 0.500 0.667 0.814 0.446 0.958 0.351 0.949 0.718 0.661 0.935 0.482 0.801 0.276 0.845 0.310 0.042 0.071 0.801 0.494 0.000 0.000 0.000 0.469 0.779 ዎ
0.094 0.427 0.711 0.677 0.806 0.778 0.615 1.000 0.490 0.922 0.985 0.471 1.000 0.519 0.810 0.967 0.510 0.989 0.630 0.656 0.517 0.609 0.628 0.458 0.178 0.390 0.740 ወ
0.491 0.816 0.858 0.825 0.750 0.816 0.706 0.679 0.719 0.930 0.818 0.834 0.500 0.749 0.879 0.390 0.649 0.046 0.035 0.158 0.895 0.070 0.008 0.000 0.000 0.310 0.740 ም
0.000 0.009 0.704 0.463 0.657 0.375 0.508 0.975 0.175 0.950 0.733 0.442 0.858 0.225 0.917 0.000 0.183 0.892 0.300 0.817 0.000 0.093 0.954 0.324 0.731 0.367 0.772 ብ
0.182 0.528 0.806 0.611 0.737 0.737 0.583 0.972 0.444 0.899 0.945 0.400 0.983 0.325 0.945 0.939 0.407 0.991 0.389 0.879 0.697 0.426 0.639 0.333 0.394 0.389 0.778 ወ
0.343 0.657 0.722 0.606 0.667 0.919 0.505 0.917 0.313 0.899 1.000 0.495 0.917 0.273 0.960 0.949 0.535 0.870 0.313 0.960 0.778 0.707 0.833 0.586 0.586 0.394 0.759 ወ
0.000 0.637 0.907 0.352 0.000 0.055 0.143 0.918 0.632 0.533 0.841 0.473 1.000 0.478 0.967 0.341 0.440 1.000 0.225 0.159 0.000 0.269 0.984 0.005 0.000 0.464 0.730 ቅ
0.182 0.591 0.898 0.523 0.636 0.737 0.535 1.000 0.172 0.919 0.818 0.253 1.000 0.182 0.980 0.818 0.273 1.000 0.293 0.929 0.670 0.432 0.784 0.341 0.477 0.355 0.722 ወ
0.000 0.036 0.618 0.400 0.682 0.527 0.509 0.927 0.136 0.945 0.603 0.190 0.975 0.149 1.000 0.000 0.000 1.000 0.209 1.000 0.000 0.000 0.809 0.164 0.718 0.427 0.870 ብ
0.786 0.544 0.000 0.015 0.000 0.661 0.775 0.211 0.000 0.000 0.346 0.937 0.683 0.285 0.510 0.682 0.593 1.000 0.309 0.542 0.656 0.500 0.853 0.005 0.000 0.361 0.750 ኡ
0.636 0.733 0.000 0.000 0.026 0.487 0.821 0.385 0.000 0.000 0.324 0.995 0.665 0.038 0.010 0.856 0.677 1.000 0.190 0.159 0.646 0.272 0.591 0.549 0.887 0.431 0.795 ኤ
0.319 0.670 0.099 0.000 0.011 0.306 0.908 0.372 0.000 0.015 0.209 0.962 0.742 0.121 0.016 0.750 0.638 0.903 0.541 0.306 0.923 0.341 0.819 0.654 0.681 0.450 0.818 ኤ
0.490 0.688 0.000 0.000 0.000 0.406 0.938 0.500 0.000 0.000 0.415 1.000 0.750 0.018 0.000 0.893 0.562 0.996 0.201 0.263 0.678 0.250 0.654 0.534 0.755 0.400 0.821 ኤ
0.710 0.595 0.805 0.238 0.000 0.738 0.905 0.933 0.114 0.010 0.822 0.978 0.902 0.053 0.022 0.843 0.519 0.957 0.610 0.495 0.090 0.052 0.124 0.448 0.286 0.472 0.788 ዜ
0.163 0.962 0.712 0.524 0.000 0.080 1.000 0.888 0.138 0.000 0.143 0.951 0.612 0.281 0.455 0.446 0.281 0.759 0.518 0.433 0.005 0.000 0.812 0.260 0.000 0.400 0.771 ዱ
0.364 0.583 0.621 0.386 0.000 0.496 0.841 0.902 0.189 0.000 0.405 0.985 0.606 0.152 0.000 0.612 0.258 0.879 0.371 0.041 0.000 0.076 0.856 0.530 0.793 0.472 0.895 ዲ
0.062 0.450 0.600 0.250 0.000 0.250 0.750 0.650 0.200 0.000 0.200 0.760 0.520 0.160 0.150 0.500 0.050 0.650 0.600 0.938 0.000 0.100 0.800 0.150 0.250 0.447 0.739 ዱ
0.022 0.754 0.429 0.000 0.004 0.406 0.786 0.824 0.263 0.000 0.897 0.330 0.903 0.348 0.000 0.991 0.402 1.000 0.219 0.219 0.455 0.170 0.496 0.455 0.612 0.455 0.854 ሲ
0.077 0.333 0.464 0.869 0.385 0.473 0.978 0.418 0.286 0.183 0.917 0.905 0.774 0.268 0.474 0.201 0.687 0.841 0.665 0.740 0.000 0.565 0.613 0.060 0.000 0.453 0.806 ፍ
0.009 0.352 0.615 0.639 0.741 0.425 0.717 0.938 0.333 0.942 0.815 0.389 0.923 0.296 0.963 0.883 0.283 0.923 0.533 0.808 0.731 0.630 0.530 0.278 0.037 0.377 0.754 ወ
0.744 0.458 0.894 0.137 0.304 0.824 0.819 0.713 0.500 0.802 0.687 0.857 0.123 0.044 0.121 0.203 0.797 0.385 0.126 0.000 0.714 0.429 0.661 0.399 0.000 0.440 0.787 ድ
0.172 0.094 0.776 0.823 0.417 0.891 0.771 0.932 0.516 0.828 0.899 0.596 0.885 0.438 0.803 0.016 0.318 0.896 0.490 0.760 0.000 0.297 0.812 0.490 0.677 0.356 0.722 ብ
0.042 0.389 0.613 0.833 0.488 0.269 0.985 0.374 0.518 0.214 0.542 0.889 0.042 0.011 0.000 0.648 0.785 0.110 0.441 0.451 0.304 0.511 0.315 0.711 0.601 0.426 0.773 ር
0.000 0.378 0.578 0.850 0.572 0.278 0.989 0.250 0.539 0.283 0.662 0.744 0.000 0.021 0.000 0.872 0.544 0.000 0.267 0.644 0.728 0.689 0.478 0.633 0.767 0.401 0.722 ር
0.506 0.372 0.601 0.589 0.000 0.649 0.744 0.851 0.544 0.000 0.583 0.700 0.893 0.478 0.000 0.720 0.578 0.887 0.794 0.690 0.768 0.333 0.881 0.739 0.476 0.441 0.723 ዜ
0.250 0.700 0.750 0.450 0.188 0.500 0.750 0.812 0.550 0.938 0.300 0.760 0.200 0.040 0.350 0.312 0.650 0.375 0.200 0.000 0.812 0.100 0.250 0.650 0.000 0.472 0.773 ድ
0.656 0.633 0.922 0.361 0.272 0.822 0.767 0.906 0.556 0.828 0.644 0.939 0.250 0.022 0.094 0.356 0.894 0.228 0.172 0.000 0.783 0.456 0.628 0.617 0.000 0.423 0.789 ድ
0.021 0.451 0.862 0.000 0.000 0.400 0.814 0.910 0.600 0.414 0.728 0.944 0.769 0.697 0.308 0.029 0.729 0.824 0.657 0.605 0.005 0.610 0.538 0.221 0.272 0.420 0.797 ቱ
0.000 0.348 0.714 0.000 0.014 0.467 0.754 0.875 0.629 0.619 0.773 0.896 0.771 0.354 0.271 0.000 0.625 0.674 0.080 0.262 0.019 0.504 0.647 0.696 0.824 0.453 0.779 ቱ
0.346 0.614 0.700 0.600 0.746 0.862 0.729 0.715 0.650 0.808 0.657 0.792 0.329 0.292 0.189 0.346 0.500 0.008 0.000 0.000 0.600 0.214 0.008 0.014 0.008 0.373 0.887 ም
0.722 0.500 0.911 0.244 0.289 0.850 0.790 0.700 0.670 0.770 0.544 0.944 0.089 0.033 0.100 0.160 0.890 0.430 0.200 0.000 0.867 0.422 0.567 0.422 0.000 0.430 0.811 ጽ
0.047 0.074 0.722 0.870 0.549 0.678 0.844 1.000 0.674 0.867 0.408 0.358 1.000 0.451 0.864 0.027 0.152 1.000 0.544 0.804 0.043 0.059 0.380 0.193 0.176 0.434 0.911 ብ
0.108 0.500 0.637 0.770 0.471 0.681 0.980 0.828 0.701 0.456 0.910 0.846 0.778 0.670 0.529 0.971 0.922 0.755 0.789 0.431 0.588 0.745 0.750 0.608 0.196 0.352 0.770 ወ
0.000 0.253 0.899 0.192 0.000 0.091 0.755 0.609 0.709 0.382 0.636 0.808 0.424 0.333 0.859 0.973 0.536 1.000 0.364 0.955 0.515 0.343 0.566 0.263 0.889 0.422 0.796 ል
0.119 0.504 0.424 0.600 0.763 0.607 0.813 0.438 0.733 0.800 0.800 0.659 0.361 0.785 0.815 0.800 0.647 0.237 0.387 0.480 0.681 0.644 0.097 0.000 0.030 0.299 0.796 መ
0.452 0.821 0.674 0.853 0.544 0.913 0.889 0.428 0.770 0.591 0.913 0.853 0.144 0.762 0.476 0.127 0.103 0.000 0.770 0.302 0.000 0.000 0.015 0.873 0.810 0.275 0.737 ሜ
0.000 0.328 0.883 0.083 0.000 0.051 0.760 0.605 0.774 0.174 0.561 0.833 0.383 0.547 0.622 0.949 0.644 0.872 0.505 0.713 0.617 0.464 0.489 0.458 0.606 0.397 0.725 ል
0.036 0.202 0.345 0.423 0.373 0.501 0.997 0.569 0.784 0.922 0.587 0.987 0.310 0.714 0.630 0.549 0.476 0.028 0.059 0.022 0.179 0.143 0.053 0.036 0.006 0.390 0.932 ም
0.164 0.450 0.492 0.742 0.209 0.809 0.758 0.683 0.833 0.373 0.909 0.758 0.894 0.856 0.298 0.136 0.467 0.750 0.008 0.055 0.018 0.317 0.675 0.442 0.709 0.435 0.825 ዊ
0.000 0.195 0.764 0.144 0.044 0.444 0.924 0.439 0.867 0.597 0.796 0.790 0.893 0.729 0.679 0.184 0.290 0.561 0.367 0.092 0.000 0.241 0.802 0.000 0.000 0.471 0.744 ።
0.027 0.138 0.456 0.677 0.560 0.367 0.924 1.000 0.900 0.959 0.846 0.882 0.738 0.923 0.890 0.117 0.062 0.038 0.919 0.551 0.049 0.021 0.051 0.749 0.352 0.457 0.797 ግ
0.161 0.615 0.774 0.867 0.815 0.594 0.972 0.617 0.915 0.912 0.597 1.000 0.391 0.539 0.367 0.528 0.625 0.011 0.009 0.031 0.336 0.152 0.017 0.024 0.030 0.341 0.880 ም
0.000 0.116 0.790 0.188 0.000 0.366 0.804 0.824 0.933 0.379 0.795 0.911 0.744 0.924 0.531 0.317 0.487 0.647 0.473 0.125 0.018 0.085 0.647 0.000 0.000 0.429 0.733 ።
0.000 0.000 0.846 0.421 0.036 0.157 0.795 0.457 1.000 0.319 0.759 0.990 0.851 0.964 0.754 0.176 0.471 0.414 0.638 0.186 0.000 0.000 0.846 0.215 0.015 0.420 0.808 ።
0.031 0.223 0.012 0.000 0.000 0.496 0.906 0.254 0.008 0.016 0.145 0.914 0.477 0.000 0.000 0.637 0.734 0.973 0.227 0.027 0.637 0.273 0.648 0.453 0.773 0.500 0.894 ኤ
0.705 0.667 0.042 0.000 0.000 0.659 0.764 0.569 0.611 0.538 0.083 0.896 0.438 0.611 0.818 0.356 1.000 0.201 0.639 0.795 0.356 0.965 0.167 0.785 0.773 0.518 0.747 ከ
0.483 0.951 0.077 0.000 0.000 0.487 0.890 0.468 0.558 0.545 0.573 0.860 0.126 0.636 0.944 0.571 0.974 0.110 0.727 0.864 0.469 0.958 0.028 0.720 0.685 0.563 0.741 ከ
0.556 0.933 0.100 0.000 0.000 0.485 0.869 0.434 0.515 0.515 0.667 0.844 0.178 0.600 0.978 0.606 0.949 0.121 0.687 0.859 0.489 0.844 0.056 0.667 0.711 0.573 0.842 ከ
0.617 0.642 0.000 0.000 0.033 0.500 0.767 0.667 0.567 0.850 0.031 0.908 0.592 0.638 0.954 0.175 1.000 0.367 0.758 0.850 0.142 0.908 0.392 0.667 0.750 0.561 0.731 ከ
0.513 0.853 0.071 0.032 0.000 0.462 0.942 0.449 0.603 0.327 0.340 0.942 0.301 1.000 0.474 0.679 0.897 0.154 1.000 0.442 0.481 0.731 0.212 0.827 0.212 0.508 0.803 ከ
0.214 0.516 0.423 0.033 0.000 0.446 0.882 0.846 0.421 0.000 0.055 0.374 1.000 0.984 0.516 0.031 0.708 0.903 0.718 0.949 0.049 0.396 0.434 0.407 0.566 0.522 0.861 እ
0.360 0.809 0.491 0.036 0.000 0.127 0.446 0.934 0.264 0.255 0.864 0.744 0.942 0.595 0.773 0.336 0.587 0.876 0.223 0.345 0.000 0.427 0.809 0.000 0.020 0.500 0.845 ት
0.423 0.842 0.546 0.046 0.000 0.102 0.485 0.974 0.316 0.270 0.867 0.776 0.980 0.633 0.781 0.321 0.643 0.934 0.291 0.342 0.000 0.439 0.837 0.000 0.031 0.500 0.795 ቅ
0.314 0.916 0.693 0.076 0.000 0.148 0.618 1.000 0.298 0.300 0.752 0.947 0.973 0.880 0.681 0.000 0.498 0.916 0.120 0.119 0.000 0.600 0.742 0.000 0.000 0.514 0.922 ት
0.302 0.884 0.600 0.116 0.004 0.027 0.347 1.000 0.218 0.244 0.579 0.975 0.971 0.854 0.512 0.071 0.436 0.938 0.022 0.027 0.089 0.338 0.831 0.067 0.000 0.507 0.847 ት
0.188 0.875 0.600 0.125 0.000 0.050 0.250 0.840 0.250 0.000 0.125 0.312 0.800 0.562 0.500 0.700 0.350 0.680 0.350 0.750 0.750 0.312 0.650 0.188 0.688 0.528 0.818 ሕ
0.000 0.688 0.688 0.125 0.000 0.250 0.812 0.750 0.688 0.062 0.625 0.625 0.375 0.875 0.312 0.875 0.812 0.750 0.562 0.562 0.812 0.500 0.250 0.250 0.750 0.500 0.727 ል
0.012 0.599 0.615 0.159 0.000 0.036 0.192 0.941 0.456 0.343 0.834 0.566 1.000 0.604 0.994 0.189 0.352 1.000 0.401 0.325 0.000 0.280 0.852 0.016 0.000 0.515 0.878 ቅ
0.053 0.067 0.162 0.262 0.080 0.462 0.738 0.758 0.853 0.360 0.907 0.684 0.863 0.929 0.373 0.391 0.604 0.825 0.227 0.080 0.013 0.333 0.675 0.364 0.636 0.493 0.835 ዊ
0.308 0.458 0.654 0.300 0.017 0.492 0.792 0.800 0.083 0.000 0.320 0.777 0.613 0.414 0.500 0.667 0.138 0.779 0.454 0.317 0.000 0.000 0.871 0.196 0.000 0.474 0.837 ዱ
0.000 0.000 0.550 0.438 0.000 0.100 0.450 0.720 0.750 0.750 0.300 0.700 0.760 0.700 0.500 0.200 0.200 0.440 0.100 0.000 0.938 0.250 0.000 0.000 0.000 0.553 0.826 ቃ
0.160 0.147 0.404 0.489 0.396 0.042 0.800 0.504 0.458 0.538 0.358 0.954 0.098 0.067 0.062 0.562 0.904 0.469 0.754 0.754 0.018 0.280 0.071 0.084 0.253 0.514 0.871 ር
0.345 0.536 0.058 0.600 0.664 0.609 1.000 0.322 0.927 0.845 0.727 1.000 0.364 1.000 0.664 0.909 0.845 0.099 1.000 0.636 0.882 0.682 0.116 0.918 0.555 0.573 0.743 ዘ
0.000 0.062 0.632 0.632 0.028 0.692 0.865 0.955 0.641 0.000 0.340 0.282 0.462 0.878 0.609 0.000 0.000 0.115 0.974 0.519 0.021 0.000 0.319 0.951 0.243 0.492 0.766 ኀ
0.188 0.562 0.688 0.688 0.812 0.750 0.500 0.850 0.350 0.850 0.438 0.625 0.875 0.375 0.438 0.000 0.400 0.750 0.050 0.200 0.000 0.188 0.438 0.562 0.938 0.556 0.783 ዊ
0.188 0.562 0.688 0.688 0.812 0.750 0.500 0.850 0.350 0.850 0.438 0.625 0.875 0.375 0.438 0.000 0.400 0.750 0.050 0.200 0.000 0.188 0.438 0.562 0.938 0.556 0.783 ሚ
0.083 0.303 0.458 0.780 0.705 0.712 0.932 0.132 0.470 0.311 0.742 0.780 0.604 0.598 0.000 0.000 0.000 0.750 0.864 0.000 0.000 0.000 0.778 0.788 0.000 0.567 0.723 ና
0.205 0.923 0.436 0.827 0.603 0.212 1.000 0.603 0.968 0.308 0.083 0.946 0.881 0.345 0.286 0.038 0.429 0.872 0.615 0.968 0.788 0.481 0.160 0.321 0.263 0.548 0.785 ይ
0.042 0.469 0.309 0.840 0.625 0.556 0.889 0.074 0.457 0.333 0.917 0.642 0.000 0.000 0.000 1.000 0.568 0.000 0.160 0.417 0.597 0.593 0.012 0.519 0.875 0.524 0.774 ር
0.176 0.852 0.445 0.872 0.522 0.203 1.000 0.753 0.903 0.187 0.066 0.959 0.797 0.281 0.407 0.000 0.648 0.769 0.587 0.912 0.791 0.633 0.280 0.189 0.132 0.523 0.805 ይ
0.864 0.570 0.074 0.884 0.455 0.942 0.591 0.545 0.902 0.133 0.708 0.977 0.856 0.212 0.000 0.267 1.000 0.470 0.409 0.508 0.255 0.959 0.331 0.479 0.609 0.546 0.730 ዩ
0.000 0.000 0.556 0.889 0.778 0.333 0.778 1.000 0.000 1.000 0.889 0.444 0.889 0.111 1.000 0.000 0.333 0.667 0.222 1.000 0.000 0.333 0.889 0.333 1.000 0.500 0.750 ብ
0.699 0.558 0.481 0.929 0.049 0.650 0.776 0.744 0.564 0.000 0.481 1.000 0.464 0.125 0.357 0.084 0.731 0.590 0.519 0.881 0.748 0.609 0.199 0.071 0.056 0.565 0.805 ይ
0.125 0.688 0.562 0.938 0.188 0.450 0.850 0.500 0.600 0.050 0.375 0.875 0.125 0.062 0.438 0.250 0.800 0.400 0.350 0.750 0.812 0.250 0.062 0.062 0.000 0.556 0.818 ደ
0.310 0.798 0.393 0.988 0.185 0.351 1.000 0.768 0.744 0.042 0.083 0.939 0.856 0.211 0.494 0.054 0.690 0.786 0.589 0.833 0.780 0.440 0.000 0.000 0.006 0.552 0.807 ይ
0.302 0.794 0.190 1.000 0.587 0.794 0.905 0.000 0.873 0.905 0.889 0.873 0.000 0.889 0.952 0.825 0.921 0.079 1.000 0.730 0.683 0.794 0.111 0.873 0.476 0.573 0.774 በ
0.644 0.917 0.639 1.000 0.470 0.587 1.000 0.827 0.944 0.238 0.385 1.000 0.833 0.231 0.028 0.126 0.867 0.763 0.203 0.147 0.811 0.773 0.403 0.955 0.742 0.559 0.766 ደ
0.000 0.040 0.750 0.520 0.000 0.009 0.436 0.718 0.109 0.000 0.500 0.770 0.490 0.050 0.000 0.945 0.582 0.827 0.064 0.264 0.530 0.340 0.430 0.400 0.830 0.480 0.889 ራ
0.533 0.917 0.775 0.000 0.000 0.258 0.842 0.800 0.417 0.000 0.077 0.815 0.915 0.731 0.377 0.583 1.000 0.233 0.842 0.933 0.450 0.750 0.050 0.883 0.683 0.561 0.750 አ
0.566 0.699 0.741 0.944 0.077 0.797 0.923 0.909 0.706 0.014 0.448 1.000 0.727 0.077 0.000 0.014 0.797 0.818 0.322 0.322 0.476 0.902 0.427 0.657 0.706 0.549 0.782 ደ
0.096 0.225 0.724 0.698 0.000 0.718 0.941 0.910 0.757 0.019 0.487 0.544 0.494 0.822 0.840 0.000 0.018 0.045 0.781 0.840 0.071 0.018 0.038 0.680 0.436 0.525 0.735 ኀ
0.000 0.500 0.875 0.188 0.000 0.125 0.750 0.812 0.812 0.125 0.500 0.750 0.250 0.750 0.438 0.812 0.750 0.750 0.375 0.750 0.875 0.625 0.312 0.125 0.688 0.500 0.727 ል
0.018 0.661 0.810 0.157 0.009 0.118 0.240 1.000 0.347 0.145 0.917 0.758 0.992 0.712 0.825 0.218 0.562 0.876 0.380 0.291 0.000 0.471 0.818 0.017 0.000 0.529 0.765 ት
0.201 0.857 0.740 0.159 0.000 0.249 0.473 1.000 0.242 0.183 0.923 0.819 0.852 0.555 0.692 0.124 0.588 0.692 0.011 0.036 0.000 0.621 0.627 0.000 0.000 0.484 0.824 ት
0.500 0.951 0.776 0.993 0.403 0.679 1.000 0.870 0.968 0.205 0.295 1.000 0.964 0.295 0.000 0.090 0.692 0.917 0.423 0.365 0.500 0.653 0.192 0.729 0.799 0.517 0.766 ደ
0.111 0.272 0.790 0.617 0.000 0.722 0.914 0.963 0.716 0.236 0.637 0.467 0.167 0.644 0.988 0.000 0.173 0.383 0.765 0.667 0.528 0.877 0.309 0.074 0.000 0.536 0.737 ኃ
0.109 0.782 0.782 0.091 0.000 0.116 0.479 1.000 0.380 0.355 0.802 0.744 1.000 0.488 0.926 0.364 0.521 0.992 0.314 0.182 0.000 0.282 0.900 0.018 0.000 0.480 0.860 ቅ
0.056 0.767 0.740 0.689 0.856 0.010 0.758 0.927 0.949 0.404 0.222 0.717 0.955 0.545 0.242 0.465 0.384 0.209 0.939 0.646 0.000 0.000 0.170 0.978 0.478 0.571 0.860 ዳ
0.105 0.410 0.781 0.290 0.019 0.533 0.933 0.962 1.000 0.433 0.915 0.714 0.647 0.978 0.661 0.305 0.476 0.805 0.229 0.133 0.000 0.333 0.571 0.052 0.067 0.542 0.758 ።
0.000 0.269 0.934 0.088 0.000 0.385 0.582 0.907 0.374 0.497 0.793 0.725 0.747 0.659 0.521 0.000 0.588 0.632 0.022 0.030 0.000 0.648 0.527 0.022 0.000 0.477 0.824 ተ
0.000 0.591 1.000 0.303 0.000 0.133 0.727 0.811 0.531 0.503 0.765 0.947 0.053 0.795 0.939 0.944 0.790 0.140 0.979 0.671 0.856 0.682 0.318 0.947 0.409 0.560 0.753 ሰ
0.000 0.769 0.832 0.028 0.007 0.049 0.483 0.846 0.678 0.524 0.476 1.000 0.203 0.867 0.811 0.790 0.916 0.238 1.000 0.476 0.755 0.762 0.462 0.986 0.238 0.549 0.792 ስ
0.740 0.370 0.910 0.440 0.540 0.918 0.600 0.918 0.300 0.545 0.670 0.900 0.290 0.000 0.000 0.282 0.818 0.264 0.264 0.000 0.810 0.220 0.340 0.720 0.020 0.480 0.889 ጽ
0.000 0.000 0.800 0.400 0.000 0.200 0.280 0.800 0.640 0.550 0.300 0.320 0.800 0.400 0.450 0.200 0.320 0.440 0.040 0.000 0.938 0.250 0.000 0.000 0.000 0.500 0.905 ታ
0.000 0.125 0.750 0.188 0.000 0.200 0.300 0.880 0.550 0.600 0.812 0.500 0.900 0.438 0.688 0.100 0.200 0.800 0.050 0.000 0.000 0.250 0.800 0.000 0.000 0.528 0.857 ተ
0.000 0.590 0.929 0.021 0.000 0.115 0.481 0.822 0.673 0.654 0.618 0.972 0.090 0.882 0.743 0.686 0.891 0.071 0.968 0.660 0.583 0.917 0.154 0.812 0.493 0.509 0.744 ስ
0.000 0.667 0.917 0.583 0.033 0.123 0.977 0.792 0.969 0.677 0.583 1.000 0.242 0.900 0.908 0.869 0.946 0.131 1.000 0.600 0.925 0.858 0.308 0.900 0.400 0.569 0.763 ለ
0.000 0.128 0.897 0.276 0.000 0.153 0.301 1.000 0.692 0.736 0.833 0.550 1.000 0.515 0.647 0.028 0.167 1.000 0.167 0.000 0.042 0.192 0.981 0.301 0.000 0.483 0.792 ተ
0.625 0.500 0.875 0.250 0.000 1.000 0.500 0.875 0.500 0.750 0.875 0.688 0.250 0.125 0.562 0.750 0.625 0.000 0.000 0.000 0.688 0.750 0.000 0.000 0.000 0.500 0.727 ዩ
0.000 0.167 1.000 0.333 0.083 0.250 0.500 1.000 0.583 0.750 0.867 0.400 1.000 0.400 0.733 0.167 0.333 1.000 0.000 0.000 0.000 0.333 1.000 0.000 0.000 0.559 0.773 ቀ
0.250 0.600 0.750 0.400 0.000 0.400 0.760 0.750 0.480 0.750 0.250 0.750 0.125 0.000 0.250 0.350 0.680 0.300 0.320 0.000 0.625 0.050 0.125 0.550 0.000 0.500 0.857 ድ
0.000 0.000 0.810 0.391 0.000 0.290 0.527 0.910 0.664 0.760 0.482 0.702 0.945 0.512 0.764 0.000 0.355 0.940 0.109 0.000 0.720 0.418 0.210 0.000 0.000 0.490 0.887 ቃ
0.125 0.500 0.750 0.700 0.875 0.800 0.760 0.840 0.760 0.800 0.938 0.850 0.550 0.250 0.188 0.400 0.840 0.200 0.000 0.000 0.688 0.400 0.000 0.000 0.000 0.474 0.783 ዎ
0.000 0.000 0.800 0.250 0.125 0.500 0.350 0.760 0.450 0.850 0.375 0.125 0.650 0.000 0.188 0.000 0.250 0.640 0.100 0.300 0.000 0.125 0.500 0.562 1.000 0.528 0.818 ቲ
0.375 0.625 0.800 0.750 0.812 0.938 0.375 0.600 0.500 0.875 0.550 0.700 0.680 0.400 0.400 0.375 0.750 0.150 0.000 0.000 0.875 0.500 0.000 0.000 0.000 0.500 0.739 ዎ
0.500 0.750 1.000 0.833 0.750 0.917 0.750 0.917 0.417 0.917 0.267 0.400 0.133 0.800 0.533 0.000 0.000 0.083 1.000 0.333 0.000 0.000 0.250 0.833 0.250 0.559 0.810 ግ
0.417 0.583 0.833 0.667 0.833 0.917 0.583 0.917 0.417 0.917 0.167 0.250 0.167 0.667 0.667 0.000 0.000 0.083 0.917 0.417 0.000 0.000 0.333 1.000 0.333 0.531 0.800 ግ
0.500 0.667 1.000 0.667 0.833 0.917 0.667 0.750 0.333 1.000 0.167 0.250 0.000 0.583 0.750 0.000 0.000 0.000 0.917 0.417 0.000 0.000 0.250 1.000 0.333 0.531 0.727 ግ
0.500 0.688 0.938 0.750 0.917 1.000 0.750 0.750 0.438 1.000 0.250 0.250 0.062 0.500 0.833 0.000 0.000 0.062 0.750 0.583 0.000 0.000 0.250 1.000 0.333 0.562 0.727 ግ
0.190 0.905 0.532 0.000 0.000 0.200 0.837 0.681 0.659 0.496 0.867 0.815 0.000 0.919 0.911 0.933 0.822 0.030 1.000 0.837 0.683 0.905 0.032 0.881 0.738 0.674 0.802 ስ
0.262 0.931 0.552 0.000 0.000 0.214 0.871 0.714 0.564 0.564 0.900 0.677 0.000 0.723 0.985 0.943 0.629 0.006 0.871 0.829 0.777 0.723 0.028 0.746 0.685 0.627 0.733 ስ
0.015 0.777 0.892 0.008 0.046 0.100 0.443 0.593 0.714 0.371 0.700 0.907 0.014 0.729 0.750 0.771 0.836 0.150 0.986 0.457 0.677 0.608 0.238 1.000 0.215 0.609 0.800 ስ
0.025 0.637 0.878 0.100 0.013 0.182 0.761 0.727 0.773 0.352 0.775 0.887 0.022 0.775 0.800 0.909 0.807 0.040 0.886 0.716 0.863 0.800 0.178 0.900 0.512 0.615 0.842 ስ
0.000 0.554 0.977 0.354 0.000 0.246 0.654 0.538 0.738 0.792 0.964 0.779 0.036 0.957 0.736 0.992 0.800 0.300 1.000 0.500 0.792 0.808 0.369 0.992 0.346 0.597 0.721 ሰ
0.000 0.542 0.955 0.333 0.000 0.138 0.562 0.657 0.700 0.592 0.650 0.900 0.038 0.717 0.925 0.892 0.746 0.084 0.938 0.692 0.892 0.592 0.182 0.875 0.450 0.595 0.744 ስ
0.000 0.677 0.682 0.000 0.000 0.023 0.313 0.932 0.626 0.398 0.708 0.722 0.042 0.630 0.969 0.875 0.576 0.000 0.747 0.784 0.750 0.495 0.034 0.909 0.511 0.635 0.963 ስ
0.092 0.860 0.862 0.021 0.000 0.164 0.792 0.764 0.552 0.621 0.614 0.909 0.050 0.714 0.957 0.879 0.792 0.043 0.942 0.707 0.838 0.685 0.085 0.944 0.569 0.625 0.744 ስ
0.250 0.917 0.688 0.083 0.000 0.267 0.867 0.750 0.800 0.467 0.833 0.750 0.062 0.667 0.667 1.000 0.667 0.150 0.867 0.667 1.000 0.750 0.250 0.917 0.750 0.667 0.900 ስ
0.250 0.833 0.833 0.167 0.000 0.467 1.000 0.733 0.667 0.667 0.917 0.750 0.083 0.500 1.000 1.000 0.667 0.000 0.667 1.000 1.000 0.667 0.000 0.667 1.000 0.694 0.783 ስ
0.000 0.500 0.967 0.025 0.000 0.075 0.508 0.700 0.675 0.458 0.642 0.958 0.100 0.817 0.817 0.883 0.692 0.142 0.992 0.525 0.717 0.517 0.192 0.950 0.342 0.583 0.779 ስ
0.000 0.583 0.977 0.144 0.000 0.123 0.643 0.958 0.629 0.438 0.646 0.902 0.105 0.888 0.838 0.923 0.706 0.203 1.000 0.508 0.767 0.591 0.371 0.970 0.267 0.585 0.797 ስ
0.000 0.545 0.902 0.196 0.000 0.071 0.526 0.896 0.669 0.552 0.682 0.994 0.123 0.877 0.870 0.844 0.942 0.487 1.000 0.636 0.811 0.783 0.441 0.986 0.322 0.602 0.821 ስ
0.119 0.548 0.448 0.107 0.000 0.155 0.940 0.958 0.607 0.238 0.738 0.929 0.135 0.833 0.940 0.845 0.857 0.427 0.905 0.512 0.095 0.369 0.427 0.190 0.000 0.733 0.952 ዕ
0.160 0.535 0.469 0.139 0.000 0.153 0.958 0.956 0.639 0.271 0.785 0.944 0.150 0.868 0.965 0.972 0.826 0.438 0.917 0.528 0.167 0.472 0.469 0.208 0.000 0.738 0.930 ፩
0.250 0.917 0.812 0.083 0.000 0.250 0.833 0.625 0.667 0.667 0.733 0.867 0.150 0.667 0.867 1.000 0.667 0.062 0.750 0.667 0.917 0.667 0.250 1.000 0.750 0.647 0.773 ስ
0.161 0.911 0.798 0.119 0.000 0.375 0.905 0.845 0.667 0.393 0.833 0.798 0.208 0.994 0.482 0.964 0.619 0.393 1.000 0.399 0.929 0.524 0.524 0.946 0.190 0.576 0.805 ስ
0.028 0.764 0.986 0.347 0.014 0.225 0.975 0.875 0.988 0.700 0.663 0.975 0.225 0.762 0.988 0.875 0.863 0.050 0.887 0.887 0.903 0.778 0.083 0.764 0.597 0.591 0.772 ስ
0.014 0.727 0.907 0.065 0.000 0.107 0.792 0.921 0.727 0.693 0.657 1.000 0.250 0.870 0.943 0.893 0.922 0.286 1.000 0.714 0.893 0.721 0.264 0.857 0.364 0.636 0.795 ስ
0.167 0.833 0.812 0.167 0.000 0.250 0.750 0.625 0.750 0.667 0.667 1.000 0.250 0.667 1.000 0.917 0.917 0.188 0.667 0.917 0.833 0.833 0.125 0.667 0.833 0.647 0.773 ስ
0.083 0.583 0.833 0.333 0.000 0.583 0.917 0.833 0.917 0.250 1.000 0.500 0.333 1.000 0.583 0.667 0.167 0.333 1.000 0.667 0.000 0.000 0.083 0.750 0.750 0.656 0.762 ላ
0.000 0.375 0.833 0.250 0.000 0.083 0.688 1.000 0.812 0.167 0.467 0.900 0.400 0.850 0.533 0.750 0.625 0.000 0.750 0.667 0.917 0.688 0.000 0.625 0.917 0.618 0.773 ለ
0.000 0.583 0.875 0.250 0.000 0.333 0.917 1.000 0.833 0.167 0.867 0.800 0.500 1.000 0.467 1.000 0.417 0.250 1.000 0.667 1.000 0.583 0.125 0.667 0.583 0.647 0.850 ለ
0.000 0.417 0.750 0.250 0.000 0.250 0.750 1.000 0.917 0.333 0.800 0.800 0.550 1.000 0.667 1.000 0.500 0.250 1.000 0.667 1.000 0.583 0.188 0.917 0.917 0.647 0.850 ለ
0.000 0.417 0.750 0.167 0.000 0.167 0.750 1.000 0.750 0.167 0.733 0.867 0.600 1.000 0.467 1.000 0.667 0.188 0.917 0.917 1.000 0.667 0.000 0.667 1.000 0.647 0.850 ለ
0.000 0.500 0.938 0.417 0.000 0.333 0.917 1.000 0.917 0.333 0.867 0.933 0.650 1.000 0.667 1.000 0.667 0.250 1.000 0.833 0.917 0.583 0.062 0.583 0.750 0.647 0.773 ለ
0.000 0.022 0.031 0.000 0.072 0.122 0.492 0.660 0.336 0.023 0.742 0.622 0.748 0.580 0.357 0.575 0.731 0.618 0.761 0.308 0.000 0.241 0.357 0.000 0.019 0.595 0.988 ።
0.250 0.812 0.500 0.000 0.000 0.067 0.750 0.750 0.150 0.000 0.067 0.700 0.750 0.550 0.400 0.533 0.900 0.150 0.650 0.733 0.750 0.688 0.000 0.375 0.750 0.632 0.905 አ
0.333 0.938 0.333 0.000 0.000 0.267 0.900 0.733 0.200 0.000 0.200 0.750 0.800 0.700 0.467 0.800 0.700 0.067 0.550 0.933 1.000 0.625 0.000 0.312 0.750 0.658 0.826 አ
0.157 0.933 0.907 0.142 0.000 0.028 0.692 0.926 0.575 0.056 0.157 0.750 0.898 0.667 0.426 0.750 0.900 0.074 0.775 0.981 0.556 0.592 0.148 0.892 0.778 0.616 0.757 አ
0.185 0.783 0.800 0.042 0.000 0.111 0.792 0.783 0.433 0.074 0.085 0.562 0.962 0.692 0.188 0.778 0.975 0.233 0.758 0.954 0.926 0.675 0.000 0.575 0.750 0.614 0.722 አ
0.032 0.591 0.786 0.240 0.000 0.000 0.084 1.000 0.364 0.162 0.745 0.764 1.000 0.491 0.679 0.071 0.403 0.961 0.013 0.000 0.000 0.390 0.883 0.000 0.000 0.590 0.720 ት
0.185 0.858 0.817 0.025 0.000 0.197 0.800 0.869 0.585 0.085 0.120 0.725 1.000 0.742 0.204 0.821 0.977 0.285 0.862 0.974 0.639 0.642 0.067 0.658 0.787 0.621 0.784 አ
0.256 0.854 0.915 0.100 0.000 0.043 0.577 0.892 0.523 0.034 0.051 0.669 1.000 0.769 0.222 0.658 0.992 0.315 0.815 0.957 0.744 0.738 0.031 0.762 0.863 0.639 0.772 አ
0.125 0.625 0.500 0.750 0.750 0.750 1.000 0.000 0.500 1.000 1.000 1.000 0.000 0.500 1.000 1.000 1.000 0.000 0.625 1.000 0.875 1.000 0.000 0.750 1.000 0.706 0.739 በ
0.294 0.748 0.490 0.937 0.678 0.776 0.923 0.049 0.825 0.951 0.981 0.818 0.026 0.890 0.935 0.902 0.923 0.266 1.000 0.727 0.741 0.916 0.455 0.909 0.566 0.589 0.805 በ
0.250 0.583 0.667 0.917 0.750 0.800 0.733 0.067 0.667 1.000 1.000 0.667 0.000 0.667 1.000 1.000 0.600 0.000 0.667 1.000 0.250 0.083 0.000 0.667 0.833 0.694 0.818 ባ
0.300 0.650 0.062 0.712 0.857 0.766 0.932 0.068 0.750 0.974 0.857 0.812 0.100 0.887 0.829 0.909 0.705 0.114 0.989 0.714 0.800 0.688 0.075 0.775 0.600 0.646 0.889 በ
0.083 0.500 0.500 0.688 0.917 0.583 0.812 0.083 0.312 0.500 0.933 0.650 0.000 0.000 0.000 1.000 0.688 0.000 0.312 0.333 0.667 0.750 0.500 0.688 0.500 0.618 0.739 ር
0.269 0.738 0.315 0.862 0.531 0.623 0.977 0.177 1.000 0.662 0.477 0.992 0.869 0.992 0.154 0.000 0.085 0.231 1.000 0.538 0.000 0.000 0.238 0.954 0.323 0.590 0.792 ዓ
0.075 0.256 0.344 0.622 0.613 0.688 0.911 0.189 0.589 0.375 0.739 0.657 0.545 0.394 0.000 0.000 0.000 0.878 0.700 0.000 0.000 0.022 0.889 0.633 0.000 0.585 0.825 ና
0.333 0.750 0.688 1.000 0.583 0.833 0.833 0.375 1.000 0.667 1.000 0.667 0.250 1.000 0.667 1.000 0.667 0.250 1.000 0.750 0.833 0.500 0.188 0.917 0.917 0.647 0.773 በ
0.000 0.250 0.500 0.667 0.833 0.000 0.667 0.500 0.667 0.917 0.000 0.583 0.875 0.333 0.083 0.167 0.417 0.875 0.417 0.000 1.000 0.917 0.188 0.000 0.000 0.700 0.870 ያ
0.167 0.833 0.417 1.000 0.000 0.333 0.867 0.533 0.733 0.000 0.167 1.000 0.750 0.000 0.000 0.267 0.733 0.600 0.467 0.467 1.000 0.333 0.000 0.250 0.583 0.583 0.900 ደ
0.000 0.000 0.750 0.667 0.000 0.200 0.533 0.600 0.800 0.600 0.667 1.000 0.250 0.667 1.000 0.867 0.800 0.100 0.667 1.000 0.917 0.667 0.000 0.667 0.917 0.667 0.818 ሰ
0.083 0.583 0.583 0.750 0.000 0.333 0.800 0.600 0.733 0.000 0.333 0.933 0.200 0.200 0.400 0.333 0.867 0.267 0.333 0.600 0.917 0.167 0.000 0.000 0.000 0.605 0.826 ደ
0.333 0.562 0.583 0.875 0.167 0.867 0.600 0.600 0.800 0.067 0.417 0.438 0.500 0.688 0.750 0.000 0.000 0.133 0.800 0.533 0.000 0.000 0.583 0.812 0.083 0.639 0.900 ን
0.167 0.833 0.583 0.917 0.000 0.333 0.867 0.600 0.667 0.000 0.167 1.000 0.250 0.083 0.000 0.200 0.733 0.400 0.533 0.400 1.000 0.250 0.000 0.417 0.583 0.583 0.818 ደ
0.157 0.500 0.214 0.700 0.871 0.300 1.000 0.614 0.957 0.414 0.000 0.600 1.000 0.486 0.000 0.071 0.186 0.443 0.929 0.486 0.857 0.929 0.043 0.000 0.000 0.650 0.862 ያ
0.000 0.176 0.981 0.620 0.000 0.148 0.583 0.639 0.750 0.454 0.722 0.852 0.019 0.880 0.806 0.907 0.685 0.352 1.000 0.509 0.694 0.880 0.833 0.685 0.028 0.598 0.757 ዕ
0.000 0.167 0.875 0.583 0.000 0.200 0.467 0.650 0.800 0.400 0.667 0.800 0.100 0.667 0.800 0.733 0.667 0.000 0.667 0.667 0.583 0.500 0.125 0.833 0.833 0.684 0.826 ለ
0.000 0.000 0.750 0.750 0.083 0.067 0.400 0.650 0.800 0.600 0.600 0.933 0.200 0.667 1.000 0.733 0.733 0.050 0.667 0.867 0.583 0.750 0.250 0.667 0.667 0.684 0.950 ሰ
0.000 0.333 1.000 0.917 0.250 0.333 0.667 0.667 0.800 0.600 0.933 0.667 0.000 0.667 1.000 1.000 0.667 0.000 0.667 1.000 0.750 0.500 0.000 0.583 0.917 0.711 0.826 ሰ
0.083 0.583 0.688 0.833 0.917 0.333 1.000 0.700 0.800 0.600 0.067 0.733 0.800 0.200 0.000 0.333 0.667 0.750 0.200 0.000 0.917 0.583 0.062 0.000 0.000 0.684 0.864 ያ
0.000 0.167 0.833 0.750 0.083 0.250 0.583 0.750 0.750 0.667 0.800 0.800 0.133 0.333 1.000 0.917 0.667 0.000 0.500 1.000 0.167 0.167 0.000 0.583 1.000 0.676 0.773 ሰ
0.000 0.000 0.562 0.750 0.000 0.583 0.625 0.750 0.750 0.333 0.600 0.400 0.150 0.550 1.000 0.000 0.000 0.000 0.625 0.917 0.000 0.000 0.000 0.750 0.667 0.588 0.850 ኀ
0.225 0.756 0.438 0.656 0.913 0.250 1.000 0.750 0.956 0.450 0.025 0.800 1.000 0.456 0.237 0.025 0.467 0.900 0.578 0.712 0.738 0.611 0.000 0.000 0.000 0.620 0.862 ዶ
0.000 0.265 0.889 0.504 0.000 0.145 0.530 0.778 0.718 0.573 0.810 0.889 0.000 0.754 0.937 0.889 0.786 0.068 0.991 0.658 0.838 0.726 0.179 0.957 0.427 0.637 0.827 ሰ
0.083 0.250 0.500 0.750 0.167 0.667 0.667 0.812 0.750 0.250 0.600 0.200 0.150 0.600 1.000 0.000 0.000 0.062 0.750 0.750 0.000 0.000 0.250 1.000 0.667 0.647 0.810 ኀ
0.144 0.339 0.476 0.442 0.154 0.404 1.000 0.817 0.996 0.303 0.303 1.000 0.990 0.558 0.014 0.072 0.862 0.769 0.741 0.880 0.630 0.701 0.298 0.259 0.188 0.586 0.962 ይ
0.000 0.125 0.583 0.625 0.000 0.417 0.688 0.833 0.688 0.083 0.533 0.250 0.200 0.650 0.667 0.000 0.000 0.000 0.688 0.583 0.000 0.000 0.250 0.938 0.333 0.618 0.773 ኀ
0.167 0.438 0.625 0.750 0.667 0.933 0.850 0.900 0.650 1.000 0.500 0.438 0.188 0.625 0.833 0.000 0.000 0.150 0.900 0.467 0.000 0.000 0.375 0.938 0.250 0.611 0.783 ግ
0.007 0.448 0.937 0.594 0.000 0.245 0.748 0.909 0.804 0.524 0.832 0.951 0.084 0.916 0.881 0.951 0.825 0.238 1.000 0.650 0.594 0.476 0.469 1.000 0.399 0.582 0.744 ሳ
0.000 0.615 0.885 0.492 0.000 0.177 0.731 0.915 0.700 0.554 0.946 0.923 0.008 0.946 0.877 0.938 0.938 0.246 1.000 0.654 0.762 1.000 0.877 0.800 0.123 0.615 0.793 ዕ
0.000 0.472 0.952 0.542 0.000 0.343 0.750 0.943 0.688 0.500 0.986 0.788 0.071 0.913 0.971 1.000 0.750 0.200 0.975 0.786 0.730 0.778 0.540 0.806 0.222 0.625 0.830 ዕ
0.300 0.769 0.908 1.000 0.885 0.546 1.000 0.946 0.993 0.669 0.177 0.965 0.938 0.182 0.000 0.100 0.545 1.000 0.762 0.077 0.792 0.839 0.385 0.189 0.023 0.631 0.833 ያ
0.000 0.500 1.000 0.438 0.000 0.167 0.812 1.000 0.875 0.167 0.667 0.850 0.600 1.000 0.467 1.000 0.562 0.167 0.875 0.667 0.917 0.562 0.000 0.688 0.833 0.618 0.773 ለ
0.000 0.438 1.000 0.438 0.000 0.083 0.750 1.000 0.875 0.167 0.533 0.850 0.333 0.850 0.533 0.833 0.625 0.000 0.750 0.667 0.750 0.688 0.000 0.438 0.667 0.618 0.850 ለ
0.778 0.981 0.759 0.019 0.000 0.560 0.833 0.800 0.617 0.520 0.000 0.000 0.519 1.000 1.000 0.000 0.017 0.817 1.000 0.660 0.000 0.148 0.981 1.000 0.378 0.721 0.811 ነ
0.500 0.964 0.964 0.071 0.000 0.369 0.810 0.726 0.452 0.405 0.000 0.000 0.527 1.000 0.780 0.000 0.083 0.881 1.000 0.393 0.000 0.381 0.929 0.917 0.333 0.693 0.760 ነ
0.689 0.852 0.907 0.093 0.000 0.700 0.833 0.950 0.683 0.540 0.000 0.000 0.700 1.000 0.980 0.000 0.167 0.933 1.000 0.500 0.000 0.444 1.000 0.833 0.089 0.727 0.772 ነ
0.375 0.833 0.833 0.167 0.000 0.500 0.800 0.600 0.400 0.400 0.000 0.000 0.667 1.000 0.750 0.000 0.400 0.933 0.733 0.200 0.000 0.500 0.917 0.333 0.000 0.750 0.818 ነ
0.375 0.750 0.667 0.167 0.000 0.500 0.800 0.600 0.333 0.300 0.000 0.000 0.667 1.000 0.750 0.000 0.267 0.867 0.733 0.100 0.000 0.500 0.917 0.417 0.000 0.750 0.818 ነ
0.597 0.833 0.833 0.119 0.000 0.628 0.835 0.890 0.451 0.385 0.000 0.024 0.798 1.000 0.917 0.000 0.516 1.000 0.912 0.308 0.306 0.952 1.000 0.750 0.097 0.750 0.773 ነ
0.750 0.833 0.625 0.083 0.000 0.800 0.800 0.600 0.400 0.300 0.000 0.167 0.750 1.000 0.875 0.100 0.600 1.000 0.867 0.300 0.375 0.750 0.875 0.583 0.000 0.778 0.857 ነ
0.750 0.833 0.875 0.250 0.000 0.800 0.867 0.700 0.400 0.400 0.000 0.167 0.750 1.000 0.750 0.000 0.600 1.000 0.733 0.200 0.125 0.750 1.000 0.417 0.000 0.778 0.818 ነ
1.000 1.000 0.750 0.167 0.000 0.750 0.750 0.625 0.500 0.375 0.000 0.200 0.800 1.000 0.800 0.125 0.667 1.000 0.833 0.250 0.375 0.833 0.875 0.667 0.000 0.765 0.810 ነ
0.433 0.633 0.292 0.667 0.267 0.508 0.492 0.662 0.992 0.262 0.000 0.354 0.923 0.792 0.185 0.015 0.000 0.262 1.000 0.585 0.025 0.000 0.342 0.967 0.375 0.610 0.756 ን
0.375 0.875 0.375 0.062 0.000 0.200 0.300 0.850 0.500 0.200 0.700 0.400 0.950 0.600 0.750 0.100 0.250 0.850 0.100 0.000 0.000 0.250 0.875 0.125 0.000 0.579 0.864 ት
0.438 0.875 0.312 0.062 0.000 0.100 0.400 1.000 0.400 0.200 0.550 0.400 0.850 0.450 0.800 0.000 0.300 0.750 0.000 0.000 0.000 0.438 0.812 0.062 0.000 0.579 0.864 ት
0.375 0.875 0.375 0.062 0.000 0.000 0.062 0.812 0.500 0.250 0.938 0.500 1.000 0.500 0.688 0.000 0.250 1.000 0.250 0.000 0.000 0.312 0.875 0.188 0.000 0.600 0.909 ት
0.417 0.688 0.667 0.688 0.000 0.933 0.600 0.600 0.700 0.067 0.500 0.500 0.417 0.625 0.667 0.000 0.000 0.267 0.850 0.400 0.000 0.125 0.833 0.750 0.000 0.639 0.900 ን
0.375 0.938 0.625 0.125 0.000 0.200 0.400 0.900 0.450 0.400 0.650 0.550 1.000 0.450 0.550 0.000 0.250 0.950 0.200 0.000 0.000 0.250 0.812 0.062 0.000 0.579 0.826 ት
0.438 0.938 0.375 0.062 0.000 0.250 0.550 1.000 0.400 0.350 0.750 0.550 1.000 0.550 0.750 0.050 0.300 0.800 0.050 0.000 0.000 0.500 0.812 0.062 0.000 0.579 0.950 ት
0.667 0.625 0.188 0.000 0.000 0.067 0.550 0.700 0.050 0.000 0.000 0.562 0.812 0.750 0.250 0.400 0.850 0.400 0.900 0.467 0.667 0.625 0.000 0.750 0.833 0.611 0.900 አ
0.667 0.833 0.167 0.000 0.000 0.533 0.600 0.600 0.467 0.067 0.067 0.600 0.933 0.400 0.000 0.667 1.000 0.467 0.133 0.133 0.333 0.250 0.417 0.917 0.833 0.711 0.826 ኒ
0.833 0.812 0.125 0.000 0.000 0.267 0.750 0.600 0.000 0.000 0.083 0.688 0.688 0.500 0.167 0.467 0.850 0.200 0.850 0.533 0.917 0.750 0.000 0.750 0.750 0.611 0.900 አ
0.417 0.875 0.250 0.000 0.000 0.267 0.850 0.650 0.150 0.000 0.133 0.700 0.800 0.600 0.267 0.667 0.850 0.150 0.800 0.667 1.000 0.688 0.062 0.688 0.667 0.632 0.950 አ
0.750 0.812 0.125 0.000 0.000 0.133 0.650 0.650 0.000 0.000 0.083 0.750 0.750 0.688 0.167 0.467 0.850 0.200 0.850 0.467 0.583 0.625 0.000 0.750 0.750 0.611 0.783 አ
0.589 0.892 0.431 0.000 0.000 0.239 0.554 0.985 0.338 0.350 0.878 0.800 1.000 0.646 0.928 0.583 0.672 1.000 0.349 0.356 0.000 0.277 0.985 0.133 0.022 0.585 0.887 ቅ
1.000 0.688 0.000 0.000 0.000 0.667 0.750 0.400 0.700 0.467 0.583 0.812 0.083 0.625 0.750 0.667 0.750 0.000 0.600 0.733 0.583 0.625 0.000 0.688 0.667 0.639 0.783 ስ
0.400 0.925 0.562 0.000 0.000 0.243 0.938 0.750 0.262 0.000 0.130 0.830 0.909 0.557 0.247 0.686 0.925 0.175 0.837 0.943 0.971 0.700 0.000 0.675 0.857 0.638 0.870 አ
0.538 0.925 0.162 0.000 0.000 0.466 0.898 0.625 0.284 0.000 0.075 0.837 0.950 0.600 0.325 0.580 0.966 0.250 0.693 0.966 0.837 0.700 0.000 0.600 0.762 0.625 0.762 አ
0.733 0.817 0.000 0.000 0.000 0.692 0.758 0.333 0.292 0.600 0.625 0.850 0.142 0.533 0.983 0.517 1.000 0.167 0.725 0.842 0.383 0.833 0.092 0.658 0.725 0.583 0.800 ከ
0.586 0.988 0.386 0.050 0.014 0.343 0.913 0.814 0.488 0.000 0.314 0.925 0.786 0.575 0.443 0.829 0.887 0.086 0.675 1.000 0.700 0.625 0.014 0.775 0.786 0.641 0.730 አ
0.556 0.775 0.375 0.675 0.806 0.407 1.000 0.692 0.975 0.380 0.185 0.942 0.967 0.242 0.000 0.009 0.192 0.667 0.817 0.333 0.407 0.942 0.300 0.042 0.000 0.633 0.750 ያ
0.521 0.957 0.547 0.043 0.000 0.373 0.929 0.944 0.397 0.000 0.162 0.949 0.821 0.846 0.410 0.738 0.984 0.135 0.762 0.944 0.573 0.709 0.000 0.821 0.821 0.643 0.741 አ
0.688 0.688 0.000 0.000 0.000 0.762 0.775 0.275 0.275 0.475 0.750 0.966 0.148 0.477 0.989 0.712 1.000 0.038 0.725 0.837 0.688 0.850 0.000 0.850 0.575 0.574 0.746 ከ
0.463 0.926 0.444 0.000 0.000 0.222 0.846 0.812 0.368 0.000 0.241 0.972 0.741 0.574 0.398 0.778 0.949 0.085 0.863 0.932 0.639 0.704 0.028 0.833 0.796 0.612 0.753 አ
0.717 0.992 0.300 0.017 0.000 0.625 0.983 0.850 0.525 0.000 0.331 0.985 0.823 0.785 0.662 0.842 0.917 0.058 0.717 0.958 0.717 0.700 0.017 0.725 0.742 0.596 0.731 አ
0.833 0.583 0.000 0.000 0.000 0.800 0.800 0.400 0.533 0.533 0.500 1.000 0.312 0.667 1.000 0.667 1.000 0.250 0.667 1.000 0.667 1.000 0.250 0.667 1.000 0.667 0.818 ስ
1.000 0.500 0.000 0.000 0.000 0.800 0.850 0.467 0.600 0.667 0.533 1.000 0.333 0.500 1.000 0.533 0.850 0.133 0.550 1.000 0.500 0.562 0.000 0.625 0.833 0.658 0.826 ስ
0.833 0.583 0.625 0.833 0.167 1.000 0.667 0.750 0.333 0.000 0.917 0.833 0.500 0.500 0.500 0.667 1.000 0.500 0.667 0.750 0.583 1.000 0.375 0.000 0.000 0.625 0.727 ዩ
0.636 0.692 0.410 0.916 0.112 0.776 0.776 0.808 0.643 0.000 0.594 1.000 0.647 0.098 0.154 0.154 0.895 0.468 0.559 0.979 0.643 0.608 0.205 0.336 0.308 0.600 0.844 ይ
0.577 0.762 0.308 0.962 0.323 0.708 0.892 0.783 0.700 0.046 0.450 1.000 0.487 0.221 0.357 0.100 0.715 0.643 0.700 0.908 0.831 0.585 0.210 0.200 0.077 0.621 0.775 ይ
0.517 0.783 0.558 0.937 0.364 0.636 1.000 0.905 0.714 0.052 0.427 1.000 0.718 0.063 0.000 0.240 0.909 0.827 0.481 0.494 0.685 0.587 0.071 0.455 0.531 0.587 0.733 ደ
0.402 0.849 0.468 0.746 0.223 0.054 0.651 0.825 0.310 0.062 0.616 0.976 0.659 1.000 0.304 0.688 0.849 0.833 0.635 0.045 0.571 0.508 0.357 0.675 0.473 0.705 0.971 ዕ
0.556 0.848 0.514 0.793 0.152 0.066 0.707 0.796 0.273 0.071 0.692 0.955 0.667 1.000 0.242 0.737 0.843 0.870 0.551 0.030 0.707 0.490 0.407 0.717 0.424 0.711 0.865 ፩
0.850 0.629 0.265 0.902 0.333 0.977 0.678 0.741 0.881 0.115 0.642 1.000 0.833 0.197 0.000 0.115 0.874 0.692 0.175 0.162 0.617 0.833 0.227 0.735 0.733 0.578 0.753 ደ
0.417 0.917 0.812 1.000 0.333 0.500 0.833 0.875 0.750 0.167 0.250 0.750 0.812 0.583 0.250 0.833 0.750 0.188 0.833 0.750 0.500 0.333 0.000 0.667 1.000 0.625 0.727 ጻ
0.639 0.736 0.395 0.986 0.569 0.917 0.903 0.778 0.931 0.181 0.611 1.000 0.938 0.333 0.000 0.139 0.889 0.864 0.472 0.444 0.667 0.958 0.148 0.736 0.847 0.589 0.776 ደ
0.676 0.963 0.742 0.991 0.815 0.248 0.513 0.946 0.897 0.239 0.000 0.148 0.492 0.926 0.713 0.009 0.000 0.385 1.000 0.641 0.000 0.000 0.642 0.954 0.417 0.638 0.763 ን
0.667 0.667 0.750 0.833 0.250 0.500 0.250 0.625 0.750 0.250 0.000 0.000 0.200 0.733 0.800 0.000 0.000 0.438 1.000 0.500 0.000 0.000 0.750 0.750 0.083 0.647 0.850 ን
0.667 0.812 0.750 0.812 0.083 0.500 0.312 0.833 0.750 0.250 0.000 0.050 0.267 0.850 0.667 0.000 0.000 0.583 0.875 0.167 0.000 0.125 0.833 0.688 0.000 0.618 0.773 ን
0.417 0.750 0.875 0.917 0.250 0.833 1.000 0.875 0.917 0.250 0.250 0.833 1.000 0.750 0.333 0.500 1.000 0.562 0.833 0.917 0.917 1.000 0.250 0.500 0.833 0.625 0.727 ጰ
0.408 0.780 0.432 0.924 0.342 0.942 0.742 0.455 1.000 0.300 0.625 0.864 1.000 0.886 0.250 0.000 0.030 0.348 1.000 0.500 0.000 0.000 0.341 0.811 0.350 0.592 0.779 ዓ
0.750 0.833 0.688 0.917 0.250 0.500 0.250 0.625 0.833 0.333 0.000 0.000 0.188 0.750 0.917 0.000 0.000 0.250 0.917 0.667 0.000 0.000 0.625 0.833 0.167 0.625 0.727 ን
0.700 0.892 0.577 1.000 0.808 0.623 1.000 0.877 0.992 0.354 0.169 0.900 1.000 0.446 0.000 0.000 0.169 0.692 0.938 0.515 0.231 0.923 0.615 0.146 0.138 0.646 0.756 ያ
0.508 0.923 0.469 0.931 0.838 0.554 1.000 0.792 0.977 0.369 0.185 0.977 0.938 0.223 0.000 0.000 0.269 0.854 0.600 0.069 0.608 0.662 0.454 0.577 0.123 0.590 0.792 ያ
0.630 0.984 0.889 1.000 0.667 0.370 0.524 0.937 0.937 0.389 0.000 0.190 0.651 0.857 0.500 0.000 0.016 0.381 1.000 0.722 0.000 0.016 0.571 1.000 0.444 0.646 0.774 ን
0.381 0.750 0.222 0.764 0.952 0.667 0.986 0.778 1.000 0.444 0.159 0.889 1.000 0.403 0.032 0.000 0.236 0.764 0.764 0.317 0.778 0.806 0.139 0.194 0.143 0.622 0.776 ያ
0.759 0.806 0.019 0.815 0.824 0.824 0.907 0.370 0.991 0.481 0.435 1.000 0.981 0.491 0.000 0.028 0.778 0.963 0.046 0.000 0.000 0.731 0.963 0.120 0.000 0.598 0.727 የ
0.841 0.889 0.381 0.968 0.905 0.286 0.571 0.778 1.000 0.524 0.032 0.365 0.889 1.000 0.556 0.000 0.016 0.714 1.000 0.444 0.000 0.175 0.984 0.984 0.206 0.622 0.719 ን
0.685 0.926 0.296 0.759 0.796 0.241 0.444 0.574 1.000 0.630 0.056 0.537 0.759 0.667 0.333 0.000 0.000 0.296 1.000 0.704 0.000 0.000 0.537 1.000 0.426 0.667 0.833 ን
0.730 0.937 0.681 1.000 0.873 0.457 0.543 0.788 1.000 0.643 0.000 0.271 0.812 0.843 0.343 0.000 0.000 0.450 1.000 0.657 0.000 0.000 0.542 0.952 0.460 0.636 0.772 ን
0.417 0.667 0.625 1.000 0.583 0.917 0.667 0.188 0.917 0.667 1.000 0.667 0.050 0.733 0.667 1.000 0.667 0.125 0.833 0.667 0.917 0.583 0.125 0.833 0.750 0.647 0.739 በ
0.492 0.778 0.667 0.857 0.778 0.843 1.000 0.571 0.971 0.671 0.314 0.957 1.000 0.714 0.114 0.771 0.957 0.586 0.886 0.614 0.286 0.270 0.032 0.873 0.810 0.648 0.830 ጻ
0.567 0.567 0.000 0.725 0.775 0.808 0.800 0.225 0.942 0.683 0.708 0.900 0.275 1.000 0.625 0.758 0.842 0.200 1.000 0.567 0.850 0.625 0.133 0.808 0.475 0.589 0.727 ዘ
0.656 0.948 0.344 0.760 0.646 0.698 0.750 0.312 1.000 0.698 0.000 0.038 0.644 1.000 0.500 0.000 0.000 0.208 1.000 0.781 0.000 0.000 0.385 0.948 0.448 0.649 0.770 ን
0.474 0.766 0.097 0.805 0.844 0.545 1.000 0.760 1.000 0.747 0.526 1.000 0.805 1.000 0.558 0.747 0.974 0.409 1.000 0.396 0.344 0.487 0.097 0.422 0.182 0.583 0.776 ዘ
0.389 0.796 0.742 0.889 0.898 0.726 1.000 0.669 0.966 0.795 0.239 0.940 1.000 0.761 0.137 0.692 1.000 0.685 0.915 0.684 0.259 0.361 0.050 0.806 0.991 0.644 0.720 ጻ
0.616 0.889 0.202 0.818 0.889 0.667 0.639 0.148 0.972 0.796 0.000 0.000 0.574 1.000 0.398 0.000 0.102 0.935 0.880 0.037 0.000 0.242 0.990 0.758 0.000 0.620 0.720 ገ
0.443 0.857 0.400 0.914 0.900 0.757 1.000 0.329 0.957 0.843 0.727 0.883 0.961 0.974 0.403 0.000 0.014 0.329 1.000 0.657 0.000 0.000 0.486 0.957 0.457 0.628 0.825 ዓ
0.750 0.875 0.000 0.792 1.000 0.833 1.000 0.500 1.000 0.870 0.833 1.000 0.519 1.000 0.833 0.852 1.000 0.185 0.981 0.963 0.979 0.854 0.000 0.604 0.729 0.615 0.736 ዘ
0.417 0.667 0.583 0.917 0.833 0.917 0.667 0.000 0.667 1.000 1.000 0.667 0.000 0.667 1.000 1.000 0.667 0.000 0.667 1.000 0.917 0.583 0.083 0.667 0.917 0.676 0.739 በ
