1.000 1.000 1.000 1.000 1.000 1.000 1.000 1.000 1.000 1.000 1.000 1.000 1.000 1.000 1.000 0.875 0.875 0.625 0.625 0.500 0.750 0.750 0.250 0.250 0.000 0.075 0.000 ־
0.200 0.000 0.000 0.000 0.250 0.700 0.667 0.667 0.667 0.733 0.900 1.000 1.000 1.000 0.900 0.900 1.000 1.000 1.000 0.900 0.900 1.000 1.000 1.000 0.900 0.092 0.000 ―
0.400 0.500 0.600 0.333 0.200 1.000 1.000 1.000 1.000 1.000 1.000 1.000 1.000 1.000 1.000 0.800 1.000 1.000 1.000 1.000 1.000 1.000 1.000 1.000 1.000 0.109 0.000 ־
1.000 1.000 1.000 1.000 1.000 1.000 1.000 1.000 1.000 1.000 1.000 1.000 1.000 1.000 1.000 1.000 1.000 1.000 1.000 1.000 1.000 1.000 1.000 1.000 1.000 0.147 0.000 ־
0.500 1.000 1.000 1.000 1.000 0.500 1.000 1.000 1.000 0.750 0.500 1.000 1.000 1.000 0.500 0.750 1.000 1.000 1.000 0.250 1.000 1.000 1.000 1.000 0.250 0.147 0.000 ־
0.250 0.750 0.600 0.000 0.000 0.500 1.000 1.000 1.000 1.000 0.500 1.000 1.000 1.000 0.750 0.750 1.000 1.000 1.000 0.500 1.000 1.000 1.000 1.000 0.500 0.147 0.000 ־
0.800 0.800 0.900 1.000 0.600 1.000 0.867 1.000 1.000 0.867 1.000 0.900 1.000 1.000 1.000 1.000 1.000 0.867 1.000 0.933 0.600 0.600 0.600 0.500 0.400 0.160 0.000 ־
0.000 0.333 0.000 0.000 0.000 0.360 0.653 0.000 0.000 0.000 0.880 0.987 0.988 0.907 0.840 0.560 0.667 0.013 0.000 0.000 0.027 0.400 0.000 0.000 0.000 0.174 0.000 ←
0.000 0.000 0.250 0.000 0.000 1.000 1.000 1.000 1.000 1.000 1.000 1.000 1.000 1.000 1.000 1.000 1.000 0.750 1.000 1.000 1.000 1.000 1.000 1.000 1.000 0.208 0.000 ־
0.167 0.875 1.000 0.875 0.833 0.500 1.000 1.000 0.750 0.833 0.778 1.000 0.917 0.750 0.667 1.000 0.875 0.750 0.875 0.500 0.500 0.750 0.750 0.875 0.167 0.250 0.000 ־
0.167 0.375 0.500 0.625 0.500 0.500 0.875 1.000 1.000 0.833 0.778 1.000 1.000 0.833 0.667 1.000 1.000 1.000 0.875 0.500 0.500 0.750 0.750 0.625 0.167 0.250 0.000 ־
0.333 0.500 0.500 0.625 0.500 0.500 1.000 1.000 1.000 0.833 0.556 0.750 1.000 1.000 0.667 0.667 0.750 1.000 1.000 0.500 0.667 0.750 1.000 0.750 0.167 0.250 0.000 ־
0.250 1.000 0.800 0.875 1.000 0.375 1.000 1.000 1.000 0.875 0.625 1.000 0.900 0.875 0.500 0.875 1.000 1.000 1.000 0.500 0.500 0.500 0.500 0.500 0.125 0.294 0.000 ־
0.000 0.889 0.667 0.556 1.000 0.000 0.889 0.444 0.556 0.667 0.111 0.889 0.111 0.667 0.333 0.556 0.778 0.111 0.778 0.111 0.778 0.444 0.222 0.556 0.000 0.367 0.000 “
0.000 0.333 0.833 0.500 0.111 0.222 0.750 0.917 0.917 0.667 0.778 1.000 1.000 1.000 0.889 0.889 1.000 1.000 0.833 0.333 0.222 0.750 1.000 0.500 0.000 0.393 0.000 .
0.000 0.667 0.667 0.333 1.000 0.000 1.000 0.444 0.778 0.778 0.083 1.000 0.167 0.917 0.417 0.333 0.778 0.333 0.889 0.000 0.778 0.333 0.667 0.333 0.000 0.400 0.000 “
0.000 0.500 1.000 0.750 0.000 0.333 0.833 0.667 1.000 0.500 0.750 0.750 0.750 1.000 1.000 0.167 0.833 1.000 1.000 0.500 0.000 0.250 1.000 0.750 0.000 0.400 0.000 .
0.111 0.889 0.333 0.667 0.778 0.222 1.000 0.222 0.889 0.444 0.417 0.833 0.083 0.917 0.167 0.444 0.444 0.444 0.556 0.000 0.556 0.111 0.667 0.222 0.000 0.400 0.000 “
0.100 0.533 0.429 0.267 0.633 0.306 0.917 0.333 0.667 0.694 0.400 0.933 0.229 0.867 0.500 0.583 0.722 0.214 0.778 0.167 0.700 0.200 0.314 0.367 0.000 0.426 0.000 “
0.639 0.486 0.194 0.639 0.333 0.827 0.963 0.444 1.000 0.827 0.111 0.506 0.198 0.185 0.630 0.000 0.272 0.037 0.000 0.321 0.000 0.472 0.597 0.625 0.556 0.433 0.000 ײַ
0.786 0.167 0.667 0.125 0.738 0.143 0.062 0.250 0.042 0.238 0.000 0.021 0.021 0.021 0.071 0.190 0.104 0.062 0.312 0.095 0.167 1.000 0.792 0.250 0.000 0.441 0.000 ש
0.738 0.271 0.604 0.250 0.643 0.571 0.146 0.583 0.146 0.571 0.405 0.083 0.312 0.062 0.381 0.381 0.479 0.208 0.479 0.143 0.238 1.000 0.854 0.333 0.000 0.441 0.000 ש
0.000 0.125 0.095 0.161 0.750 0.016 0.766 0.569 0.578 0.672 0.304 0.946 0.873 0.893 0.214 0.594 0.562 0.611 0.734 0.000 0.839 0.268 0.175 0.268 0.000 0.446 0.000 מ
0.000 0.000 0.750 1.000 0.000 0.000 0.500 1.000 1.000 0.500 0.500 1.000 1.000 0.833 0.833 0.167 1.000 1.000 0.833 0.167 0.000 0.750 1.000 0.250 0.000 0.450 0.000 .
0.000 0.000 0.750 0.500 0.000 0.000 0.333 0.833 1.000 0.167 0.667 0.833 0.833 0.833 0.500 0.333 0.833 1.000 0.833 0.167 0.000 0.750 1.000 0.250 0.000 0.450 0.000 .
0.786 0.354 0.667 0.333 0.619 0.714 0.250 0.786 0.333 0.714 0.524 0.229 0.405 0.229 0.381 0.476 0.646 0.381 0.667 0.119 0.286 0.875 0.786 0.292 0.000 0.455 0.000 ש
0.433 0.300 0.367 0.333 0.233 0.433 0.400 0.167 0.200 0.700 0.500 0.200 0.000 0.000 0.600 0.467 0.400 0.133 0.133 0.533 0.433 0.933 0.933 0.933 0.967 0.481 0.000 ם
0.528 0.667 0.667 0.667 0.500 0.528 0.333 0.167 0.167 0.611 0.083 0.417 0.000 0.000 0.417 0.000 0.500 0.000 0.083 0.389 0.000 0.500 0.722 0.500 0.000 0.500 0.000 ס
0.528 0.690 0.667 0.667 0.361 0.262 0.694 0.429 0.612 0.667 0.167 0.510 0.000 0.122 0.762 0.333 0.633 0.000 0.041 0.690 0.778 0.548 0.000 0.024 0.694 0.500 0.000 ת
0.531 0.625 0.571 0.571 0.429 0.661 0.484 0.250 0.266 0.786 0.250 0.484 0.000 0.000 0.589 0.036 0.594 0.000 0.328 0.304 0.000 0.554 0.776 0.446 0.000 0.515 0.000 ס
0.510 0.000 0.408 0.755 0.531 0.653 0.061 0.122 0.041 0.633 0.446 0.214 0.000 0.000 0.375 0.204 0.388 0.000 0.082 0.347 0.061 0.776 0.694 0.531 0.061 0.516 0.000 ט
0.250 0.643 0.833 0.857 0.444 0.738 0.837 0.571 0.633 0.905 0.381 0.449 0.000 0.490 0.833 0.643 0.735 0.548 0.918 0.333 0.833 0.333 0.556 0.524 0.000 0.517 0.000 ה
0.583 0.476 0.250 0.690 0.333 0.452 0.796 0.548 0.490 0.548 0.000 0.408 0.000 0.000 0.381 0.095 0.327 0.214 0.286 0.429 0.389 0.286 0.806 0.976 0.750 0.517 0.000 מ
0.583 0.528 0.643 0.611 0.472 0.381 0.405 0.408 0.667 0.738 0.278 0.111 0.000 0.444 0.444 0.595 0.167 0.000 0.381 0.429 0.528 0.139 0.000 0.361 0.444 0.518 0.000 ה
0.417 0.714 0.952 0.929 0.389 0.905 0.939 0.633 0.735 0.833 0.857 0.510 0.020 0.735 0.833 0.952 0.735 0.673 0.918 0.333 0.528 0.905 0.762 0.286 0.000 0.500 0.000 ס
0.167 0.639 0.944 0.944 0.667 0.333 0.810 0.571 0.476 0.952 0.111 0.611 0.083 0.417 0.917 0.381 0.929 0.476 0.905 0.571 0.722 0.611 0.389 0.694 0.056 0.467 0.000 ה
0.452 0.548 0.167 0.476 0.238 0.571 0.857 0.738 0.595 0.690 0.214 0.500 0.095 0.000 0.548 0.048 0.571 0.119 0.167 0.595 0.286 0.500 0.714 0.952 0.810 0.484 0.000 מ
0.245 0.304 0.018 0.000 0.041 0.755 0.482 0.839 0.571 0.918 0.469 0.125 0.411 0.089 0.469 0.408 0.571 0.339 0.482 0.204 0.204 0.821 0.804 0.339 0.000 0.514 0.000 שׂ
0.673 0.375 0.612 0.357 0.612 0.714 0.304 0.755 0.286 0.735 0.490 0.250 0.490 0.161 0.449 0.347 0.732 0.510 0.625 0.184 0.184 0.821 0.755 0.357 0.000 0.470 0.000 ש
0.000 0.119 0.722 0.667 0.528 0.000 0.367 0.571 0.592 0.929 0.000 0.633 0.500 0.367 0.548 0.143 0.286 0.310 0.510 0.310 0.778 0.786 0.778 0.619 0.028 0.517 0.000 פּ
0.571 0.265 0.000 0.041 0.408 0.143 0.804 0.375 0.018 0.500 0.347 0.102 0.551 0.571 0.184 0.554 0.000 0.018 0.554 0.357 0.714 0.367 0.000 0.020 0.612 0.530 0.000 א
0.000 0.167 0.667 0.333 0.000 0.500 0.778 1.000 0.778 0.167 0.833 0.889 0.667 0.889 0.667 0.167 0.444 0.667 0.556 0.167 0.000 0.167 0.667 0.167 0.000 0.500 0.000 .
0.000 0.000 0.750 0.250 0.000 0.250 0.750 1.000 0.750 0.250 0.500 1.000 0.750 1.000 1.000 0.500 1.000 1.000 1.000 0.250 0.000 0.250 1.000 0.750 0.000 0.500 0.000 .
0.278 0.500 0.048 0.595 0.389 0.222 0.929 0.405 0.714 0.306 0.167 0.690 0.833 0.452 0.000 0.333 0.643 0.167 0.857 0.444 0.806 0.738 0.000 0.143 0.639 0.517 0.000 א
0.520 0.440 0.000 0.400 0.440 0.000 0.567 0.367 0.667 0.033 0.000 0.120 0.840 0.280 0.000 0.133 0.167 0.567 0.500 0.000 0.880 0.880 0.960 0.760 0.000 0.460 0.000 צ
0.200 0.511 0.000 0.533 0.522 0.256 0.944 0.522 0.667 0.622 0.211 0.711 0.844 0.711 0.022 0.500 0.800 0.144 0.722 0.611 0.667 0.567 0.000 0.089 0.556 0.489 0.000 א
0.528 0.429 0.028 0.690 0.444 0.357 0.939 0.429 0.653 0.262 0.286 0.571 0.857 0.531 0.000 0.500 0.510 0.143 0.755 0.548 0.972 0.714 0.000 0.119 0.667 0.517 0.000 א
0.000 0.167 0.667 0.333 0.000 0.167 0.667 0.889 0.667 0.167 0.667 0.889 0.889 0.778 0.500 0.833 1.000 1.000 0.667 0.167 0.250 0.833 0.667 0.167 0.000 0.500 0.000 .
0.000 0.333 0.500 0.000 0.000 0.333 0.778 0.889 0.444 0.000 0.667 0.889 1.000 0.889 0.500 0.500 0.889 1.000 0.889 0.333 0.000 0.500 1.000 0.500 0.000 0.500 0.000 .
0.000 0.000 0.750 0.250 0.000 0.000 0.750 1.000 1.000 0.250 0.750 1.000 1.000 1.000 1.000 0.000 0.500 1.000 1.000 0.750 0.000 0.000 1.000 0.250 0.000 0.500 0.000 .
0.000 0.000 0.750 0.000 0.000 0.000 0.750 1.000 0.750 0.250 0.750 0.750 1.000 1.000 0.750 0.000 1.000 0.500 1.000 0.250 0.000 0.000 1.000 0.250 0.000 0.500 0.000 .
0.528 0.500 0.250 0.694 0.417 0.444 0.694 0.611 0.500 0.639 0.000 0.306 0.306 0.000 0.417 0.000 0.250 0.333 0.000 0.417 0.000 0.250 0.361 0.000 0.500 0.567 0.000 װ
0.583 0.528 0.417 0.722 0.389 0.548 0.738 0.643 0.571 0.690 0.048 0.524 0.238 0.143 0.571 0.000 0.190 0.000 0.143 0.119 0.028 0.000 0.000 0.000 0.000 0.552 0.000 ײ
0.472 0.278 0.000 0.417 0.750 0.190 0.857 0.310 0.310 0.167 0.250 0.306 0.639 0.417 0.000 0.286 0.214 0.048 0.571 0.476 0.806 0.444 0.000 0.028 0.583 0.536 0.000 א
0.600 0.867 0.167 0.667 0.700 0.714 0.314 0.343 0.400 0.800 0.667 0.000 0.000 0.400 0.400 0.686 0.286 0.457 0.571 0.029 0.867 0.500 0.500 0.033 0.000 0.554 0.000 ט
0.333 0.452 0.000 0.524 0.500 0.194 0.881 0.417 0.667 0.389 0.250 0.619 0.861 0.595 0.000 0.417 0.571 0.111 0.786 0.583 0.750 0.619 0.000 0.071 0.611 0.533 0.000 א
0.569 0.272 0.181 0.753 0.431 0.597 0.963 0.431 0.741 0.750 0.333 0.765 0.986 0.864 0.097 0.694 0.580 0.319 0.877 0.639 0.708 0.914 0.208 0.198 0.736 0.578 0.000 א
0.233 0.300 0.067 0.267 0.167 0.114 0.743 0.057 0.143 0.543 0.000 0.433 0.300 0.300 0.333 0.086 0.343 0.686 0.743 0.114 0.833 0.767 0.600 0.267 0.000 0.554 0.000 ע
0.571 0.738 0.214 0.524 0.762 0.238 0.881 0.190 0.286 0.714 0.000 0.476 0.310 0.357 0.452 0.095 0.429 0.786 0.786 0.119 0.857 0.762 0.595 0.286 0.000 0.581 0.000 ע
0.571 0.619 0.143 0.500 0.619 0.310 0.833 0.095 0.333 0.714 0.000 0.571 0.238 0.381 0.405 0.095 0.381 0.738 0.810 0.119 0.905 0.857 0.714 0.310 0.000 0.581 0.000 ע
0.654 0.543 0.333 0.679 0.457 0.753 0.889 0.656 0.741 0.963 0.000 0.531 0.322 0.025 0.790 0.000 0.519 0.133 0.111 0.506 0.000 0.333 0.422 0.346 0.000 0.533 0.000 ײַ
0.611 0.583 0.472 0.583 0.444 0.357 0.643 0.476 0.405 0.643 0.024 0.667 0.190 0.214 0.667 0.024 0.143 0.000 0.119 0.095 0.000 0.361 0.528 0.472 0.083 0.552 0.000 ײַ
0.267 0.167 0.133 0.250 0.200 0.233 0.250 0.233 0.583 0.467 0.000 0.000 0.000 0.571 0.400 0.000 0.000 0.000 0.500 0.333 0.000 0.000 0.000 0.500 0.433 0.574 0.000 ד
0.700 0.389 0.472 0.361 0.633 0.686 0.000 0.595 0.048 0.657 0.667 0.000 0.611 0.056 0.700 0.714 0.000 0.643 0.024 0.686 0.633 0.722 0.778 0.583 0.633 0.571 0.000 ש
0.639 0.611 0.056 0.333 0.611 0.389 0.861 0.222 0.583 0.667 0.000 0.250 0.778 0.500 0.000 0.139 0.167 0.694 0.583 0.000 0.861 0.944 0.917 0.639 0.000 0.567 0.000 צ
0.556 0.500 0.083 0.278 0.639 0.389 0.806 0.222 0.444 0.694 0.000 0.222 0.667 0.528 0.028 0.139 0.194 0.583 0.611 0.000 0.750 0.889 0.861 0.694 0.028 0.567 0.000 צ
0.607 0.125 0.464 0.750 0.321 0.768 0.554 0.714 0.536 0.804 0.476 0.794 0.095 0.048 0.810 0.125 0.929 0.500 0.625 0.696 0.000 0.411 0.982 0.696 0.143 0.581 0.000 ט
0.667 0.694 0.028 0.694 0.667 0.476 0.500 0.167 0.476 0.738 0.190 0.310 0.000 0.000 0.452 0.119 0.619 0.310 0.500 0.571 0.028 0.750 0.917 0.750 0.278 0.552 0.000 ט
0.639 0.417 0.083 0.639 0.500 0.556 0.333 0.222 0.389 0.750 0.333 0.167 0.000 0.000 0.500 0.333 0.278 0.000 0.139 0.472 0.167 0.917 0.889 0.778 0.278 0.567 0.000 ט
0.333 0.278 0.300 0.194 0.000 0.233 0.306 0.333 0.472 0.267 0.000 0.000 0.000 0.472 0.400 0.033 0.000 0.000 0.278 0.433 0.700 0.806 0.733 0.833 0.833 0.558 0.000 ב
0.571 0.641 0.411 0.266 0.054 0.492 0.889 0.619 0.764 0.825 0.018 0.750 0.179 0.016 0.768 0.000 0.403 0.619 0.292 0.698 0.000 0.062 0.839 0.844 0.161 0.566 0.000 ס
0.611 0.417 0.083 0.389 0.306 0.639 0.583 0.333 0.694 0.917 0.389 0.361 0.000 0.000 0.667 0.333 0.583 0.139 0.167 0.722 0.222 0.944 0.917 0.861 0.361 0.567 0.000 ט
0.786 0.524 0.405 0.476 0.333 0.667 0.643 0.571 0.619 0.857 0.500 0.119 0.000 0.000 0.714 0.595 0.286 0.095 0.095 0.667 0.500 0.833 0.929 0.905 0.952 0.581 0.000 ם
0.611 0.472 0.190 0.528 0.444 0.528 0.944 0.595 0.583 0.944 0.111 0.667 0.000 0.000 0.667 0.306 0.500 0.119 0.139 0.667 0.694 0.444 0.976 0.972 0.944 0.550 0.000 מ
0.667 0.333 0.238 0.500 0.250 0.667 0.861 0.714 0.694 0.722 0.139 0.694 0.024 0.000 0.611 0.389 0.500 0.143 0.167 0.639 0.694 0.417 0.976 1.000 0.944 0.550 0.000 מ
0.694 0.194 0.139 0.500 0.306 0.361 0.556 0.389 0.361 0.583 0.000 0.056 0.000 0.000 0.167 0.167 0.000 0.000 0.000 0.056 0.389 0.028 0.861 1.000 0.944 0.567 0.000 מ
0.667 0.837 0.833 0.959 0.833 0.000 0.000 0.000 0.857 0.167 0.000 0.000 0.000 0.857 0.167 0.000 0.000 0.000 0.796 0.143 0.000 0.000 0.000 0.796 0.143 0.548 0.000 ד
0.452 0.810 0.714 0.643 0.143 0.167 0.143 0.163 0.690 0.333 0.000 0.000 0.000 0.479 0.333 0.000 0.000 0.000 0.381 0.333 0.524 0.714 0.714 0.833 0.667 0.578 0.000 ב
0.556 0.444 0.667 0.556 0.222 0.167 0.167 0.417 0.750 0.667 0.000 0.000 0.111 0.667 0.778 0.000 0.000 0.333 0.917 0.667 0.000 0.222 0.889 0.889 0.444 0.577 0.000 י
0.833 0.833 0.833 0.833 0.778 0.167 0.167 0.167 0.119 0.417 0.278 0.000 0.000 0.024 0.361 0.333 0.000 0.000 0.000 0.444 0.389 0.000 0.000 0.071 0.528 0.533 0.000 ה
0.400 0.500 0.500 0.361 0.167 0.133 0.167 0.167 0.361 0.700 0.000 0.000 0.000 0.167 0.733 0.000 0.000 0.000 0.083 0.633 0.000 0.000 0.000 0.111 0.667 0.558 0.000 ר
0.444 0.556 0.667 0.333 0.333 0.250 0.250 0.333 0.750 1.000 0.000 0.000 0.000 0.444 0.778 0.000 0.000 0.333 0.833 0.667 0.000 0.111 0.778 1.000 0.556 0.577 0.000 י
0.619 0.571 0.571 0.571 0.571 0.524 0.286 0.286 0.310 0.619 0.333 0.000 0.000 0.000 0.333 0.452 0.000 0.000 0.000 0.357 0.524 0.000 0.000 0.000 0.548 0.581 0.000 ח
0.750 0.722 0.694 0.806 0.556 0.738 0.357 0.357 0.524 0.643 0.667 0.056 0.000 0.222 0.500 0.738 0.024 0.000 0.190 0.595 0.667 0.083 0.000 0.111 0.583 0.536 0.000 ח
0.861 0.722 0.738 0.778 0.611 0.429 0.452 0.429 0.571 0.690 0.476 0.024 0.000 0.238 0.595 0.619 0.000 0.000 0.190 0.667 0.583 0.000 0.000 0.222 0.639 0.534 0.000 ה
0.800 0.833 0.833 0.833 0.567 0.600 0.457 0.400 0.343 0.771 0.433 0.033 0.000 0.000 0.533 0.429 0.229 0.143 0.143 0.543 0.400 1.000 1.000 1.000 1.000 0.554 0.000 ם
0.722 0.619 0.611 0.643 0.556 0.472 0.500 0.500 0.667 0.639 0.472 0.119 0.000 0.405 0.472 0.722 0.143 0.000 0.429 0.583 0.639 0.119 0.000 0.381 0.500 0.533 0.000 ה
0.639 0.524 0.528 0.548 0.500 0.583 0.524 0.556 0.690 0.750 0.361 0.167 0.000 0.333 0.500 0.667 0.143 0.000 0.310 0.556 0.722 0.167 0.000 0.310 0.667 0.533 0.000 ה
0.639 0.476 0.500 0.500 0.417 0.583 0.571 0.556 0.690 0.694 0.417 0.095 0.000 0.381 0.472 0.722 0.143 0.000 0.429 0.500 0.750 0.119 0.000 0.405 0.583 0.533 0.000 ה
0.476 0.833 0.976 1.000 0.667 0.667 0.571 0.476 0.738 0.976 0.167 0.762 0.976 0.905 0.452 0.048 0.429 0.929 0.500 0.000 0.000 0.381 0.857 0.238 0.000 0.581 0.000 ד
0.250 0.833 0.639 0.667 0.500 0.381 0.667 0.405 0.429 0.762 0.472 0.194 0.000 0.056 0.528 0.786 0.286 0.238 0.500 0.190 0.639 0.972 0.694 0.167 0.000 0.536 0.000 ס
0.000 0.333 1.000 0.333 0.000 0.250 0.667 1.000 0.833 0.500 1.000 1.000 1.000 1.000 1.000 0.500 0.833 1.000 0.833 0.250 0.000 0.333 1.000 0.333 0.000 0.550 0.000 .
0.690 0.184 0.592 0.714 0.214 0.524 0.673 0.265 0.388 0.714 0.375 0.464 0.000 0.000 0.688 0.595 0.163 0.143 0.143 0.571 0.452 0.224 0.714 0.714 0.452 0.547 0.000 מ
0.500 0.833 0.750 0.595 0.306 0.250 0.690 0.333 0.595 0.833 0.167 0.548 0.000 0.000 0.611 0.250 0.595 0.000 0.000 0.639 0.778 0.548 0.000 0.000 0.639 0.533 0.000 ת
0.071 0.510 0.816 0.918 0.548 0.167 0.714 0.633 0.735 0.857 0.357 0.714 0.592 0.714 0.690 0.881 0.837 0.776 0.796 0.190 0.452 0.837 0.735 0.265 0.000 0.532 0.000 פּ
0.750 0.500 0.500 0.667 0.361 0.500 0.806 0.583 0.500 0.778 0.000 0.472 0.333 0.000 0.611 0.000 0.500 0.417 0.000 0.694 0.000 0.500 0.444 0.000 0.750 0.567 0.000 װ
0.467 0.700 0.867 0.767 0.400 0.971 0.829 0.600 0.714 0.886 0.233 0.067 0.000 0.700 0.867 0.000 0.143 0.629 0.943 0.371 0.000 0.300 0.867 0.467 0.000 0.554 0.000 ר
0.750 0.639 0.583 0.722 0.389 0.571 0.857 0.571 0.643 0.690 0.048 0.762 0.095 0.167 0.714 0.048 0.214 0.000 0.048 0.619 0.000 0.000 0.000 0.111 0.917 0.552 0.000 ױ
0.533 0.833 0.967 1.000 0.633 0.967 0.867 0.567 0.700 0.967 0.200 0.029 0.029 0.600 0.914 0.000 0.100 0.667 0.967 0.500 0.000 0.200 0.933 0.633 0.033 0.537 0.000 ר
0.167 0.548 0.837 0.905 0.500 0.881 0.881 0.449 0.786 0.833 0.524 0.714 0.388 0.643 0.786 0.571 0.833 0.918 0.857 0.310 0.714 0.476 0.265 0.095 0.000 0.565 0.000 ב
0.000 0.500 1.000 0.500 0.000 0.750 1.000 0.667 0.500 0.250 1.000 0.833 0.833 1.000 1.000 0.500 1.000 0.833 0.667 0.250 0.000 0.167 0.667 0.167 0.000 0.550 0.000 .
0.900 0.556 0.694 0.833 0.200 0.714 0.857 0.595 0.762 0.714 0.433 0.194 0.000 0.000 0.533 0.571 0.262 0.714 0.714 0.743 0.467 0.500 0.833 0.833 0.500 0.571 0.000 מ
0.567 0.500 0.500 0.417 0.033 0.467 0.528 0.533 0.889 0.333 0.000 0.000 0.000 0.500 0.400 0.133 0.167 0.167 0.444 0.500 1.000 1.000 1.000 0.917 0.933 0.617 0.000 ב
0.556 0.333 0.333 0.444 0.556 0.417 0.417 0.417 0.667 0.917 0.000 0.000 0.000 0.667 0.917 0.000 0.000 0.333 0.917 0.667 0.000 0.222 0.778 0.889 0.444 0.607 0.000 י
0.633 0.583 0.500 0.472 0.100 0.400 0.472 0.533 0.806 0.433 0.000 0.000 0.000 0.333 0.533 0.133 0.167 0.167 0.444 0.600 0.933 1.000 1.000 1.000 0.933 0.617 0.000 ב
0.667 0.528 0.500 0.500 0.500 0.567 0.528 0.528 0.778 0.733 0.000 0.000 0.000 0.583 0.400 0.000 0.000 0.000 0.556 0.467 0.000 0.000 0.000 0.528 0.500 0.600 0.000 ד
0.733 0.500 0.500 0.500 0.367 0.533 0.472 0.528 0.806 0.667 0.000 0.000 0.000 0.583 0.367 0.000 0.000 0.000 0.667 0.367 0.000 0.000 0.000 0.611 0.433 0.600 0.000 ד
0.571 0.571 0.000 0.405 0.714 0.257 0.500 0.000 0.167 0.543 0.000 0.310 0.048 0.214 0.314 0.000 0.119 0.500 0.571 0.057 0.771 0.738 0.667 0.214 0.000 0.613 0.000 ע
0.567 0.633 0.067 0.500 0.767 0.233 0.800 0.033 0.267 0.767 0.000 0.467 0.067 0.333 0.267 0.033 0.267 0.700 0.767 0.000 0.867 0.867 0.667 0.200 0.000 0.583 0.000 ע
0.400 0.833 0.000 0.400 0.933 0.033 0.400 0.000 0.000 0.367 0.000 0.033 0.067 0.133 0.200 0.000 0.133 0.533 0.600 0.000 0.767 0.767 0.533 0.100 0.000 0.583 0.000 ע
0.571 0.375 0.000 0.036 0.482 0.161 0.500 0.536 0.107 0.375 0.500 0.000 0.107 0.714 0.196 0.607 0.286 0.000 0.054 0.607 0.000 0.143 0.375 0.196 0.000 0.613 0.000 אַ
0.633 0.833 0.100 0.533 0.900 0.000 0.633 0.067 0.000 0.700 0.000 0.714 0.114 0.000 0.714 0.000 0.700 0.100 0.033 0.700 0.567 0.933 0.667 0.700 0.467 0.611 0.000 ע
0.433 0.833 0.067 0.400 0.867 0.100 0.733 0.033 0.167 0.667 0.000 0.333 0.167 0.200 0.267 0.067 0.233 0.700 0.800 0.033 0.900 0.700 0.600 0.167 0.000 0.583 0.000 ע
0.567 0.733 0.133 0.433 0.733 0.000 0.629 0.200 0.000 0.600 0.000 0.700 0.200 0.000 0.600 0.000 0.657 0.200 0.029 0.714 0.533 0.900 0.733 0.700 0.567 0.625 0.000 ע
0.700 0.800 0.100 0.533 0.833 0.000 0.743 0.171 0.000 0.629 0.000 0.800 0.200 0.000 0.533 0.000 0.686 0.114 0.057 0.743 0.667 0.633 0.700 0.700 0.467 0.625 0.000 ע
0.750 0.400 0.200 0.440 0.050 0.550 0.920 0.760 0.920 0.750 0.300 0.520 0.000 0.040 0.750 0.600 0.160 0.200 0.280 0.700 0.650 0.320 0.880 0.880 0.650 0.620 0.000 מ
0.400 0.722 0.500 0.500 0.267 0.500 0.694 0.533 0.667 0.933 0.700 0.889 0.233 0.111 0.933 0.200 0.389 0.200 0.111 0.733 0.933 0.972 1.000 1.000 0.800 0.617 0.000 פ
0.167 0.083 0.188 0.250 0.083 0.500 0.333 0.562 0.667 0.583 0.067 0.067 0.300 0.933 0.800 0.000 0.000 0.375 1.000 0.667 0.000 0.083 0.688 0.750 0.333 0.647 0.000 י
0.429 0.667 0.000 0.143 0.952 0.271 0.917 0.083 0.167 0.958 0.062 0.875 0.312 0.292 0.917 0.042 0.688 0.750 0.792 0.458 0.810 0.810 0.643 0.310 0.000 0.618 0.000 ע
0.375 0.696 0.062 0.536 0.562 0.125 0.804 0.729 0.589 0.188 0.188 0.518 0.333 0.750 0.188 0.688 0.786 0.000 0.321 0.812 0.104 0.125 0.396 0.214 0.104 0.611 0.000 אַ
0.167 0.500 0.000 0.429 0.542 0.111 0.794 0.630 0.556 0.241 0.146 0.571 0.354 0.768 0.208 0.574 0.714 0.019 0.159 0.667 0.021 0.071 0.375 0.339 0.000 0.632 0.000 אַ
0.556 0.365 0.014 0.159 0.460 0.175 0.714 0.569 0.270 0.492 0.556 0.063 0.375 0.778 0.127 0.794 0.333 0.000 0.270 0.683 0.095 0.238 0.444 0.190 0.111 0.610 0.000 אַ
0.767 0.367 0.000 0.267 0.600 0.367 0.567 0.000 0.333 0.333 0.000 0.133 0.467 0.167 0.000 0.000 0.000 0.400 0.167 0.000 1.000 1.000 1.000 0.600 0.000 0.583 0.000 צ
0.029 0.762 0.286 0.013 0.100 0.186 0.938 0.529 0.700 0.743 0.494 0.966 0.792 0.409 0.013 0.586 0.475 0.586 0.463 0.014 0.000 0.500 0.457 0.000 0.000 0.649 0.000 אָ
0.054 0.781 0.268 0.000 0.000 0.161 0.938 0.393 0.719 0.946 0.375 0.984 0.821 0.312 0.071 0.786 0.734 0.911 0.844 0.054 0.214 0.484 0.482 0.078 0.000 0.587 0.000 אָ
0.000 0.700 0.300 0.038 0.114 0.100 0.913 0.538 0.775 0.700 0.442 0.932 0.841 0.398 0.000 0.557 0.450 0.550 0.350 0.000 0.000 0.425 0.450 0.000 0.000 0.638 0.000 אָ
0.792 0.750 0.089 0.268 0.646 0.278 0.841 0.746 0.873 0.648 0.167 0.810 1.000 0.508 0.037 0.796 0.810 0.889 0.286 0.000 0.646 0.893 0.661 0.071 0.000 0.628 0.000 ע
0.667 0.633 0.033 0.567 0.733 0.000 0.600 0.000 0.000 0.657 0.033 0.667 0.033 0.000 0.733 0.000 0.600 0.000 0.086 0.771 0.633 0.833 0.633 0.700 0.367 0.625 0.000 ע
0.667 0.800 0.194 0.633 0.667 0.000 0.743 0.167 0.000 0.629 0.000 0.733 0.139 0.000 0.633 0.000 0.743 0.167 0.086 0.629 0.500 0.733 0.583 0.633 0.367 0.607 0.000 ע
0.667 0.633 0.067 0.667 0.767 0.000 0.600 0.000 0.000 0.686 0.000 0.600 0.000 0.000 0.700 0.000 0.600 0.000 0.114 0.743 0.700 0.900 0.633 0.733 0.333 0.625 0.000 ע
0.700 0.733 0.222 0.700 0.700 0.000 0.743 0.167 0.000 0.714 0.000 0.667 0.167 0.000 0.767 0.000 0.629 0.143 0.114 0.800 0.567 0.900 0.750 0.800 0.400 0.607 0.000 ע
0.700 0.833 0.250 0.667 0.633 0.000 0.657 0.167 0.029 0.629 0.000 0.700 0.167 0.000 0.633 0.000 0.771 0.167 0.229 0.629 0.600 0.800 0.694 0.700 0.267 0.607 0.000 ע
0.667 0.867 0.222 0.767 0.800 0.000 0.767 0.167 0.033 0.667 0.000 0.743 0.143 0.029 0.629 0.000 0.700 0.167 0.167 0.733 0.633 0.867 0.722 0.700 0.333 0.593 0.000 ע
0.800 0.400 0.028 0.600 0.700 0.267 0.767 0.306 0.100 0.700 0.714 0.571 0.714 0.600 0.429 0.667 0.000 0.222 0.733 0.200 0.767 0.600 0.083 0.333 0.767 0.593 0.000 א
0.452 0.405 0.122 0.571 0.381 0.208 0.604 0.554 0.417 0.042 0.375 0.396 0.446 0.583 0.104 0.708 0.562 0.000 0.229 0.625 0.000 0.071 0.429 0.143 0.048 0.603 0.000 אַ
0.657 0.486 0.457 0.543 0.543 0.743 0.514 0.486 0.457 0.829 0.743 0.000 0.000 0.000 0.571 0.857 0.000 0.000 0.000 0.657 0.771 0.029 0.000 0.000 0.657 0.597 0.000 ח
0.900 0.556 0.167 0.806 0.600 0.657 0.381 0.286 0.476 0.771 0.400 0.167 0.000 0.000 0.514 0.371 0.476 0.262 0.429 0.514 0.167 0.944 0.833 0.694 0.167 0.586 0.000 ט
0.396 0.604 0.054 0.562 0.625 0.125 0.792 0.661 0.479 0.146 0.208 0.417 0.375 0.729 0.271 0.750 0.708 0.000 0.188 0.688 0.125 0.042 0.446 0.250 0.021 0.625 0.000 אַ
0.524 0.444 0.500 0.542 0.063 0.381 0.889 0.667 0.653 0.635 0.000 0.625 0.194 0.097 0.841 0.000 0.583 0.403 0.625 0.762 0.000 0.264 0.819 0.500 0.127 0.585 0.000 מ
0.141 0.596 0.040 0.636 0.737 0.162 0.899 0.778 0.657 0.242 0.303 0.596 0.485 0.899 0.404 0.808 0.788 0.000 0.232 0.657 0.000 0.030 0.313 0.131 0.000 0.591 0.000 אַ
0.000 0.000 0.396 0.857 0.458 0.000 0.482 0.938 0.661 0.333 0.389 0.810 0.296 0.714 0.907 0.812 0.750 0.312 0.661 0.708 0.458 0.911 0.854 0.625 0.104 0.622 0.000 ט
0.833 0.667 0.208 0.833 0.625 0.208 0.625 0.042 0.667 0.292 0.000 0.375 0.708 0.458 0.000 0.000 0.125 0.458 0.750 0.292 0.500 0.875 0.917 0.917 0.583 0.615 0.000 צ
0.788 0.663 0.400 0.762 0.450 0.600 0.875 0.411 0.700 0.750 0.125 0.761 0.263 0.307 0.386 0.363 0.650 0.800 0.825 0.225 0.825 0.887 0.800 0.550 0.038 0.606 0.000 ע
0.648 0.614 0.205 0.557 0.580 0.670 0.852 0.148 0.716 0.659 0.010 0.740 0.021 0.531 0.240 0.148 0.682 0.670 0.795 0.011 0.807 0.705 0.409 0.080 0.000 0.615 0.000 ע
0.736 0.583 0.160 0.681 0.444 0.625 0.903 0.543 0.750 0.861 0.292 0.375 0.148 0.028 0.528 0.403 0.819 0.741 0.736 0.764 0.236 0.861 0.889 0.875 0.542 0.589 0.000 ט
0.778 0.625 0.123 0.639 0.417 0.653 0.917 0.568 0.792 0.819 0.375 0.375 0.160 0.028 0.583 0.361 0.861 0.753 0.736 0.778 0.222 0.903 0.864 0.917 0.569 0.589 0.000 ט
0.000 0.000 0.280 0.900 0.900 0.000 0.000 0.633 0.875 0.875 0.333 0.000 0.733 0.958 0.583 0.625 0.458 0.933 0.792 0.125 0.450 0.500 0.560 0.100 0.000 0.646 0.000 ,
0.714 0.350 0.338 0.587 0.271 0.814 0.800 0.762 0.875 0.771 0.260 0.716 0.023 0.114 0.896 0.486 0.463 0.425 0.562 0.843 0.586 0.387 0.762 0.825 0.729 0.638 0.000 מ
0.000 0.000 0.000 0.646 0.812 0.062 0.521 0.750 0.938 0.562 0.593 0.815 0.519 0.704 0.222 0.938 0.333 0.312 0.438 0.000 0.625 0.854 0.875 0.500 0.000 0.649 0.000 ג
0.000 0.000 0.333 1.000 0.667 0.000 0.000 0.875 1.000 0.250 0.000 0.000 1.000 1.000 0.000 0.000 0.500 1.000 0.500 0.000 0.500 1.000 0.500 0.000 0.000 0.615 0.000 ,
0.800 0.480 0.250 0.800 0.500 0.550 0.760 0.200 0.720 0.700 0.000 0.400 0.900 0.480 0.000 0.050 0.240 0.650 0.960 0.500 0.650 1.000 1.000 1.000 0.700 0.640 0.000 צ
0.750 0.440 0.160 0.720 0.300 0.667 0.633 0.600 0.700 0.875 0.500 0.333 0.067 0.000 0.708 0.458 0.600 0.333 0.367 0.583 0.400 1.000 1.000 1.000 0.400 0.604 0.000 ט
0.667 0.667 0.708 0.958 0.625 0.000 0.000 0.000 0.792 0.000 0.000 0.000 0.000 0.750 0.000 0.000 0.000 0.000 0.750 0.000 0.000 0.000 0.000 0.833 0.000 0.630 0.000 ד
0.633 0.733 0.667 0.867 0.633 0.000 0.000 0.000 0.743 0.143 0.000 0.000 0.000 0.667 0.067 0.000 0.000 0.000 0.629 0.029 0.000 0.000 0.000 0.667 0.133 0.625 0.000 ד
0.583 0.792 0.708 0.833 0.000 0.000 0.000 0.000 0.750 0.071 0.000 0.000 0.000 0.708 0.167 0.000 0.000 0.000 0.750 0.179 0.625 0.542 0.667 0.917 0.667 0.643 0.000 ב
0.000 0.333 0.667 0.333 0.000 0.333 0.667 0.333 0.000 0.000 0.833 0.667 0.333 0.444 0.167 0.833 0.889 1.000 0.889 0.667 0.333 0.778 1.000 0.889 0.667 0.636 0.000 '
0.667 0.694 0.667 0.667 0.500 0.167 0.167 0.167 0.250 0.667 0.000 0.000 0.000 0.000 0.233 0.000 0.000 0.000 0.000 0.200 0.000 0.000 0.000 0.000 0.300 0.617 0.000 ר
0.533 0.700 0.733 0.767 0.100 0.000 0.000 0.000 0.686 0.229 0.000 0.000 0.000 0.600 0.267 0.000 0.000 0.000 0.657 0.286 0.567 0.733 0.733 0.800 0.633 0.625 0.000 ב
0.533 0.667 0.667 0.600 0.167 0.267 0.333 0.333 0.533 0.467 0.000 0.000 0.000 0.000 0.400 0.000 0.000 0.000 0.000 0.467 0.833 1.000 1.000 1.000 1.000 0.633 0.000 ב
0.667 0.833 0.833 0.806 0.367 0.371 0.429 0.429 0.524 0.743 0.000 0.000 0.000 0.000 0.500 0.000 0.000 0.000 0.000 0.457 0.000 0.000 0.000 0.028 0.633 0.589 0.000 ר
0.417 0.958 0.917 0.917 0.750 0.464 0.679 0.286 0.286 0.107 0.375 0.833 0.875 0.875 0.542 0.107 0.000 0.036 0.571 0.929 0.750 0.667 0.708 0.625 0.250 0.643 0.000 5
0.083 0.792 0.667 0.833 0.292 0.000 0.143 0.429 0.500 0.000 0.000 0.208 0.792 0.708 0.583 0.000 0.036 0.036 0.357 0.964 0.500 0.750 0.542 0.625 0.458 0.643 0.000 3
0.233 0.867 1.000 0.833 0.300 0.667 0.267 0.167 0.467 0.767 0.800 0.067 0.000 0.033 0.633 0.767 0.533 0.167 0.200 0.600 0.300 0.767 0.917 0.767 0.267 0.633 0.000 0
0.514 0.600 0.571 0.571 0.286 0.486 0.429 0.429 0.514 0.771 0.714 0.714 0.119 0.000 0.686 0.114 0.286 0.048 0.000 0.486 0.857 0.857 0.857 0.857 0.743 0.645 0.000 פ
0.667 0.567 0.633 0.667 0.633 0.167 0.000 0.000 0.033 0.633 0.600 0.029 0.000 0.114 0.714 0.667 0.067 0.000 0.067 0.667 0.767 0.133 0.000 0.033 0.533 0.611 0.000 ה
0.771 0.571 0.600 0.629 0.343 0.743 0.543 0.429 0.457 0.857 0.514 0.143 0.000 0.000 0.743 0.343 0.629 0.171 0.371 0.571 0.086 0.743 0.886 0.657 0.086 0.597 0.000 ס
0.700 0.733 0.722 0.767 0.400 0.343 0.429 0.429 0.600 0.943 0.000 0.000 0.000 0.000 0.771 0.229 0.286 0.286 0.257 0.714 0.833 0.833 0.861 0.800 0.600 0.621 0.000 כ
0.833 0.806 0.833 0.778 0.333 0.333 0.306 0.300 0.528 0.967 0.000 0.000 0.000 0.000 0.800 0.000 0.000 0.000 0.000 0.800 0.000 0.000 0.000 0.056 0.767 0.617 0.000 ר
0.333 0.933 1.000 0.933 0.400 0.700 0.267 0.200 0.567 0.800 0.800 0.057 0.000 0.200 0.829 0.833 0.500 0.033 0.267 0.767 0.433 0.933 0.867 0.933 0.433 0.611 0.000 0
0.800 0.714 0.857 0.714 0.171 0.086 0.000 0.171 0.686 0.686 0.000 0.000 0.000 0.325 0.850 0.000 0.000 0.000 0.343 0.886 0.000 0.000 0.000 0.314 0.857 0.609 0.000 ר
0.486 0.771 0.714 0.657 0.171 0.143 0.143 0.143 0.343 0.743 0.000 0.000 0.000 0.000 0.857 0.000 0.000 0.000 0.000 0.657 0.000 0.000 0.000 0.000 0.543 0.643 0.000 ר
0.750 0.917 0.583 0.625 0.792 0.250 0.750 0.000 0.036 0.786 0.250 0.708 0.000 0.000 0.875 0.250 0.786 0.000 0.036 0.929 0.083 0.708 0.667 0.750 0.500 0.643 0.000 ס
0.567 0.778 0.750 0.722 0.333 0.257 0.452 0.429 0.714 0.771 0.000 0.000 0.000 0.167 0.943 0.200 0.286 0.286 0.286 0.829 0.733 0.861 0.917 0.972 0.633 0.586 0.000 כ
0.714 0.771 0.886 0.771 0.257 0.000 0.000 0.057 0.486 0.857 0.000 0.000 0.000 0.200 1.000 0.000 0.000 0.000 0.200 0.971 0.000 0.000 0.000 0.171 0.829 0.609 0.000 ר
0.767 0.611 0.667 0.639 0.267 0.467 0.500 0.500 0.694 0.767 0.000 0.000 0.000 0.139 0.800 0.000 0.000 0.000 0.083 0.733 0.000 0.000 0.000 0.111 0.800 0.617 0.000 ר
0.800 0.667 0.667 0.611 0.200 0.467 0.472 0.500 0.694 0.833 0.000 0.000 0.000 0.056 0.733 0.000 0.000 0.000 0.000 0.567 0.000 0.000 0.000 0.139 0.767 0.617 0.000 ר
0.533 0.417 0.556 0.556 0.533 0.433 0.500 0.500 0.806 0.800 0.000 0.000 0.000 0.500 0.400 0.000 0.000 0.000 0.472 0.533 0.000 0.000 0.000 0.472 0.533 0.600 0.000 ד
0.600 0.667 0.667 0.633 0.267 0.429 0.571 0.571 0.657 0.800 0.000 0.000 0.000 0.000 0.714 0.143 0.143 0.143 0.171 0.714 1.000 1.000 1.000 0.933 0.633 0.621 0.000 כ
0.567 0.667 0.667 0.556 0.100 0.371 0.524 0.571 0.786 0.429 0.000 0.000 0.000 0.310 0.571 0.086 0.143 0.143 0.429 0.600 0.700 0.806 0.900 0.750 0.900 0.603 0.000 ב
0.712 0.600 0.613 0.637 0.338 0.600 0.675 0.675 0.837 0.900 0.000 0.000 0.000 0.162 0.788 0.000 0.000 0.000 0.138 0.800 0.000 0.000 0.000 0.138 0.712 0.609 0.000 ר
0.700 0.333 0.533 0.306 0.767 0.714 0.000 0.771 0.143 0.657 0.767 0.000 0.733 0.111 0.667 0.743 0.000 0.714 0.095 0.743 0.733 0.694 0.933 0.694 0.767 0.589 0.000 ש
0.746 0.746 0.708 0.698 0.365 0.557 0.743 0.775 0.829 0.843 0.000 0.000 0.000 0.014 0.714 0.000 0.000 0.000 0.000 0.614 0.000 0.000 0.000 0.000 0.571 0.636 0.000 ר
0.603 0.847 0.750 0.653 0.079 0.429 0.738 0.788 0.900 0.314 0.000 0.000 0.000 0.425 0.286 0.457 0.663 0.663 0.775 0.714 0.778 0.944 0.944 0.944 0.746 0.614 0.000 ב
0.667 0.722 0.694 0.500 0.033 0.400 0.405 0.452 0.810 0.257 0.000 0.000 0.000 0.476 0.343 0.114 0.286 0.238 0.595 0.514 0.833 1.000 0.917 1.000 0.833 0.586 0.000 ב
0.667 0.833 0.750 0.750 0.667 0.667 0.917 0.875 1.000 1.000 0.067 0.133 0.100 0.600 1.000 0.000 0.000 0.125 0.750 0.917 0.000 0.000 0.500 0.917 0.500 0.647 0.000 י
0.800 0.760 0.750 0.680 0.300 0.300 0.560 0.600 0.680 0.950 0.000 0.000 0.000 0.080 0.850 0.000 0.000 0.000 0.200 1.000 0.000 0.000 0.000 0.200 0.700 0.640 0.000 ר
0.800 0.688 0.671 0.700 0.643 0.586 0.675 0.700 0.800 0.757 0.300 0.225 0.000 0.450 0.529 0.657 0.338 0.000 0.438 0.543 0.629 0.312 0.000 0.438 0.614 0.641 0.000 ה
0.812 0.578 0.625 0.611 0.312 0.762 0.778 0.688 0.756 0.837 0.463 0.311 0.000 0.167 0.825 0.488 0.622 0.387 0.533 0.688 0.188 0.822 0.900 0.700 0.162 0.587 0.000 ס
0.810 0.714 0.694 0.683 0.349 0.587 0.873 0.653 0.794 0.810 0.460 0.460 0.000 0.190 0.857 0.571 0.730 0.542 0.540 0.825 0.603 0.952 0.931 0.905 0.810 0.644 0.000 ם
0.800 0.500 0.733 0.800 0.733 0.429 0.600 0.629 0.057 0.800 0.400 0.514 0.000 0.000 0.743 0.400 0.571 0.000 0.029 0.800 0.167 0.633 0.700 0.700 0.567 0.638 0.000 ט
0.633 0.533 0.600 0.767 0.733 0.286 0.600 0.571 0.143 0.771 0.314 0.571 0.000 0.000 0.743 0.343 0.629 0.000 0.029 0.714 0.067 0.500 0.600 0.600 0.667 0.638 0.000 ט
0.000 0.222 0.833 1.000 0.833 0.000 0.444 1.000 0.778 0.167 0.000 0.667 1.000 0.556 0.000 0.000 0.667 0.833 0.222 0.000 0.500 0.778 0.333 0.000 0.000 0.636 0.000 '
0.708 0.750 0.554 0.357 0.021 0.463 0.968 0.683 0.905 0.333 0.000 0.667 0.286 0.429 0.593 0.296 0.762 0.254 0.254 0.907 0.792 0.429 0.018 0.071 0.604 0.628 0.000 ת
0.000 0.000 0.562 0.875 0.500 0.000 0.250 0.938 1.000 0.917 0.200 0.750 1.000 0.950 0.400 0.750 0.938 0.938 0.500 0.000 0.583 0.812 0.562 0.062 0.000 0.588 0.000 ,
0.000 0.229 0.768 0.979 0.521 0.271 0.896 0.768 0.792 0.854 0.729 0.875 0.893 0.729 0.375 0.833 0.708 0.321 0.438 0.146 0.458 0.833 0.857 0.708 0.167 0.625 0.000 ש
0.104 0.896 0.732 0.688 0.375 0.167 0.958 0.821 0.771 0.917 0.375 1.000 0.196 0.438 0.938 0.708 0.833 0.107 0.812 0.688 0.833 0.458 0.214 0.812 0.292 0.625 0.000 ח
0.083 0.500 0.938 0.750 0.250 0.333 0.917 1.000 1.000 0.500 0.867 1.000 1.000 0.667 0.267 1.000 1.000 0.625 0.083 0.000 0.833 0.667 0.125 0.000 0.000 0.647 0.000 ,
0.250 0.333 0.083 0.167 0.083 0.417 0.500 0.583 0.500 0.500 0.000 0.000 0.000 0.500 0.833 0.000 0.000 0.083 0.667 0.917 0.000 0.000 0.500 0.917 0.750 0.656 0.000 י
0.500 0.450 0.000 0.175 0.700 0.100 0.800 0.050 0.050 0.750 0.000 0.300 0.400 0.000 0.600 0.000 0.100 0.675 0.550 0.200 0.575 0.675 0.400 0.075 0.000 0.653 0.000 ע
0.111 0.278 0.167 0.222 0.111 0.056 0.278 0.222 0.722 0.444 0.000 0.000 0.000 0.810 0.429 0.167 0.167 0.167 0.611 0.611 0.778 0.889 0.833 0.778 0.611 0.722 0.000 נ
0.333 0.300 0.133 0.300 0.267 0.000 0.350 0.867 0.250 0.000 0.000 0.200 0.867 0.300 0.000 0.000 0.300 0.800 0.350 0.000 0.000 0.250 1.000 0.600 0.000 0.740 0.000 ז
0.057 0.381 0.743 0.357 0.000 0.086 0.333 0.914 0.381 0.000 0.000 0.000 0.800 0.357 0.000 0.029 0.143 0.829 0.452 0.143 0.571 1.000 1.000 1.000 0.514 0.671 0.000 1
0.071 0.607 0.821 0.500 0.107 0.000 0.094 0.344 0.719 0.906 0.000 0.000 0.000 0.179 0.929 0.000 0.000 0.000 0.125 0.875 0.429 0.786 0.714 0.786 0.536 0.758 0.000 נ
0.222 0.571 0.746 0.540 0.130 0.267 0.014 0.229 0.829 0.367 0.000 0.000 0.314 0.586 0.067 0.000 0.257 0.500 0.186 0.467 0.389 0.762 0.825 0.778 0.593 0.670 0.000 2
0.481 0.325 0.000 0.000 0.000 0.247 0.805 0.429 0.299 0.065 0.000 0.143 0.299 0.455 0.714 0.000 0.000 0.000 0.195 0.688 0.000 0.000 0.403 0.688 0.169 0.718 0.000 ל
0.086 0.343 0.405 0.257 0.000 0.675 0.700 0.750 0.650 0.200 0.086 0.086 0.119 0.600 0.514 0.000 0.000 0.000 0.375 0.550 0.571 0.571 0.667 0.714 0.886 0.667 0.000 בֿ
0.083 0.389 0.639 0.528 0.389 0.500 0.306 0.278 0.083 0.111 0.100 0.450 0.675 0.550 0.350 0.167 0.139 0.306 0.056 0.722 0.333 0.528 0.667 0.444 0.278 0.762 0.000 $
0.075 0.604 0.271 0.000 0.000 0.422 0.741 0.444 0.481 0.467 0.150 0.333 0.354 0.604 0.775 0.000 0.111 0.370 0.426 0.067 0.525 0.604 0.188 0.000 0.000 0.684 0.000 ל
0.091 0.390 0.416 0.182 0.000 0.597 0.857 0.792 0.779 0.169 0.221 0.286 0.351 0.831 0.351 0.195 0.247 0.247 0.636 0.519 0.818 0.987 0.974 0.974 0.896 0.718 0.000 בֿ
0.025 0.275 0.375 0.325 0.025 0.350 0.750 0.750 0.700 0.525 0.250 0.300 0.000 0.025 0.500 0.325 0.400 0.000 0.000 0.400 0.725 0.750 0.750 0.750 0.650 0.708 0.000 פֿ
0.167 0.500 0.033 0.433 0.417 0.067 0.333 0.583 0.333 0.000 0.250 0.433 0.033 0.450 0.400 0.267 0.200 0.100 0.050 0.117 0.000 0.000 0.383 0.133 0.000 0.674 0.000 אָ
0.000 0.042 0.583 0.250 0.000 0.036 0.536 0.571 0.000 0.000 0.393 0.643 0.429 0.571 0.357 0.821 0.607 0.179 0.464 0.714 0.250 0.792 0.917 0.625 0.125 0.655 0.000 6
0.025 0.208 0.250 0.188 0.000 0.200 0.792 0.729 0.750 0.375 0.422 0.463 0.130 0.167 0.622 0.250 0.458 0.042 0.000 0.450 0.550 0.625 0.625 0.667 0.650 0.676 0.000 פֿ
0.389 0.397 0.000 0.540 0.444 0.167 0.571 0.600 0.357 0.000 0.433 0.357 0.100 0.514 0.450 0.383 0.229 0.100 0.043 0.150 0.000 0.063 0.426 0.111 0.000 0.682 0.000 אָ
0.000 0.375 0.575 0.325 0.000 0.178 0.533 0.689 0.689 0.311 0.511 0.533 0.000 0.111 0.844 0.022 0.156 0.000 0.000 0.667 0.525 0.700 0.750 0.750 0.475 0.679 0.000 פֿ
0.000 0.500 0.925 0.375 0.000 0.194 0.911 0.911 0.444 0.167 0.594 0.750 0.750 0.975 0.875 0.083 0.178 0.533 0.978 0.611 0.719 0.975 0.800 0.350 0.031 0.750 0.000 ז
0.086 0.429 0.524 0.381 0.000 0.457 0.952 0.857 0.833 0.429 0.600 0.643 0.143 0.357 0.743 0.286 0.571 0.167 0.167 0.800 0.743 0.857 0.857 0.905 0.629 0.657 0.000 פֿ
0.057 0.352 0.432 0.307 0.000 0.417 0.823 0.698 0.698 0.271 0.604 0.552 0.292 0.542 0.729 0.490 0.667 0.250 0.333 0.823 0.852 0.886 0.966 0.875 0.693 0.667 0.000 פֿ
0.111 0.286 0.352 0.270 0.000 0.463 0.873 0.833 0.810 0.370 0.617 0.571 0.200 0.314 0.717 0.278 0.317 0.074 0.032 0.574 0.722 0.762 0.759 0.730 0.741 0.667 0.000 פֿ
0.000 0.185 0.481 0.481 0.259 0.630 0.741 0.111 0.000 0.000 1.000 0.333 0.000 0.000 0.000 0.593 0.704 0.111 0.000 0.000 0.000 0.222 0.519 0.481 0.185 0.878 0.000 (
0.333 0.500 0.667 0.333 0.000 0.833 0.667 0.111 0.000 0.000 1.000 0.667 0.333 0.333 0.167 1.000 1.000 0.889 0.833 0.833 0.833 1.000 0.889 0.667 0.500 0.682 0.000 '
0.229 0.429 0.600 0.571 0.114 0.200 0.000 0.000 0.521 0.375 0.000 0.000 0.075 0.458 0.050 0.000 0.146 0.275 0.062 0.025 0.314 0.595 0.486 0.500 0.371 0.662 0.000 2
0.511 0.574 0.556 0.611 0.311 0.000 0.000 0.000 0.067 0.340 0.000 0.000 0.000 0.000 0.200 0.000 0.000 0.000 0.000 0.360 0.000 0.000 0.000 0.000 0.556 0.727 0.000 ך
0.250 0.343 0.486 0.657 0.286 0.071 0.000 0.000 0.429 0.321 0.000 0.114 0.400 0.771 0.571 0.000 0.000 0.000 0.057 0.786 0.429 0.429 0.229 0.343 0.321 0.729 0.000 3
0.000 0.000 0.333 0.667 0.833 0.000 0.000 1.000 1.000 0.500 0.000 0.333 1.000 1.000 0.000 0.000 0.667 0.833 0.333 0.000 0.667 0.667 0.167 0.000 0.000 0.667 0.000 ,
0.250 0.600 0.750 0.771 0.214 0.000 0.000 0.000 0.550 0.406 0.000 0.075 0.344 0.275 0.000 0.188 0.400 0.062 0.000 0.000 0.857 0.771 0.714 0.714 0.464 0.735 0.000 2
0.000 0.000 0.222 0.778 1.000 0.000 0.000 0.500 1.000 0.750 0.000 0.111 0.556 0.889 0.333 0.000 0.250 0.833 0.500 0.000 0.500 0.556 0.333 0.000 0.000 0.654 0.000 ,
0.000 0.000 0.214 0.810 0.893 0.000 0.000 0.747 0.418 0.055 0.000 0.012 0.881 0.190 0.024 0.571 0.714 0.791 0.462 0.099 0.524 0.917 0.357 0.000 0.000 0.698 0.000 ל
0.000 0.000 0.400 0.821 0.786 0.000 0.000 0.714 0.964 0.607 0.000 0.143 0.800 0.964 0.286 0.036 0.607 1.000 0.536 0.000 0.679 0.929 0.600 0.036 0.000 0.757 0.000 ו
0.000 0.000 0.556 0.889 0.889 0.000 0.000 0.963 0.926 0.630 0.000 0.370 1.000 0.926 0.185 0.111 0.778 1.000 0.519 0.000 0.667 0.963 0.667 0.037 0.000 0.817 0.000 ו
0.000 0.000 0.291 0.909 0.727 0.000 0.000 0.618 0.982 0.432 0.000 0.200 0.917 0.700 0.062 0.045 0.636 0.909 0.182 0.000 0.659 0.873 0.491 0.000 0.000 0.817 0.000 ן
0.071 0.464 0.714 0.821 0.286 0.531 0.031 0.000 0.156 0.781 0.781 0.000 0.000 0.000 0.562 0.812 0.094 0.000 0.000 0.531 0.250 0.821 0.571 0.464 0.179 0.706 0.000 0
0.000 0.250 0.857 0.964 0.786 0.000 0.036 0.250 0.393 0.107 0.000 0.000 0.000 0.000 0.000 0.250 0.500 0.464 0.143 0.000 0.750 0.929 0.750 0.286 0.000 0.742 0.000 :
0.000 0.611 0.667 0.667 0.167 0.000 0.190 0.333 0.667 0.476 0.000 0.000 0.000 0.143 0.667 0.048 0.048 0.000 0.048 0.667 0.667 0.889 0.833 0.889 0.722 0.741 0.000 נ
0.083 0.444 0.833 0.667 0.333 0.000 0.222 0.556 0.389 0.083 0.000 0.000 0.167 0.333 0.167 0.000 0.389 0.889 0.833 0.250 0.417 0.722 0.667 0.278 0.000 0.827 0.000 ;
0.000 0.111 0.667 0.778 0.667 0.000 0.333 0.917 0.917 0.625 0.000 0.333 0.889 0.778 0.333 0.125 0.667 0.917 0.500 0.000 0.833 0.889 0.444 0.000 0.000 0.654 0.000 ,
0.000 0.167 0.583 0.833 0.833 0.000 0.333 1.000 1.000 0.500 0.000 0.333 1.000 1.000 0.333 0.083 0.667 1.000 0.583 0.000 0.667 0.667 0.333 0.000 0.000 0.725 0.000 ,
0.000 0.125 0.500 0.875 0.750 0.125 0.375 0.833 1.000 1.000 0.000 0.000 0.667 0.875 0.500 0.000 0.375 0.583 0.125 0.000 0.625 0.500 0.083 0.000 0.000 0.825 0.000 '
0.000 0.222 0.708 0.944 0.944 0.000 0.444 1.000 1.000 1.000 0.000 0.611 1.000 1.000 0.667 0.389 0.833 0.958 0.722 0.111 0.667 0.778 0.667 0.111 0.000 0.769 0.000 י
0.000 0.050 0.550 0.900 0.800 0.000 0.458 1.000 0.917 0.833 0.000 0.450 0.950 0.900 0.533 0.167 0.708 0.958 0.708 0.111 0.600 0.950 0.750 0.100 0.000 0.696 0.000 י
0.125 0.375 0.750 1.000 0.750 0.200 0.700 1.000 1.000 0.900 0.000 0.500 1.000 0.875 0.375 0.200 0.700 0.667 0.200 0.000 0.625 0.500 0.083 0.000 0.000 0.806 0.000 '
0.333 0.540 0.037 0.571 0.537 0.183 0.714 0.650 0.514 0.083 0.483 0.586 0.167 0.657 0.533 0.317 0.300 0.217 0.143 0.250 0.000 0.063 0.593 0.190 0.000 0.682 0.000 אָ
0.000 0.125 0.583 1.000 0.750 0.250 0.750 1.000 1.000 1.000 0.000 0.500 1.000 0.875 0.500 0.250 0.750 0.667 0.125 0.000 0.750 0.500 0.083 0.000 0.000 0.825 0.000 '
0.250 0.583 0.031 0.573 0.667 0.281 0.990 0.750 0.677 0.385 0.365 0.731 0.577 0.875 0.471 0.812 0.729 0.000 0.281 0.688 0.031 0.135 0.385 0.146 0.000 0.684 0.000 אַ
0.167 0.333 0.500 0.833 0.667 0.500 1.000 0.875 0.875 0.875 0.667 1.000 1.000 1.000 0.667 0.875 1.000 0.875 0.500 0.125 1.000 0.667 0.167 0.000 0.000 0.769 0.000 ,
0.292 0.625 0.562 0.208 0.000 0.000 0.000 0.472 0.963 0.630 0.000 0.000 0.250 1.000 1.000 0.000 0.037 0.556 0.926 0.519 0.375 0.667 0.531 0.125 0.000 0.842 0.000 )
0.333 0.889 0.722 0.278 0.000 0.000 0.000 0.222 0.944 0.111 0.000 0.000 0.000 0.444 0.389 0.000 0.056 0.333 0.556 0.667 0.556 0.778 0.222 0.000 0.500 0.750 0.000 ג
0.048 0.667 0.857 0.476 0.143 0.000 0.000 0.286 0.714 0.667 0.000 0.000 0.000 0.208 0.833 0.000 0.000 0.000 0.095 0.667 0.476 0.714 0.714 0.667 0.286 0.766 0.000 נ
0.267 0.767 0.733 0.500 0.200 0.000 0.000 0.133 0.700 0.967 0.000 0.000 0.000 0.333 1.000 0.000 0.000 0.000 0.333 1.000 0.000 0.000 0.000 0.167 0.733 0.837 0.000 ן
0.481 0.778 0.694 0.472 0.148 0.000 0.025 0.150 0.650 0.667 0.000 0.000 0.000 0.500 0.667 0.000 0.000 0.000 0.375 0.833 0.000 0.000 0.000 0.250 0.852 0.837 0.000 ן
0.321 0.679 0.821 0.143 0.000 0.000 0.125 0.688 0.125 0.000 0.000 0.000 0.594 0.094 0.000 0.000 0.000 0.594 0.094 0.000 0.607 0.714 0.857 0.714 0.500 0.765 0.000 1
0.321 0.800 0.571 0.171 0.000 0.000 0.143 0.571 0.886 0.143 0.000 0.000 0.000 0.714 0.464 0.036 0.171 0.393 0.771 0.821 0.536 0.743 0.357 0.143 0.714 0.743 0.000 ג
0.476 0.929 0.714 0.464 0.143 0.000 0.156 0.375 0.781 0.958 0.000 0.000 0.000 0.500 1.000 0.000 0.000 0.000 0.500 1.000 0.000 0.000 0.000 0.464 0.667 0.809 0.000 ו
0.432 0.932 0.750 0.318 0.000 0.021 0.250 0.750 0.979 0.375 0.000 0.000 0.146 0.875 0.750 0.000 0.000 0.000 0.625 0.875 0.000 0.000 0.000 0.523 0.727 0.852 0.000 ן
0.333 0.933 0.733 0.200 0.000 0.167 0.389 0.722 0.944 0.444 0.000 0.000 0.000 0.533 0.867 0.000 0.000 0.000 0.611 0.333 0.000 0.000 0.400 0.333 0.000 0.674 0.000 י
0.500 0.667 0.778 0.167 0.000 0.167 0.389 0.722 0.389 0.000 0.000 0.000 0.286 0.429 0.000 0.111 0.222 0.556 0.889 0.278 0.889 0.833 0.389 0.333 0.667 0.722 0.000 ג
0.083 0.750 0.600 0.458 0.042 0.042 0.417 0.733 0.792 0.042 0.000 0.000 0.167 0.917 0.208 0.083 0.250 0.600 0.958 0.375 0.833 0.958 0.500 0.583 0.792 0.717 0.000 ג
0.250 0.833 0.583 0.500 0.083 0.167 0.458 0.667 1.000 0.250 0.000 0.000 0.042 0.792 0.250 0.250 0.375 0.750 0.958 0.500 0.917 0.833 0.375 0.458 0.750 0.733 0.000 ג
0.344 0.875 0.594 0.125 0.000 0.250 0.475 0.938 0.750 0.031 0.000 0.000 0.312 0.950 0.312 0.000 0.000 0.000 0.700 0.688 0.000 0.000 0.000 0.400 0.625 0.775 0.000 ו
0.125 0.775 0.575 0.075 0.000 0.188 0.525 0.925 0.625 0.000 0.000 0.000 0.200 0.950 0.375 0.125 0.400 0.700 0.975 0.812 0.625 0.675 0.375 0.275 0.781 0.762 0.000 ג
0.250 0.700 0.188 0.000 0.000 0.644 0.600 0.407 0.400 0.400 0.300 0.400 0.417 0.625 0.775 0.000 0.156 0.426 0.489 0.133 0.700 0.575 0.188 0.000 0.000 0.711 0.000 ל
0.222 0.619 0.048 0.556 0.463 0.083 0.743 0.729 0.586 0.100 0.333 0.700 0.200 0.714 0.533 0.333 0.371 0.229 0.129 0.217 0.000 0.032 0.540 0.079 0.000 0.670 0.000 אָ
0.500 0.833 0.583 0.500 0.500 0.533 0.800 0.800 0.867 1.000 0.000 0.000 0.000 0.067 0.733 0.000 0.000 0.000 0.267 0.733 0.000 0.000 0.250 0.750 0.500 0.711 0.000 י
0.300 0.800 0.600 0.571 0.183 0.417 0.829 0.743 0.900 0.683 0.485 0.779 0.117 0.234 0.848 0.417 0.671 0.514 0.543 0.967 0.850 0.943 0.957 0.914 0.600 0.691 0.000 פֿ
0.200 0.800 0.933 0.450 0.000 0.733 0.900 1.000 0.900 0.533 0.111 0.292 0.722 0.833 0.889 0.000 0.000 0.333 0.950 0.600 0.000 0.050 0.600 0.650 0.067 0.705 0.000 י
0.250 0.750 0.562 0.500 0.333 0.800 0.933 0.850 0.933 0.733 0.267 0.267 0.450 0.867 0.467 0.067 0.333 0.750 0.467 0.000 0.417 0.750 0.438 0.000 0.000 0.684 0.000 י
0.057 0.788 0.243 0.025 0.100 0.260 0.943 0.558 0.750 0.688 0.557 0.988 0.886 0.412 0.000 0.545 0.523 0.623 0.386 0.000 0.000 0.525 0.400 0.000 0.000 0.656 0.000 אָ
0.500 0.821 0.429 0.357 0.179 0.750 0.964 1.000 1.000 0.964 0.393 0.429 0.607 1.000 1.000 0.000 0.000 0.143 0.893 0.786 0.000 0.000 0.607 0.893 0.571 0.771 0.000 י
0.000 0.750 0.600 0.575 0.800 0.175 1.000 0.500 0.950 0.675 0.350 0.925 0.275 1.000 0.375 0.800 0.800 0.625 0.925 0.050 0.900 0.350 0.850 0.375 0.000 0.653 0.000 װ
0.000 0.708 0.958 0.625 0.000 0.000 0.107 0.179 0.429 0.000 0.000 0.000 0.000 0.375 0.125 0.107 0.214 0.321 0.714 0.250 0.792 0.833 0.208 0.250 0.667 0.714 0.000 ג
0.143 0.771 0.800 0.657 0.086 0.000 0.000 0.314 0.971 0.343 0.000 0.000 0.250 1.000 0.400 0.143 0.629 0.829 0.943 0.543 0.657 0.657 0.086 0.543 0.771 0.672 0.000 ג
0.241 0.651 0.937 0.619 0.111 0.267 0.014 0.386 0.957 0.400 0.000 0.000 0.414 0.571 0.050 0.000 0.343 0.529 0.186 0.350 0.537 0.905 0.889 0.825 0.593 0.670 0.000 2
0.208 0.833 0.875 0.750 0.125 0.083 0.167 0.167 0.833 0.333 0.000 0.042 0.583 0.583 0.000 0.125 0.792 0.542 0.083 0.125 0.792 0.833 0.833 0.833 0.583 0.667 0.000 2
0.208 0.700 0.733 0.667 0.167 0.643 0.457 0.171 0.743 0.357 0.429 0.800 0.657 0.771 0.393 0.929 0.343 0.029 0.400 0.821 0.375 0.700 0.733 0.600 0.250 0.672 0.000 8
0.500 0.733 0.900 0.600 0.200 0.300 0.733 0.900 0.600 0.200 0.000 0.000 0.000 0.000 0.000 0.400 0.800 0.900 0.600 0.300 0.300 0.667 0.900 0.733 0.400 0.840 0.000 :
0.333 0.667 0.917 0.667 0.333 0.500 0.833 1.000 0.833 0.500 0.000 0.095 0.214 0.048 0.000 0.417 0.722 0.917 0.722 0.417 0.250 0.667 0.917 0.667 0.417 0.852 0.000 :
0.000 0.833 0.778 0.722 0.333 0.000 0.333 0.476 0.762 0.667 0.000 0.000 0.000 0.429 0.857 0.238 0.333 0.333 0.571 0.905 0.722 1.000 1.000 0.944 0.778 0.741 0.000 נ
0.042 0.708 0.708 0.667 0.333 0.071 0.429 0.536 0.929 0.571 0.000 0.000 0.000 0.607 0.750 0.214 0.286 0.286 0.643 0.786 0.833 0.958 0.958 1.000 0.750 0.724 0.000 נ
0.208 0.733 0.933 0.800 0.333 0.958 0.433 0.033 0.600 0.875 0.833 0.833 0.600 0.900 0.792 0.042 0.333 0.567 0.900 0.375 0.167 0.633 0.700 0.200 0.000 0.683 0.000 9
0.286 0.667 0.929 0.905 0.357 0.000 0.524 0.786 0.762 0.429 0.000 0.381 0.929 0.667 0.071 0.000 0.190 0.643 0.476 0.071 0.000 0.381 0.929 0.857 0.571 0.871 0.000 !
0.250 0.667 0.800 0.800 0.375 0.857 0.486 0.086 0.629 0.929 0.542 0.833 0.533 0.667 0.625 0.000 0.086 0.571 0.743 0.107 0.000 0.400 0.700 0.100 0.000 0.661 0.000 9
0.400 0.650 0.950 0.925 0.425 0.775 0.600 0.375 0.750 0.975 0.022 0.756 0.889 0.933 0.422 0.000 0.350 0.950 0.400 0.000 0.000 0.275 0.875 0.150 0.000 0.662 0.000 ד
0.536 0.786 0.893 0.929 0.464 0.000 0.000 0.071 0.821 0.821 0.000 0.000 0.071 0.821 0.821 0.000 0.000 0.107 0.857 0.857 0.786 0.857 0.893 0.857 0.821 0.742 0.000 נ
0.315 0.698 0.111 0.683 0.519 0.117 0.700 0.714 0.529 0.050 0.389 0.683 0.159 0.683 0.593 0.367 0.371 0.229 0.157 0.267 0.000 0.016 0.508 0.254 0.000 0.663 0.000 אָ
0.333 0.778 0.708 0.611 0.611 0.190 0.286 0.536 0.857 0.714 0.000 0.000 0.500 0.778 0.167 0.000 0.381 0.714 0.286 0.000 0.278 0.722 0.417 0.000 0.000 0.786 0.000 ו
0.333 0.667 0.778 1.000 0.667 0.333 0.833 0.889 1.000 0.500 0.500 0.875 1.000 0.625 0.125 0.833 1.000 0.667 0.167 0.000 0.833 0.500 0.111 0.000 0.000 0.708 0.000 ,
0.143 0.636 0.864 0.886 0.688 0.156 0.705 0.352 0.477 0.766 0.036 0.823 0.531 0.812 0.190 0.286 0.682 0.023 0.023 0.000 0.740 0.409 0.000 0.000 0.000 0.673 0.000 ק
0.444 0.667 0.875 0.944 0.778 0.381 0.333 0.643 0.952 0.810 0.000 0.000 0.458 1.000 0.722 0.000 0.000 0.429 1.000 0.762 0.000 0.000 0.500 0.889 0.778 0.786 0.000 1
0.167 0.667 1.000 0.833 0.833 0.500 0.833 0.833 0.667 0.667 0.833 1.000 0.833 0.833 0.500 0.667 0.833 0.833 0.667 0.167 0.667 0.667 0.500 0.167 0.000 0.727 0.000 ,
0.333 0.667 0.667 0.833 0.917 0.000 0.000 0.000 0.500 1.000 0.000 0.000 0.000 0.500 1.000 0.000 0.000 0.000 0.500 1.000 0.667 0.667 0.667 0.833 0.917 0.815 0.000 נ
0.444 0.722 0.792 0.889 0.944 0.278 0.333 0.500 1.000 1.000 0.000 0.000 0.250 0.944 0.611 0.000 0.000 0.250 1.000 0.889 0.000 0.000 0.208 0.889 0.778 0.800 0.000 1
0.500 1.000 1.000 1.000 1.000 0.500 0.929 0.810 0.929 1.000 0.500 0.857 0.810 0.929 1.000 0.571 0.857 0.857 1.000 1.000 0.571 0.929 0.952 1.000 0.929 0.887 0.000 ו
0.500 1.000 0.250 0.779 0.865 0.500 1.000 0.250 0.750 0.875 0.490 1.000 0.250 0.750 0.875 0.536 1.000 0.330 0.821 0.884 1.000 1.000 1.000 0.990 0.385 0.714 0.000 ע
0.708 0.667 0.708 0.833 0.875 0.000 0.000 0.000 0.000 0.708 0.000 0.000 0.000 0.000 0.750 0.000 0.000 0.000 0.000 0.750 0.000 0.000 0.000 0.000 0.750 0.704 0.000 ר
0.600 0.574 0.556 0.574 0.600 0.156 0.019 0.000 0.000 0.333 0.400 0.037 0.178 0.370 0.289 0.400 0.167 0.489 0.130 0.000 0.489 0.093 0.000 0.000 0.000 0.720 0.000 ק
0.583 0.667 0.667 0.708 0.875 0.000 0.000 0.000 0.125 0.875 0.000 0.000 0.000 0.214 0.964 0.000 0.000 0.000 0.083 0.833 0.000 0.000 0.000 0.083 0.792 0.685 0.000 ר
0.550 0.167 0.000 0.000 0.000 0.250 0.208 0.050 0.125 0.125 0.156 0.259 0.222 0.222 0.667 0.000 0.000 0.075 0.458 0.400 0.000 0.354 0.725 0.312 0.000 0.689 0.000 ל
0.625 0.667 0.600 0.750 0.917 0.000 0.000 0.000 0.250 0.833 0.000 0.000 0.000 0.250 0.786 0.000 0.000 0.000 0.250 0.792 0.000 0.000 0.000 0.250 0.833 0.685 0.000 ר
0.542 0.633 0.667 0.833 0.667 0.000 0.000 0.000 0.257 0.750 0.000 0.000 0.000 0.267 0.750 0.000 0.000 0.000 0.229 0.750 0.000 0.000 0.000 0.267 0.667 0.679 0.000 ר
0.667 0.708 0.567 0.750 0.583 0.000 0.000 0.000 0.286 0.964 0.000 0.000 0.000 0.208 0.958 0.000 0.000 0.000 0.250 0.964 0.542 0.583 0.600 0.708 0.542 0.696 0.000 כ
0.622 0.556 0.044 0.622 0.622 0.356 0.911 0.467 0.311 0.933 0.000 0.280 0.940 0.320 0.840 0.044 0.444 0.933 0.822 0.200 0.378 0.689 0.333 0.022 0.000 0.702 0.000 ע
0.629 0.405 0.000 0.548 0.571 0.229 0.810 0.543 0.333 0.600 0.743 0.190 0.400 0.786 0.114 0.629 0.524 0.057 0.333 0.571 0.000 0.167 0.486 0.310 0.000 0.671 0.000 אַ
0.629 0.457 0.095 0.600 0.686 0.375 0.850 0.479 0.375 0.700 0.725 0.075 0.479 0.850 0.175 0.675 0.475 0.104 0.400 0.625 0.000 0.229 0.500 0.286 0.000 0.676 0.000 אַ
0.556 0.389 0.292 0.389 0.389 0.111 0.444 0.917 0.389 0.167 0.000 0.222 0.792 0.278 0.000 0.000 0.167 0.750 0.500 0.000 0.000 0.000 0.667 0.556 0.111 0.769 0.000 ז
0.708 0.533 0.000 0.533 0.792 0.214 0.714 0.114 0.400 0.714 0.042 0.433 0.833 0.767 0.125 0.000 0.000 0.171 0.629 0.536 0.750 0.767 0.767 0.700 0.583 0.661 0.000 צ
0.958 0.708 0.667 0.625 0.333 0.208 0.250 0.200 0.292 0.667 0.750 0.000 0.200 0.458 0.417 0.750 0.542 0.500 0.042 0.000 0.625 0.083 0.033 0.000 0.000 0.717 0.000 ק
0.810 0.679 0.524 0.500 0.381 0.429 0.714 0.952 0.536 0.333 0.000 0.429 0.952 0.429 0.000 0.000 0.464 0.952 0.464 0.000 0.000 0.429 0.810 0.536 0.000 0.790 0.000 ז
0.625 0.475 0.083 0.575 0.700 0.450 0.625 0.625 0.550 0.550 0.825 0.125 0.167 0.725 0.275 0.325 0.425 0.208 0.150 0.325 0.000 0.125 0.688 0.175 0.000 0.725 0.000 אָ
0.750 0.179 0.179 0.786 0.500 0.375 0.938 0.438 0.562 0.188 0.786 0.250 0.714 0.857 0.071 0.656 0.625 0.031 0.562 0.438 0.107 0.357 0.429 0.143 0.036 0.697 0.000 אַ
0.741 0.519 0.000 0.426 0.556 0.200 0.683 0.250 0.617 0.267 0.000 0.617 0.467 0.033 0.000 0.000 0.633 0.200 0.000 0.000 0.000 0.648 0.278 0.000 0.000 0.705 0.000 ץ
0.857 0.619 0.571 0.571 0.524 0.429 0.476 0.893 0.619 0.429 0.000 0.000 0.750 0.333 0.000 0.000 0.000 0.750 0.333 0.000 0.000 0.095 0.821 0.619 0.048 0.806 0.000 ז
0.671 0.457 0.112 0.771 0.243 0.486 0.943 0.575 0.714 0.286 0.429 0.586 0.525 0.871 0.214 0.486 0.471 0.013 0.500 0.829 0.157 0.243 0.400 0.186 0.129 0.652 0.000 אַ
0.625 0.420 0.242 0.830 0.625 0.443 0.989 0.747 0.784 0.545 0.648 0.500 0.707 0.966 0.466 0.739 0.955 0.222 0.352 0.875 0.034 0.216 0.313 0.205 0.034 0.664 0.000 אַ
0.762 0.571 0.571 0.667 0.524 0.208 0.208 0.292 0.833 1.000 0.000 0.083 0.417 0.583 0.417 0.000 0.000 0.000 0.000 0.000 0.000 0.286 0.476 0.143 0.000 0.838 0.000 יִ
0.619 0.679 0.571 0.571 0.333 0.476 0.571 0.571 0.857 0.810 0.000 0.000 0.000 0.679 0.762 0.000 0.000 0.000 0.607 0.905 0.000 0.000 0.000 0.607 0.905 0.790 0.000 ו
0.714 0.667 0.536 0.524 0.381 0.190 0.190 0.321 0.857 0.667 0.000 0.000 0.429 0.524 0.238 0.000 0.000 0.000 0.000 0.000 0.000 0.143 0.500 0.143 0.000 0.829 0.000 יִ
0.900 0.600 0.700 0.700 0.400 0.400 0.500 0.600 0.900 0.900 0.000 0.000 0.083 0.583 0.750 0.000 0.000 0.200 0.300 0.100 0.000 0.200 0.800 0.400 0.000 0.773 0.000 יִ
0.875 0.625 0.875 0.750 0.500 0.375 0.375 0.500 1.000 1.000 0.000 0.000 0.125 0.875 1.000 0.000 0.000 0.125 0.750 1.000 0.000 0.000 0.250 0.875 1.000 0.688 0.000 י
0.708 0.500 0.333 0.800 0.500 0.458 0.667 0.125 0.433 0.667 0.083 0.700 0.500 0.600 0.250 0.083 0.367 0.875 0.933 0.167 0.667 0.633 0.333 0.100 0.000 0.700 0.000 ע
0.708 0.467 0.292 0.700 0.458 0.333 0.733 0.208 0.433 0.792 0.000 0.667 0.542 0.533 0.458 0.042 0.333 0.917 0.967 0.375 0.500 0.833 0.542 0.233 0.000 0.700 0.000 ע
0.750 0.667 0.700 0.750 0.833 0.571 0.036 0.000 0.250 1.000 0.708 0.708 0.600 0.583 0.958 0.071 0.143 0.114 0.250 0.964 0.583 0.583 0.633 0.750 0.708 0.696 0.000 פּ
0.875 0.633 0.625 0.767 0.667 0.893 0.114 0.000 0.343 0.750 0.833 0.567 0.583 0.633 0.833 0.036 0.057 0.071 0.343 0.750 0.625 0.533 0.625 0.633 0.500 0.679 0.000 פּ
0.583 0.667 0.708 0.833 0.667 0.786 0.229 0.036 0.257 0.857 0.750 0.633 0.458 0.567 0.958 0.107 0.143 0.179 0.343 0.929 0.583 0.667 0.625 0.733 0.792 0.679 0.000 פּ
0.600 0.689 0.644 0.644 0.311 0.711 0.267 0.200 0.378 0.689 0.720 0.600 0.060 0.180 0.780 0.000 0.000 0.000 0.156 0.756 0.000 0.000 0.000 0.178 0.778 0.750 0.000 ף
0.675 0.662 0.250 0.662 0.623 0.655 0.845 0.219 0.750 0.655 0.026 0.675 0.057 0.636 0.247 0.238 0.690 0.812 0.762 0.024 0.779 0.649 0.386 0.065 0.000 0.698 0.000 ע
0.867 0.378 0.044 0.733 0.378 0.580 0.940 0.320 0.500 0.840 0.000 0.467 0.844 0.444 0.889 0.160 0.560 0.960 0.740 0.200 0.644 0.578 0.222 0.000 0.000 0.709 0.000 ע
0.795 0.564 0.000 0.000 0.000 0.798 0.524 0.417 0.417 0.298 0.410 0.615 0.615 0.718 0.962 0.000 0.000 0.131 0.595 0.524 0.000 0.231 0.910 0.449 0.000 0.762 0.000 ל
0.825 0.375 0.000 0.000 0.000 0.775 0.575 0.500 0.500 0.300 0.175 0.375 0.375 0.425 0.900 0.000 0.000 0.175 0.725 0.275 0.000 0.350 0.725 0.150 0.000 0.688 0.000 ל
0.600 0.000 0.000 0.000 0.000 0.660 0.550 0.500 0.517 0.580 0.000 0.000 0.000 0.019 0.800 0.000 0.000 0.080 0.333 0.300 0.289 0.574 0.467 0.111 0.000 0.733 0.000 ל
0.778 0.708 0.667 0.583 0.222 0.500 0.500 0.556 0.792 0.667 0.000 0.000 0.000 0.750 0.667 0.000 0.000 0.000 0.708 0.611 0.000 0.000 0.056 0.708 0.833 0.783 0.000 ו
0.556 0.489 0.093 0.467 0.800 0.511 0.600 0.611 0.533 0.511 0.733 0.222 0.185 0.644 0.378 0.289 0.444 0.389 0.222 0.289 0.000 0.089 0.574 0.178 0.000 0.732 0.000 אָ
0.911 0.407 0.000 0.000 0.000 0.889 0.778 0.644 0.667 0.600 0.040 0.083 0.080 0.467 0.840 0.000 0.000 0.356 0.796 0.244 0.000 0.000 0.756 0.556 0.000 0.726 0.000 ל
0.750 0.233 0.208 0.767 0.542 0.542 0.867 0.417 0.733 0.583 0.542 0.567 0.833 0.733 0.000 0.875 0.500 0.208 0.833 0.542 0.667 0.767 0.125 0.233 0.833 0.654 0.000 א
0.850 0.650 0.700 0.750 0.400 0.667 0.542 0.500 0.542 0.833 0.625 0.000 0.000 0.000 0.500 0.750 0.375 0.333 0.375 0.792 0.400 0.900 1.000 0.900 0.600 0.667 0.000 ס
0.833 0.267 0.208 0.800 0.625 0.500 0.914 0.536 0.771 0.500 0.714 0.571 0.714 0.886 0.214 0.786 0.743 0.036 0.457 0.893 0.167 0.467 0.500 0.400 0.167 0.690 0.000 אַ
0.875 0.233 0.417 0.800 0.458 0.500 0.933 0.417 0.667 0.292 0.750 0.433 0.792 0.767 0.125 0.875 0.733 0.042 0.600 0.833 0.167 0.633 0.667 0.433 0.125 0.700 0.000 אַ
0.867 0.643 0.586 0.614 0.583 0.733 0.714 0.700 0.871 0.783 0.000 0.000 0.000 0.545 0.500 0.000 0.000 0.000 0.571 0.583 0.000 0.000 0.000 0.543 0.650 0.691 0.000 ד
0.817 0.617 0.600 0.617 0.433 0.783 0.817 0.717 0.833 0.933 0.485 0.379 0.000 0.061 0.939 0.433 0.783 0.433 0.583 0.750 0.150 0.783 0.933 0.700 0.133 0.681 0.000 ס
0.586 0.657 0.686 0.643 0.114 0.500 0.686 0.729 0.957 0.300 0.000 0.000 0.000 0.643 0.343 0.429 0.500 0.500 0.771 0.629 0.843 0.900 0.900 0.900 0.757 0.663 0.000 ב
0.733 0.657 0.600 0.557 0.300 0.733 0.800 0.757 0.900 0.783 0.000 0.000 0.000 0.351 0.833 0.000 0.000 0.000 0.286 0.817 0.000 0.000 0.000 0.314 0.750 0.691 0.000 ר
0.729 0.586 0.600 0.600 0.514 0.800 0.814 0.800 0.829 0.786 0.818 0.143 0.000 0.429 0.481 0.800 0.157 0.000 0.429 0.629 0.800 0.229 0.000 0.386 0.629 0.660 0.000 ח
0.767 0.614 0.586 0.571 0.517 0.817 0.814 0.814 0.914 0.850 0.000 0.000 0.000 0.558 0.500 0.000 0.000 0.000 0.586 0.567 0.000 0.000 0.000 0.571 0.700 0.691 0.000 ד
0.667 0.583 0.500 0.417 0.167 0.533 0.667 0.850 0.600 0.400 0.000 0.000 0.312 0.750 0.667 0.000 0.000 0.400 0.867 0.600 0.000 0.083 0.625 0.667 0.417 0.667 0.000 י
0.778 0.667 0.667 0.511 0.333 0.556 0.822 0.933 0.889 0.778 0.000 0.400 0.844 0.089 0.000 0.000 0.533 0.956 0.444 0.000 0.000 0.400 0.867 0.333 0.000 0.767 0.000 ז
0.733 0.567 0.467 0.400 0.100 0.900 1.000 0.967 0.967 0.733 0.333 0.733 0.733 0.867 0.833 0.000 0.000 0.000 0.267 0.733 0.000 0.000 0.067 0.567 0.367 0.650 0.000 י
0.750 0.417 0.250 0.250 0.167 1.000 1.000 1.000 1.000 0.917 0.083 0.000 0.062 0.750 0.750 0.000 0.000 0.188 0.917 0.667 0.000 0.000 0.500 0.750 0.250 0.700 0.000 י
0.833 0.333 0.250 0.250 0.250 1.000 1.000 1.000 1.000 1.000 0.000 0.000 0.000 0.500 1.000 0.000 0.000 0.083 0.750 0.833 0.000 0.083 0.583 0.750 0.417 0.725 0.000 י
0.667 0.667 0.500 0.417 0.250 0.833 1.000 1.000 1.000 1.000 0.167 0.250 0.375 0.917 0.917 0.000 0.000 0.375 1.000 0.667 0.000 0.000 0.625 0.750 0.333 0.700 0.000 י
0.917 0.700 0.667 0.600 0.208 0.750 0.971 0.914 0.943 0.643 0.000 0.133 0.067 0.100 0.542 0.000 0.000 0.000 0.086 0.643 0.000 0.000 0.000 0.200 0.750 0.661 0.000 ר
0.875 0.625 0.500 0.375 0.000 0.875 1.000 1.000 1.000 0.500 0.125 0.500 0.500 0.875 1.000 0.000 0.000 0.000 0.625 0.750 0.000 0.000 0.250 0.875 0.125 0.688 0.000 י
0.651 0.762 0.714 0.603 0.175 0.492 0.778 0.810 0.825 0.794 0.000 0.000 0.000 0.000 0.683 0.492 0.762 0.667 0.762 0.857 0.857 0.937 0.905 0.762 0.302 0.656 0.000 כ
0.600 0.800 0.867 0.700 0.500 0.500 0.700 0.867 0.600 0.300 0.000 0.000 0.000 0.000 0.000 0.400 0.700 0.867 0.600 0.300 0.500 0.600 0.800 0.700 0.500 0.860 0.000 :
0.800 0.822 0.704 0.600 0.289 0.460 0.720 0.900 0.840 0.660 0.000 0.280 0.750 0.040 0.000 0.000 0.360 0.933 0.340 0.000 0.000 0.200 0.815 0.289 0.000 0.750 0.000 ז
0.619 0.714 0.714 0.667 0.238 0.286 0.286 0.286 0.571 0.571 0.000 0.000 0.000 0.333 0.667 0.000 0.000 0.000 0.333 0.667 0.000 0.000 0.000 0.381 0.810 0.806 0.000 ו
0.571 0.857 0.762 0.571 0.238 0.000 0.048 0.238 0.571 0.952 0.000 0.000 0.000 0.333 1.000 0.000 0.000 0.000 0.333 1.000 0.000 0.000 0.000 0.333 0.810 0.823 0.000 ו
0.750 0.875 0.833 0.750 0.250 0.625 0.333 0.200 0.333 0.625 0.833 0.625 0.400 0.417 0.583 0.167 0.167 0.200 0.333 0.750 0.833 1.000 0.967 0.792 0.417 0.673 0.000 פּ
0.611 0.733 0.639 0.533 0.361 0.444 0.733 0.806 0.889 0.944 0.000 0.000 0.000 0.467 0.917 0.000 0.000 0.000 0.467 0.806 0.000 0.000 0.000 0.511 0.861 0.800 0.000 ו
0.844 0.759 0.648 0.648 0.444 0.311 0.241 0.222 0.278 0.756 0.622 0.352 0.185 0.556 0.333 0.667 0.537 0.648 0.241 0.000 0.711 0.389 0.000 0.000 0.000 0.707 0.000 ק
0.571 0.857 0.607 0.179 0.000 0.000 0.156 0.531 0.844 0.156 0.000 0.000 0.000 0.607 0.393 0.062 0.188 0.375 0.625 0.594 0.750 0.750 0.250 0.000 0.536 0.758 0.000 ג
0.722 0.844 0.667 0.511 0.222 0.472 0.711 0.867 0.933 0.778 0.000 0.000 0.000 0.644 0.722 0.000 0.000 0.000 0.533 0.778 0.000 0.000 0.000 0.533 0.722 0.789 0.000 ו
0.667 0.889 0.630 0.222 0.000 0.333 0.500 0.852 0.917 0.333 0.000 0.000 0.067 0.650 0.833 0.074 0.278 0.444 0.806 0.926 0.556 0.861 0.667 0.389 0.111 0.845 0.000 נ
0.667 0.750 0.556 0.500 0.278 0.500 0.500 0.556 0.917 0.667 0.333 0.458 0.111 0.667 0.667 0.222 0.208 0.000 0.667 0.944 0.000 0.000 0.000 0.708 0.889 0.783 0.000 וּ
0.778 0.861 0.741 0.694 0.481 0.111 0.139 0.741 0.750 0.074 0.000 0.000 0.630 0.667 0.000 0.000 0.000 0.630 0.778 0.037 0.000 0.000 0.667 0.917 0.296 0.841 0.000 ן
0.722 0.944 0.708 0.500 0.278 0.619 0.905 1.000 1.000 0.810 0.000 0.056 0.167 0.500 0.444 0.571 0.571 0.536 0.762 0.667 1.000 0.944 0.292 0.667 0.667 0.786 0.000 ג
0.600 0.800 0.600 0.600 0.300 0.300 0.600 1.000 0.600 0.600 0.000 0.300 1.000 0.200 0.000 0.000 0.200 1.000 0.700 0.000 0.000 0.500 0.900 0.400 0.000 0.800 0.000 ז
0.650 0.750 0.800 0.650 0.400 0.625 0.667 0.542 0.583 0.833 0.708 0.750 0.250 0.000 0.500 0.333 0.333 0.333 0.333 0.667 0.900 1.000 1.000 1.000 0.700 0.667 0.000 פ
0.900 0.800 0.800 0.700 0.500 0.400 0.400 0.467 0.800 0.700 0.000 0.000 0.000 0.250 0.250 0.000 0.000 0.000 0.100 0.500 0.000 0.000 0.000 0.400 0.900 0.841 0.000 ו
0.833 0.833 0.667 0.667 0.500 0.000 0.167 0.417 0.833 0.250 0.000 0.000 1.000 0.500 0.000 0.000 0.000 1.000 0.500 0.000 0.000 0.000 1.000 0.667 0.000 0.833 0.000 ן
0.750 0.958 0.750 0.479 0.250 0.130 0.259 0.492 0.981 0.852 0.000 0.000 0.222 0.704 0.093 0.000 0.000 0.079 0.870 0.389 0.000 0.000 0.000 0.417 0.604 0.654 0.000 ד
0.800 0.817 0.783 0.717 0.450 0.150 0.317 0.350 0.767 0.567 0.000 0.000 0.150 0.783 0.333 0.000 0.000 0.050 0.800 0.750 0.000 0.000 0.000 0.617 0.500 0.812 0.000 ן
0.667 0.750 0.312 0.250 0.167 0.867 1.000 1.000 1.000 0.800 0.400 0.467 0.400 0.800 1.000 0.000 0.000 0.300 0.867 0.733 0.000 0.000 0.625 0.917 0.500 0.684 0.000 י
0.952 0.762 0.643 0.524 0.333 0.429 0.429 0.571 1.000 0.810 0.000 0.000 0.107 0.810 0.952 0.000 0.000 0.143 0.857 0.905 0.000 0.000 0.143 0.810 0.905 0.806 0.000 ו
0.833 0.833 0.819 0.700 0.417 0.167 0.317 0.403 0.833 0.483 0.000 0.000 0.236 0.850 0.233 0.000 0.000 0.167 0.900 0.617 0.000 0.000 0.153 0.850 0.500 0.804 0.000 ו
0.667 0.792 0.542 0.500 0.167 0.389 0.500 0.542 0.875 0.333 0.000 0.000 0.125 0.875 0.389 0.000 0.000 0.083 0.833 0.556 0.000 0.000 0.083 0.833 0.667 0.767 0.000 ו
0.639 0.822 0.756 0.733 0.444 0.583 0.622 0.756 0.889 0.750 0.000 0.000 0.333 0.978 0.750 0.000 0.000 0.356 0.978 0.750 0.000 0.000 0.356 0.867 0.583 0.789 0.000 ו
0.750 0.750 0.875 0.875 0.250 0.500 0.375 0.500 1.000 0.875 0.000 0.000 0.125 1.000 1.000 0.000 0.000 0.125 1.000 0.875 0.000 0.000 0.250 1.000 0.875 0.688 0.000 י
0.750 0.750 0.500 0.500 0.333 0.867 0.933 1.000 1.000 0.733 0.333 0.400 0.500 1.000 0.800 0.000 0.000 0.400 1.000 0.600 0.000 0.000 0.625 0.833 0.333 0.684 0.000 י
0.722 0.750 0.500 0.458 0.111 0.444 0.458 0.625 1.000 0.333 0.000 0.000 0.250 1.000 0.333 0.000 0.000 0.208 0.917 0.611 0.000 0.000 0.208 0.958 0.778 0.767 0.000 ו
0.633 0.933 0.633 0.600 0.500 0.567 0.700 0.800 0.933 0.967 0.000 0.000 0.100 1.000 0.900 0.000 0.000 0.033 1.000 0.900 0.000 0.000 0.233 1.000 0.800 0.837 0.000 ו
0.679 0.786 0.429 0.393 0.143 0.857 1.000 1.000 0.964 0.750 0.464 0.429 0.679 1.000 0.786 0.000 0.000 0.286 0.964 0.643 0.000 0.000 0.607 0.929 0.429 0.771 0.000 י
0.917 0.833 0.500 0.333 0.083 1.000 1.000 1.000 1.000 0.583 0.500 0.833 1.000 1.000 0.917 0.000 0.000 0.083 0.500 0.750 0.000 0.000 0.000 0.583 0.583 0.725 0.000 י
0.792 0.958 0.781 0.667 0.500 0.333 0.444 0.556 0.778 0.667 0.000 0.000 0.444 0.778 0.111 0.000 0.000 0.500 1.000 0.333 0.000 0.000 0.562 0.750 0.208 0.846 0.000 ן
0.800 0.900 0.600 0.500 0.100 0.400 0.800 0.800 1.000 0.800 0.000 0.000 0.000 0.800 0.500 0.000 0.000 0.000 0.600 0.900 0.000 0.000 0.000 0.600 0.900 0.800 0.000 ו
0.857 0.786 0.643 0.571 0.500 0.143 0.286 0.429 1.000 0.429 0.000 0.000 0.929 1.000 0.000 0.000 0.000 0.714 1.000 0.000 0.000 0.000 0.929 0.929 0.000 0.839 0.000 ן
0.650 0.850 0.775 0.800 0.750 0.000 0.000 0.000 0.250 0.750 0.000 0.000 0.025 0.600 0.175 0.000 0.000 0.500 0.575 0.000 0.000 0.250 0.925 0.200 0.000 0.738 0.000 ך
0.700 0.775 0.700 0.700 0.825 0.000 0.000 0.660 0.450 0.000 0.000 0.000 0.660 0.425 0.000 0.000 0.000 0.740 0.650 0.000 0.000 0.000 0.700 0.750 0.100 0.830 0.000 ן
0.792 0.833 0.733 0.792 0.833 0.000 0.000 0.000 0.208 0.958 0.000 0.000 0.000 0.250 0.964 0.000 0.000 0.000 0.208 0.958 0.000 0.000 0.000 0.250 1.000 0.685 0.000 ר
0.667 0.861 0.741 0.667 0.704 0.037 0.111 0.593 0.556 0.074 0.000 0.000 0.519 0.500 0.000 0.000 0.000 0.481 0.639 0.000 0.000 0.000 0.444 0.806 0.111 0.841 0.000 ן
0.619 0.905 0.821 0.762 0.667 0.042 0.125 0.219 0.792 0.958 0.000 0.000 0.188 0.458 0.292 0.000 0.000 0.000 0.000 0.000 0.000 0.095 0.464 0.238 0.000 0.824 0.000 יִ
0.667 0.833 0.667 0.778 0.722 0.111 0.333 0.750 0.611 0.278 0.000 0.000 0.750 0.389 0.000 0.000 0.000 0.625 0.611 0.000 0.000 0.000 0.708 0.833 0.167 0.769 0.000 ז
0.769 0.831 0.692 0.692 0.585 0.185 0.277 0.846 0.785 0.169 0.000 0.000 0.643 0.714 0.000 0.000 0.000 0.603 0.846 0.123 0.000 0.000 0.718 0.815 0.277 0.823 0.000 ן
0.543 0.714 0.457 0.114 0.771 0.229 0.771 0.543 0.371 0.600 0.000 0.225 0.750 0.750 0.250 0.257 0.429 0.857 0.543 0.000 0.829 0.743 0.200 0.000 0.000 0.672 0.000 ע
0.750 0.877 0.731 0.738 0.558 0.250 0.329 0.857 0.771 0.196 0.000 0.000 0.750 0.692 0.000 0.000 0.000 0.750 0.800 0.036 0.000 0.015 0.769 0.938 0.288 0.857 0.000 ן
0.952 0.857 0.762 0.810 0.667 0.250 0.250 0.542 0.958 0.917 0.000 0.000 0.250 0.708 0.750 0.000 0.000 0.208 0.750 0.917 0.000 0.000 0.333 0.952 0.762 0.838 0.000 ו
0.750 0.923 0.785 0.769 0.750 0.268 0.304 0.757 0.857 0.321 0.000 0.000 0.600 0.865 0.115 0.000 0.000 0.586 1.000 0.268 0.000 0.000 0.569 0.904 0.500 0.865 0.000 ן
0.879 0.923 0.923 0.923 0.813 0.082 0.071 0.480 1.000 0.327 0.000 0.000 0.429 0.980 0.286 0.000 0.000 0.429 0.990 0.245 0.000 0.000 0.451 1.000 0.275 0.727 0.000 ד
0.777 0.786 0.056 0.802 0.634 0.188 0.905 0.540 0.762 0.545 0.616 0.738 0.897 0.714 0.179 0.991 0.468 0.635 0.675 0.062 0.964 0.524 0.103 0.857 0.536 0.705 0.000 א
0.923 0.962 0.990 0.981 0.956 0.071 0.071 0.545 1.000 0.327 0.000 0.000 0.500 1.000 0.316 0.000 0.000 0.500 1.000 0.398 0.000 0.000 0.490 1.000 0.407 0.734 0.000 ד
0.750 0.750 0.714 0.714 0.679 0.179 0.286 0.286 0.571 0.714 0.000 0.000 0.000 0.250 0.679 0.000 0.000 0.000 0.250 0.750 0.000 0.000 0.000 0.357 0.786 0.726 0.000 ך
0.846 0.782 0.756 0.769 0.551 0.310 0.310 0.262 0.464 0.798 0.643 0.262 0.405 0.750 0.274 0.667 0.321 0.452 0.131 0.000 0.628 0.385 0.000 0.000 0.000 0.766 0.000 ק
0.667 1.000 1.000 0.917 0.583 0.333 0.417 0.500 1.000 0.917 0.000 0.000 0.167 0.833 1.000 0.000 0.000 0.083 0.750 1.000 0.000 0.000 0.000 0.667 1.000 0.656 0.000 י
0.750 0.875 1.000 0.875 0.625 0.375 0.500 0.375 1.000 1.000 0.000 0.000 0.000 1.000 1.000 0.000 0.000 0.000 1.000 1.000 0.000 0.000 0.000 1.000 1.000 0.688 0.000 י
0.722 0.792 0.667 0.667 0.556 0.444 0.583 1.000 0.750 0.444 0.000 0.292 1.000 0.500 0.000 0.000 0.250 1.000 0.500 0.000 0.000 0.333 0.944 0.583 0.000 0.783 0.000 ז
0.750 0.833 0.750 0.750 0.667 0.533 0.600 0.667 0.800 0.667 0.000 0.000 0.000 0.083 0.500 0.000 0.000 0.067 0.600 0.667 0.000 0.083 0.583 0.833 0.417 0.694 0.000 י
0.556 0.822 0.667 0.667 0.556 0.583 0.644 0.822 0.978 0.972 0.000 0.000 0.178 0.889 0.917 0.000 0.000 0.156 0.822 0.944 0.000 0.000 0.267 0.844 0.722 0.789 0.000 ו
0.667 0.917 0.750 0.750 0.583 0.600 0.800 0.850 1.000 0.867 0.000 0.000 0.125 0.833 0.667 0.000 0.000 0.150 0.800 0.800 0.000 0.000 0.562 0.750 0.333 0.667 0.000 י
0.625 1.000 1.000 1.000 0.750 0.625 1.000 1.000 1.000 0.625 0.600 1.000 0.933 0.900 0.500 0.500 1.000 1.000 1.000 0.625 0.500 0.875 0.833 0.750 0.625 0.794 0.000 י
0.786 0.929 0.929 0.857 0.857 0.857 0.929 1.000 1.000 1.000 1.000 1.000 1.000 1.000 1.000 1.000 1.000 1.000 1.000 1.000 0.929 1.000 1.000 1.000 0.857 0.906 0.000 ו
1.000 1.000 1.000 1.000 1.000 1.000 1.000 1.000 1.000 1.000 1.000 1.000 1.000 1.000 1.000 1.000 1.000 1.000 1.000 1.000 1.000 1.000 1.000 1.000 1.000 0.903 0.000 ו
1.000 0.875 0.875 0.875 0.625 1.000 1.000 0.875 0.875 1.000 1.000 1.000 0.900 0.900 0.900 1.000 1.000 1.000 1.000 0.875 1.000 1.000 1.000 1.000 1.000 0.824 0.000 י
0.889 0.944 0.958 0.944 0.889 1.000 1.000 1.000 1.000 1.000 1.000 1.000 1.000 1.000 1.000 1.000 1.000 1.000 1.000 1.000 1.000 1.000 1.000 1.000 1.000 0.793 0.000 י
0.643 0.929 0.929 0.946 0.643 0.595 1.000 1.000 1.000 0.667 0.429 1.000 1.000 1.000 0.667 0.381 1.000 0.982 1.000 0.762 0.333 1.000 1.000 1.000 0.905 0.894 0.000 ו
0.838 0.857 0.867 0.971 0.895 0.500 0.482 0.000 0.830 0.964 0.857 0.848 0.000 0.743 0.990 0.848 0.848 0.446 0.982 0.420 0.771 0.876 0.390 0.257 0.000 0.760 0.000 ק
0.978 1.000 1.000 1.000 0.667 0.958 1.000 1.000 1.000 0.667 0.822 1.000 1.000 1.000 0.822 0.667 1.000 0.979 1.000 1.000 0.667 1.000 1.000 1.000 0.978 0.911 0.000 ן
0.952 0.983 1.000 0.991 0.788 0.509 1.000 0.188 0.690 0.839 0.125 0.294 0.036 0.651 0.875 0.045 0.071 0.071 0.683 0.875 0.798 0.949 0.923 0.923 0.837 0.703 0.000 פ
0.929 1.000 1.000 1.000 0.643 0.667 1.000 1.000 1.000 0.643 0.667 1.000 1.000 1.000 0.667 0.643 1.000 1.000 1.000 0.667 0.500 1.000 1.000 1.000 0.810 0.894 0.000 ו
0.978 0.983 0.978 1.000 0.667 1.000 1.000 1.000 1.000 0.729 0.979 1.000 1.000 1.000 0.812 0.833 1.000 1.000 1.000 0.875 0.644 0.983 0.933 0.950 0.956 0.912 0.000 ן
0.722 0.833 0.889 1.000 0.667 1.000 1.000 1.000 1.000 0.667 1.000 1.000 1.000 1.000 0.714 1.000 1.000 1.000 1.000 0.714 1.000 1.000 1.000 1.000 0.944 0.776 0.000 י
0.889 0.958 0.833 0.958 0.667 1.000 1.000 1.000 1.000 0.762 0.762 1.000 1.000 1.000 0.667 0.714 1.000 1.000 1.000 0.810 0.833 1.000 1.000 1.000 0.833 0.776 0.000 י
