0.542 0.458 0.500 0.500 0.583 1.000 0.917 1.000 1.000 1.000 1.000 0.958 1.000 1.000 1.000 1.000 1.000 1.000 1.000 1.000 0.875 0.792 0.885 0.708 0.625 0.035 0.082 ―
0.692 1.000 1.000 0.167 0.154 0.846 1.000 1.000 0.583 0.577 1.000 1.000 1.000 1.000 1.000 1.000 1.000 1.000 1.000 1.000 1.000 1.000 1.000 1.000 1.000 0.042 0.078 ―
0.846 1.000 1.000 1.000 0.846 0.923 1.000 1.000 1.000 0.923 1.000 1.000 1.000 1.000 1.000 1.000 0.769 0.542 0.500 0.654 1.000 0.538 0.083 0.000 0.308 0.042 0.076 ―
0.846 1.000 1.000 1.000 1.000 0.923 1.000 1.000 1.000 1.000 1.000 1.000 1.000 1.000 1.000 0.577 0.500 0.500 0.500 0.500 0.154 0.000 0.000 0.000 0.000 0.051 0.094 ―
0.846 1.000 0.692 1.000 0.692 0.923 1.000 0.846 1.000 0.846 1.000 1.000 1.000 1.000 1.000 1.000 1.000 1.000 1.000 1.000 1.000 1.000 1.000 1.000 1.000 0.051 0.090 ―
0.000 0.000 0.500 0.692 0.667 0.500 0.500 0.750 0.846 0.833 1.000 1.000 1.000 1.000 1.000 1.000 1.000 1.000 1.000 1.000 1.000 1.000 1.000 1.000 1.000 0.052 0.095 ―
0.846 1.000 1.000 0.786 0.846 0.923 1.000 1.000 0.893 0.923 1.000 1.000 1.000 1.000 1.000 1.000 1.000 1.000 1.000 1.000 0.500 0.536 0.769 0.679 0.923 0.056 0.121 ―
1.000 0.417 0.308 0.417 0.000 1.000 0.708 0.654 0.708 0.500 1.000 1.000 1.000 1.000 1.000 1.000 1.000 1.000 1.000 1.000 0.500 0.500 0.500 0.500 0.885 0.059 0.125 ―
0.708 0.500 0.500 0.500 0.500 1.000 1.000 1.000 1.000 1.000 1.000 1.000 1.000 1.000 1.000 0.556 0.769 0.667 0.667 0.667 0.250 0.308 0.000 0.000 0.000 0.069 0.123 ―
1.000 1.000 1.000 1.000 1.000 1.000 1.000 1.000 1.000 1.000 1.000 1.000 1.000 1.000 1.000 1.000 1.000 1.000 1.000 0.750 1.000 1.000 1.000 1.000 0.500 0.206 0.100 -
0.309 0.418 0.400 0.436 0.636 0.909 1.000 1.000 1.000 0.982 1.000 1.000 1.000 1.000 0.964 1.000 1.000 1.000 1.000 0.818 0.964 0.564 0.660 0.782 0.436 0.210 0.133 -
0.244 0.708 0.782 0.681 0.654 0.564 1.000 1.000 1.000 0.897 0.813 1.000 1.000 1.000 0.912 0.872 1.000 1.000 1.000 0.756 0.744 0.931 0.705 0.792 0.385 0.229 0.149 -
0.318 0.652 0.736 0.727 0.848 0.970 1.000 1.000 1.000 0.909 0.939 1.000 1.000 1.000 0.803 0.848 1.000 0.972 0.909 0.576 0.485 0.939 0.458 0.076 0.076 0.250 0.154 -
0.333 1.000 1.000 1.000 1.000 0.733 1.000 1.000 1.000 1.000 1.000 1.000 1.000 1.000 1.000 1.000 1.000 1.000 1.000 1.000 0.333 0.333 0.600 0.333 0.333 0.263 0.154 -
0.701 0.649 0.636 0.649 0.312 0.636 0.273 0.675 0.299 0.545 0.636 0.273 0.636 0.091 0.545 0.636 0.273 0.636 0.169 0.545 0.844 0.481 0.792 0.636 0.883 0.294 0.429 m
0.623 0.629 0.792 0.786 0.532 0.545 0.100 0.571 0.314 0.636 0.545 0.100 0.545 0.050 0.561 0.545 0.100 0.545 0.129 0.584 0.649 0.243 0.805 0.557 0.714 0.306 0.429 m
0.786 0.457 0.273 0.143 0.714 0.367 0.433 0.576 0.233 0.267 0.114 0.629 0.558 0.600 0.257 0.000 0.733 0.273 0.867 0.067 0.000 0.371 0.026 0.514 0.000 0.309 0.397 w
0.667 1.000 0.375 0.786 0.750 0.250 0.878 0.143 0.571 0.750 0.250 0.714 0.000 0.571 0.750 0.250 0.714 0.000 0.571 0.750 0.125 0.881 0.583 0.786 0.875 0.412 0.400 u
0.556 1.000 1.000 0.417 0.000 1.000 1.000 1.000 0.833 0.333 1.000 1.000 1.000 1.000 1.000 0.556 1.000 1.000 0.833 0.333 0.333 1.000 1.000 0.750 0.000 0.423 0.180 .
0.786 0.653 0.286 0.939 0.357 0.500 0.571 0.000 0.857 0.500 0.500 0.571 0.000 0.857 0.357 0.500 0.571 0.000 0.857 0.375 0.357 0.735 0.571 0.980 0.714 0.426 0.426 u
0.796 1.000 0.625 0.714 0.122 0.571 0.714 0.042 0.714 0.286 0.714 0.571 0.000 0.714 0.286 0.714 0.571 0.000 0.714 0.286 0.878 0.816 0.571 0.878 0.776 0.453 0.433 n
0.878 0.959 0.643 0.796 0.122 0.714 0.714 0.000 0.714 0.286 0.714 0.408 0.000 0.714 0.286 0.714 0.429 0.000 0.714 0.286 0.878 0.612 0.321 0.878 0.612 0.453 0.420 n
0.714 0.796 0.607 0.612 0.054 0.500 0.898 0.071 0.857 0.304 0.500 0.612 0.000 0.857 0.375 0.500 0.857 0.000 0.857 0.375 0.786 0.939 0.571 0.939 0.839 0.456 0.425 n
0.673 0.939 0.571 0.816 0.347 0.429 0.667 0.000 0.571 0.619 0.429 0.571 0.000 0.571 0.714 0.429 0.571 0.000 0.571 0.524 0.592 0.816 0.245 0.776 0.837 0.468 0.433 n
0.796 1.000 0.469 0.696 0.837 0.082 0.893 0.347 0.429 0.245 0.000 0.500 0.796 0.500 0.000 0.000 0.250 1.000 0.375 0.000 0.000 0.036 0.714 0.125 0.000 0.470 0.437 v
0.714 0.878 0.476 0.755 0.469 0.429 0.714 0.000 0.429 0.714 0.286 0.714 0.000 0.429 0.714 0.286 0.714 0.000 0.429 0.714 0.735 0.878 0.333 0.673 0.878 0.483 0.433 n
0.584 0.416 0.500 0.468 0.312 0.455 0.182 0.633 0.061 0.545 0.455 0.182 0.600 0.000 0.545 0.455 0.182 0.600 0.000 0.545 0.662 0.416 0.771 0.390 0.727 0.290 0.537 m
0.662 0.494 0.543 0.494 0.273 0.606 0.121 0.733 0.182 0.455 0.545 0.000 0.600 0.182 0.455 0.545 0.000 0.600 0.182 0.455 0.701 0.208 0.771 0.416 0.662 0.290 0.537 m
0.914 0.571 0.635 0.571 0.614 0.600 0.371 0.667 0.371 0.700 0.600 0.200 0.667 0.200 0.700 0.600 0.200 0.667 0.200 0.700 0.829 0.600 0.857 0.600 0.700 0.344 0.463 m
0.748 0.744 0.583 0.713 0.235 0.500 0.319 0.711 0.263 0.474 0.476 0.251 0.656 0.258 0.478 0.474 0.283 0.656 0.240 0.524 0.774 0.631 0.856 0.636 0.704 0.291 0.453 m
0.703 0.721 0.676 0.802 0.219 0.529 0.291 0.789 0.356 0.462 0.559 0.221 0.708 0.302 0.450 0.556 0.267 0.758 0.315 0.504 0.878 0.847 0.891 0.754 0.835 0.299 0.481 m
0.733 0.300 0.242 0.133 0.500 0.286 0.414 0.519 0.157 0.171 0.067 0.567 0.303 0.517 0.100 0.000 0.686 0.208 0.671 0.000 0.000 0.450 0.076 0.400 0.000 0.298 0.444 w
0.653 0.918 0.732 0.857 0.347 0.286 0.878 0.143 0.571 0.714 0.286 0.714 0.000 0.571 0.714 0.286 0.796 0.036 0.571 0.633 0.571 0.959 0.643 0.939 0.878 0.484 0.443 n
0.607 0.959 0.607 0.816 0.196 0.250 0.905 0.083 0.571 0.375 0.250 0.857 0.000 0.571 0.375 0.250 0.857 0.000 0.571 0.375 0.536 0.898 0.143 0.694 0.554 0.426 0.446 n
0.500 0.306 0.071 0.694 0.268 0.393 0.429 0.000 0.571 0.339 0.286 0.429 0.000 0.571 0.232 0.321 0.429 0.000 0.735 0.375 0.107 0.592 0.357 0.653 0.446 0.456 0.574 u
0.857 0.776 0.143 0.857 0.500 0.500 0.857 0.000 0.571 0.500 0.500 0.857 0.000 0.571 0.500 0.500 0.857 0.000 0.776 0.500 0.107 0.694 0.500 0.857 0.786 0.456 0.443 u
0.628 0.906 0.444 0.717 0.619 0.033 0.886 0.328 0.519 0.044 0.000 0.561 0.767 0.578 0.000 0.000 0.217 0.992 0.322 0.000 0.000 0.000 0.708 0.053 0.000 0.448 0.577 v
0.720 0.602 0.400 0.259 0.739 0.335 0.571 0.681 0.232 0.411 0.102 0.817 0.732 0.655 0.223 0.000 0.738 0.391 0.933 0.020 0.000 0.489 0.078 0.567 0.000 0.302 0.515 w
0.959 0.918 0.696 0.837 0.224 0.714 0.796 0.036 0.714 0.429 0.714 0.714 0.000 0.714 0.429 0.714 0.714 0.000 0.714 0.510 0.959 0.878 0.607 0.959 0.878 0.484 0.500 n
0.829 0.377 0.371 0.273 0.857 0.429 0.351 0.743 0.260 0.314 0.171 0.727 0.743 0.714 0.200 0.000 0.818 0.257 0.909 0.057 0.000 0.455 0.000 0.481 0.000 0.323 0.443 w
0.686 0.597 0.429 0.208 0.629 0.267 0.606 0.600 0.424 0.267 0.029 0.727 0.514 0.714 0.229 0.000 0.636 0.200 0.758 0.067 0.000 0.325 0.086 0.390 0.000 0.302 0.446 w
0.722 0.889 0.628 0.791 0.075 0.294 0.833 0.003 0.730 0.292 0.318 0.751 0.000 0.737 0.321 0.308 0.762 0.000 0.725 0.322 0.631 0.844 0.383 0.873 0.636 0.434 0.570 n
0.688 0.939 0.735 0.905 0.201 0.238 0.971 0.074 0.746 0.474 0.202 0.891 0.000 0.759 0.465 0.222 0.915 0.000 0.788 0.487 0.688 0.984 0.524 0.918 0.728 0.421 0.538 n
0.569 0.754 0.238 0.909 0.276 0.190 0.856 0.000 0.773 0.286 0.208 0.837 0.000 0.763 0.303 0.177 0.848 0.003 0.806 0.275 0.040 0.756 0.596 0.778 0.501 0.432 0.476 u
0.656 0.860 0.606 0.780 0.045 0.168 0.905 0.024 0.820 0.273 0.161 0.878 0.000 0.772 0.312 0.211 0.902 0.017 0.827 0.323 0.653 0.823 0.583 0.857 0.720 0.431 0.447 n
0.744 0.756 0.366 0.878 0.336 0.321 0.856 0.000 0.770 0.346 0.275 0.823 0.000 0.811 0.294 0.256 0.844 0.018 0.876 0.333 0.078 0.789 0.729 0.847 0.719 0.437 0.481 u
0.616 0.881 0.639 0.828 0.063 0.381 0.847 0.000 0.847 0.266 0.341 0.725 0.000 0.820 0.262 0.316 0.744 0.000 0.802 0.261 0.323 0.899 0.522 0.810 0.627 0.440 0.521 n
0.347 0.755 0.661 0.531 0.000 0.469 0.673 0.179 0.857 0.000 0.633 0.755 0.500 0.857 0.000 0.918 0.429 0.196 0.857 0.000 0.551 0.918 0.804 0.898 0.776 0.484 0.449 a
0.698 0.849 0.625 0.815 0.063 0.434 0.693 0.000 0.884 0.272 0.452 0.653 0.000 0.857 0.259 0.455 0.664 0.000 0.860 0.307 0.780 0.902 0.536 0.839 0.812 0.430 0.455 n
0.769 0.582 0.367 0.953 0.211 0.631 0.506 0.000 0.904 0.214 0.636 0.482 0.000 0.892 0.247 0.561 0.485 0.014 0.921 0.250 0.256 0.760 0.531 0.865 0.633 0.457 0.467 u
0.714 0.854 0.798 0.783 0.085 0.331 0.852 0.040 0.905 0.294 0.291 0.757 0.000 0.905 0.306 0.336 0.765 0.000 0.905 0.296 0.735 0.915 0.606 0.958 0.765 0.426 0.515 n
0.347 0.755 0.696 0.592 0.061 0.592 0.755 0.464 1.000 0.143 0.633 0.796 0.732 1.000 0.143 1.000 0.592 0.554 1.000 0.143 0.755 0.918 0.750 1.000 0.796 0.484 0.443 a
0.330 0.740 0.815 0.485 0.000 0.432 0.440 0.307 0.953 0.011 0.582 0.640 0.639 0.974 0.032 0.961 0.158 0.278 0.961 0.083 0.541 0.825 0.593 0.901 0.737 0.489 0.456 a
0.510 0.592 0.524 0.694 0.082 0.633 0.490 0.310 0.959 0.204 0.786 0.595 0.528 0.929 0.143 0.878 0.041 0.167 0.857 0.000 0.673 0.633 0.476 0.796 0.510 0.500 0.429 a
0.163 0.633 0.619 0.673 0.102 0.327 0.571 0.024 0.714 0.429 0.327 0.551 0.381 0.878 0.429 0.878 0.347 0.000 0.714 0.429 0.673 0.755 0.476 0.755 0.837 0.516 0.456 a
0.211 0.796 0.523 0.613 0.108 0.848 0.486 0.000 0.533 0.734 1.000 0.373 0.000 0.448 0.957 0.883 0.467 0.000 0.607 0.719 0.260 0.737 0.605 0.755 0.173 0.533 0.457 o
0.074 0.630 0.967 0.716 0.111 0.716 1.000 1.000 1.000 0.654 0.938 1.000 1.000 1.000 0.963 0.704 1.000 1.000 1.000 0.642 0.185 0.716 0.967 0.605 0.111 0.488 0.200 .
0.190 0.595 0.571 0.690 0.190 0.810 0.452 0.000 0.262 0.905 1.000 0.167 0.000 0.167 1.000 0.857 0.310 0.000 0.310 0.905 0.286 0.690 0.490 0.643 0.286 0.565 0.456 o
0.190 0.595 0.531 0.452 0.190 0.810 0.262 0.000 0.262 0.905 1.000 0.167 0.000 0.167 1.000 0.810 0.262 0.000 0.262 0.810 0.286 0.500 0.286 0.452 0.190 0.565 0.463 o
0.190 0.595 0.571 0.595 0.190 0.714 0.571 0.143 0.571 0.667 1.000 0.524 0.429 0.429 0.286 0.810 0.357 0.000 0.000 0.286 0.190 0.738 0.531 0.524 0.381 0.565 0.463 e
0.469 0.857 0.612 0.857 0.224 0.381 0.444 0.000 0.667 0.429 0.612 0.667 0.490 0.952 0.429 1.000 0.333 0.095 0.889 0.429 0.755 0.714 0.673 0.905 0.755 0.500 0.426 a
0.469 0.806 0.938 0.792 0.259 1.000 1.000 1.000 1.000 0.938 0.938 1.000 1.000 1.000 0.975 0.728 1.000 1.000 1.000 0.728 0.160 0.542 0.914 0.625 0.148 0.524 0.247 .
0.333 0.222 0.533 0.944 0.267 0.000 0.000 0.600 0.500 0.000 0.000 0.381 0.600 0.048 0.000 0.367 0.722 0.100 0.000 0.500 0.867 0.333 0.267 0.389 0.467 0.574 0.435 z
0.449 0.762 0.449 0.762 0.286 0.306 0.762 0.041 0.667 0.429 0.571 0.778 0.357 0.778 0.429 1.000 0.333 0.061 0.810 0.429 0.633 0.762 0.490 0.714 0.673 0.517 0.429 a
0.139 0.778 1.000 0.889 0.333 0.722 1.000 1.000 1.000 0.750 0.929 1.000 1.000 1.000 0.905 0.806 1.000 1.000 1.000 0.750 0.278 0.889 0.972 0.778 0.333 0.519 0.148 .
0.286 0.735 0.571 0.735 0.333 0.778 0.714 0.333 0.714 0.889 1.000 0.653 0.286 0.245 0.214 0.889 0.476 0.000 0.000 0.278 0.381 0.816 0.476 0.531 0.357 0.517 0.446 e
0.111 0.722 0.667 0.778 0.333 0.619 0.643 0.000 0.500 0.667 0.944 0.500 0.000 0.083 0.111 0.810 0.500 0.000 0.000 0.190 0.222 0.722 0.278 0.500 0.722 0.536 0.444 c
1.000 1.000 1.000 0.778 0.333 1.000 1.000 1.000 1.000 1.000 1.000 1.000 1.000 1.000 1.000 1.000 1.000 1.000 1.000 1.000 0.333 0.778 0.667 0.333 0.333 0.556 0.143 .
0.167 0.735 0.571 0.776 0.381 0.500 0.714 0.333 0.755 0.857 0.643 0.694 0.286 0.286 0.190 0.452 0.714 0.048 0.000 0.429 0.024 0.469 0.810 0.612 0.333 0.548 0.443 e
0.167 0.755 1.000 0.898 0.476 0.694 1.000 1.000 1.000 0.917 0.929 1.000 1.000 1.000 1.000 0.500 1.000 1.000 1.000 0.833 0.024 0.510 0.857 0.694 0.167 0.517 0.195 .
0.238 0.755 0.619 0.776 0.500 0.762 0.939 0.571 0.816 1.000 1.000 1.000 0.889 0.833 0.333 0.762 0.959 0.238 0.449 0.667 0.286 0.837 0.810 0.918 0.571 0.533 0.429 e
1.000 0.952 0.381 0.619 0.619 1.000 0.667 0.000 0.333 1.000 1.000 0.667 0.000 0.333 1.000 1.000 0.667 0.000 0.333 1.000 1.000 0.857 0.143 0.429 0.714 0.552 0.460 n
0.476 0.286 0.314 1.000 0.619 0.333 0.000 0.467 0.778 0.111 0.000 0.524 0.629 0.143 0.000 0.333 0.722 0.133 0.000 0.333 0.857 0.643 0.343 0.571 0.643 0.569 0.460 z
0.571 0.738 0.755 1.000 0.619 0.222 0.056 0.619 0.889 0.111 0.000 0.238 0.878 0.262 0.000 0.167 0.861 0.476 0.000 0.444 0.714 0.952 0.449 0.619 0.667 0.534 0.426 z
0.778 1.000 1.000 1.000 0.778 1.000 1.000 1.000 1.000 1.000 1.000 1.000 1.000 1.000 1.000 1.000 1.000 1.000 1.000 1.000 0.556 1.000 1.000 1.000 0.556 0.545 0.180 .
0.816 0.714 0.095 0.755 0.918 0.286 0.714 0.000 0.429 0.878 0.286 0.714 0.000 0.429 0.714 0.286 0.714 0.000 0.510 0.714 0.122 0.714 0.429 0.673 0.673 0.516 0.463 u
1.000 1.000 1.000 1.000 1.000 0.833 1.000 1.000 1.000 1.000 0.333 1.000 1.000 1.000 1.000 0.333 1.000 1.000 1.000 0.667 0.333 1.000 0.778 0.333 0.111 0.577 0.217 '
0.681 0.927 0.799 0.254 0.675 0.008 0.770 0.751 0.133 0.548 0.000 0.254 0.997 0.743 0.225 0.000 0.017 0.880 0.781 0.006 0.000 0.000 0.457 0.488 0.000 0.489 0.481 v
0.642 0.927 0.879 0.931 0.514 0.145 1.000 0.650 0.826 0.615 0.007 0.944 0.523 0.122 0.007 0.016 0.934 0.514 0.000 0.000 0.611 0.924 0.843 0.385 0.000 0.562 0.471 r
0.530 0.836 0.759 0.911 0.730 0.582 0.076 0.619 0.954 0.214 0.000 0.465 0.974 0.340 0.042 0.316 0.987 0.486 0.033 0.747 0.776 0.868 0.780 0.743 0.720 0.572 0.486 z
0.639 0.900 0.682 0.824 0.321 0.166 0.975 0.100 0.500 0.684 0.118 0.988 0.070 0.486 0.737 0.334 1.000 0.366 0.728 0.839 0.451 0.450 0.431 0.536 0.832 0.530 0.521 n
0.135 0.708 0.592 0.715 0.174 0.694 0.691 0.163 0.649 0.771 0.885 0.724 0.443 0.398 0.375 0.559 0.510 0.000 0.000 0.403 0.000 0.014 0.065 0.625 0.441 0.557 0.515 e
0.418 0.749 0.533 0.650 0.135 0.771 0.859 0.257 0.742 0.757 0.878 0.839 0.362 0.458 0.359 0.656 0.709 0.003 0.013 0.503 0.105 0.752 0.760 0.669 0.365 0.562 0.468 e
0.178 0.664 0.604 0.763 0.296 0.783 0.780 0.183 0.757 0.865 0.934 0.688 0.387 0.349 0.257 0.661 0.750 0.012 0.010 0.497 0.099 0.645 0.740 0.609 0.349 0.577 0.489 e
0.189 0.755 0.776 0.693 0.133 0.786 0.715 0.174 0.854 0.693 0.960 0.669 0.408 0.446 0.418 0.669 0.693 0.007 0.040 0.573 0.130 0.780 0.743 0.740 0.341 0.560 0.495 e
0.108 0.693 0.678 0.700 0.207 0.632 0.892 0.188 0.616 0.851 0.913 0.824 0.428 0.458 0.347 0.675 0.799 0.062 0.019 0.567 0.105 0.684 0.849 0.765 0.402 0.560 0.500 e
0.247 0.824 0.609 0.794 0.241 0.782 0.815 0.309 0.862 0.803 0.947 0.762 0.293 0.368 0.319 0.691 0.853 0.253 0.153 0.682 0.088 0.685 0.819 0.697 0.215 0.579 0.500 e
0.168 0.712 0.803 0.715 0.135 0.841 0.794 0.285 0.959 0.703 0.988 0.824 0.441 0.471 0.329 0.694 0.850 0.094 0.171 0.624 0.124 0.650 0.838 0.729 0.229 0.578 0.513 e
0.096 0.620 0.751 0.827 0.266 0.708 0.573 0.000 0.579 0.819 0.989 0.450 0.000 0.436 0.931 0.743 0.567 0.000 0.512 0.737 0.126 0.734 0.570 0.749 0.202 0.533 0.477 o
0.180 0.706 0.601 0.804 0.199 0.814 0.693 0.263 0.715 0.817 0.974 0.631 0.320 0.317 0.261 0.743 0.610 0.000 0.050 0.573 0.141 0.807 0.755 0.650 0.245 0.540 0.518 e
0.222 0.756 0.510 0.681 0.427 0.868 0.470 0.000 0.523 0.753 0.972 0.374 0.000 0.026 0.021 0.766 0.474 0.000 0.000 0.368 0.135 0.685 0.573 0.570 0.351 0.580 0.530 c
0.153 0.667 0.583 0.627 0.181 0.803 0.632 0.191 0.598 0.816 0.896 0.549 0.253 0.232 0.250 0.776 0.464 0.000 0.015 0.105 0.160 0.703 0.622 0.507 0.236 0.557 0.471 e
0.207 0.724 0.553 0.714 0.207 0.771 0.625 0.167 0.691 0.816 0.970 0.697 0.382 0.385 0.398 0.802 0.670 0.003 0.000 0.302 0.188 0.799 0.724 0.632 0.484 0.573 0.484 e
0.256 0.772 0.797 0.791 0.447 0.811 0.724 0.019 0.648 0.786 0.974 0.569 0.000 0.087 0.097 0.808 0.727 0.022 0.062 0.542 0.156 0.700 0.815 0.803 0.365 0.580 0.495 c
0.229 0.705 0.530 0.771 0.260 0.809 0.612 0.189 0.602 0.872 0.997 0.604 0.278 0.278 0.302 0.812 0.602 0.000 0.020 0.562 0.170 0.767 0.778 0.729 0.361 0.574 0.591 e
0.229 0.694 0.514 0.736 0.250 0.826 0.599 0.220 0.730 0.826 0.955 0.590 0.299 0.316 0.243 0.816 0.655 0.003 0.043 0.507 0.156 0.740 0.750 0.688 0.288 0.568 0.518 e
0.285 0.806 0.693 0.783 0.263 0.799 0.720 0.251 0.753 0.845 0.961 0.604 0.363 0.333 0.291 0.851 0.612 0.000 0.016 0.477 0.211 0.753 0.786 0.711 0.272 0.561 0.489 e
0.184 0.729 0.580 0.673 0.139 0.836 0.607 0.207 0.622 0.796 0.997 0.578 0.361 0.301 0.260 0.911 0.514 0.000 0.025 0.546 0.247 0.810 0.642 0.605 0.271 0.557 0.591 e
0.266 0.684 0.712 0.670 0.022 0.438 0.599 0.197 1.000 0.161 0.506 0.781 0.632 1.000 0.117 0.936 0.234 0.213 1.000 0.197 0.576 0.892 0.657 0.880 0.776 0.506 0.484 a
0.284 0.722 0.632 0.550 0.000 0.512 0.426 0.155 0.988 0.074 0.497 0.635 0.499 1.000 0.099 0.988 0.265 0.123 1.000 0.090 0.599 0.851 0.551 0.807 0.661 0.511 0.481 a
0.347 0.551 0.548 0.592 0.061 0.531 0.367 0.167 1.000 0.224 0.551 0.388 0.238 1.000 0.306 1.000 0.265 0.167 1.000 0.184 0.755 0.755 0.405 0.918 0.633 0.516 0.517 a
0.314 0.643 0.488 0.786 0.557 0.365 0.714 0.431 0.444 0.000 0.629 0.657 0.525 0.286 0.000 0.571 0.444 0.444 0.508 0.254 0.514 0.400 0.325 0.314 0.057 0.636 0.293 g
0.667 0.333 0.333 0.733 0.600 0.900 0.633 0.300 0.167 0.100 0.200 0.600 0.771 0.829 0.371 0.200 0.000 0.033 0.667 0.867 0.733 0.333 0.200 0.733 0.467 0.611 0.391 s
0.943 0.829 0.771 1.000 0.600 1.000 0.743 0.600 0.543 0.257 0.433 0.833 0.933 1.000 0.600 0.343 0.000 0.171 0.714 0.943 0.771 0.400 0.600 0.714 0.314 0.650 0.173 s
0.629 0.857 0.543 0.429 0.771 1.000 0.893 0.571 0.429 0.286 0.400 0.583 0.833 0.917 0.933 0.771 0.107 0.000 0.143 0.857 0.714 0.429 0.314 0.286 0.543 0.683 0.200 s
0.667 1.000 1.000 1.000 0.333 0.333 1.000 1.000 1.000 0.333 0.333 1.000 1.000 1.000 0.333 0.333 1.000 1.000 0.810 0.238 0.667 1.000 1.000 1.000 0.556 0.786 0.400 i
0.667 1.000 1.000 0.667 0.167 1.000 1.000 1.000 1.000 0.500 0.400 0.600 1.000 1.000 0.600 0.000 0.333 1.000 1.000 0.333 0.250 0.750 0.750 0.417 0.083 0.706 0.254 ,
0.333 1.000 1.000 0.556 0.111 0.556 1.000 1.000 1.000 0.556 1.000 1.000 1.000 1.000 1.000 1.000 1.000 1.000 1.000 0.556 0.556 1.000 1.000 1.000 0.333 0.583 0.179 .
0.519 0.943 0.844 0.534 0.078 0.987 1.000 1.000 1.000 0.610 0.464 0.938 1.000 1.000 0.774 0.000 0.477 1.000 0.932 0.286 0.649 0.852 0.662 0.159 0.000 0.683 0.269 ,
0.397 0.792 0.984 0.764 0.127 0.971 1.000 1.000 1.000 0.614 0.698 1.000 1.000 1.000 0.857 0.057 0.488 1.000 1.000 0.729 0.333 0.903 1.000 0.750 0.127 0.616 0.250 ,
0.446 0.792 0.929 0.771 0.196 0.946 1.000 1.000 1.000 0.696 0.980 1.000 1.000 1.000 0.959 0.464 0.833 0.804 0.833 0.893 0.000 0.021 0.000 0.417 0.661 0.586 0.192 ,
0.500 0.886 0.913 0.671 0.100 1.000 1.000 1.000 1.000 0.729 0.481 0.870 0.966 1.000 0.844 0.129 0.357 0.725 1.000 0.643 0.729 0.943 0.850 0.557 0.071 0.660 0.253 ,
0.390 0.870 0.989 0.792 0.234 0.844 1.000 1.000 1.000 0.805 0.260 0.714 0.886 1.000 0.792 0.130 0.455 0.864 1.000 0.545 0.740 0.974 0.716 0.377 0.026 0.686 0.273 ,
0.351 0.909 0.966 0.701 0.182 0.766 1.000 1.000 1.000 0.805 0.202 0.476 0.792 1.000 0.702 0.156 0.519 0.864 0.948 0.286 0.740 0.896 0.636 0.182 0.000 0.692 0.281 ,
1.000 1.000 1.000 1.000 0.333 1.000 1.000 1.000 1.000 0.833 0.200 0.333 0.600 0.867 0.467 0.250 0.417 0.750 0.750 0.250 1.000 0.833 0.500 0.167 0.000 0.706 0.274 ,
0.667 1.000 0.833 0.500 0.167 1.000 1.000 1.000 1.000 0.833 0.533 0.800 0.867 1.000 0.867 0.000 0.000 0.333 1.000 0.333 0.583 0.750 0.583 0.250 0.083 0.676 0.266 ,
0.667 1.000 1.000 1.000 0.333 0.833 1.000 1.000 1.000 0.833 0.222 0.667 0.667 0.889 1.000 0.000 0.000 0.000 0.667 1.000 0.083 0.417 0.750 0.750 0.417 0.667 0.250 ,
0.571 0.896 1.000 0.753 0.208 0.948 1.000 1.000 1.000 0.844 0.221 0.662 0.955 1.000 0.792 0.143 0.468 0.909 0.896 0.234 0.766 0.935 0.625 0.117 0.000 0.686 0.273 ,
0.530 0.870 0.924 0.662 0.121 0.983 1.000 1.000 1.000 0.850 0.348 0.636 0.682 0.961 0.955 0.000 0.200 0.600 0.943 0.433 0.667 0.935 0.727 0.338 0.000 0.714 0.263 ,
0.667 1.000 1.000 0.667 0.167 1.000 1.000 1.000 1.000 0.867 0.750 0.833 1.000 1.000 1.000 0.200 0.467 1.000 1.000 0.600 1.000 1.000 1.000 0.667 0.167 0.722 0.261 ,
0.429 0.740 0.932 0.792 0.299 0.922 1.000 1.000 1.000 0.870 0.260 0.688 0.955 1.000 0.961 0.039 0.234 0.773 1.000 0.481 0.610 1.000 0.818 0.325 0.013 0.686 0.273 ,
0.457 0.886 0.957 0.771 0.286 0.857 1.000 1.000 1.000 0.929 0.300 0.800 0.986 1.000 0.986 0.043 0.286 0.886 0.900 0.300 0.557 0.914 0.671 0.186 0.000 0.663 0.256 '
0.500 1.000 1.000 1.000 0.833 1.000 1.000 1.000 1.000 1.000 0.200 0.467 1.000 1.000 1.000 0.083 0.500 1.000 1.000 0.500 0.333 0.833 0.500 0.500 0.167 0.676 0.243 ,
1.000 1.000 1.000 0.833 0.500 1.000 1.000 1.000 1.000 1.000 0.667 0.667 0.833 1.000 1.000 0.000 0.000 0.500 1.000 1.000 0.250 0.583 0.750 0.583 0.250 0.733 0.250 ,
1.000 1.000 1.000 1.000 0.667 0.667 1.000 1.000 1.000 1.000 0.333 1.000 1.000 1.000 1.000 0.500 1.000 1.000 0.833 0.417 0.667 0.833 0.500 0.167 0.000 0.667 0.250 '
0.667 1.000 1.000 1.000 0.667 0.833 1.000 1.000 1.000 1.000 0.167 0.500 0.500 0.833 1.000 0.083 0.250 0.250 0.750 0.500 0.333 1.000 1.000 0.667 0.167 0.656 0.232 ,
0.750 0.938 1.000 1.000 0.500 0.500 0.875 1.000 1.000 1.000 0.000 0.150 0.333 0.800 0.733 0.000 0.062 0.250 0.500 0.250 0.000 0.250 0.833 0.250 0.000 0.618 0.098 ,
0.533 0.267 0.000 0.000 0.000 0.543 0.829 0.714 0.371 0.086 0.067 0.533 0.667 0.933 0.867 0.743 0.171 0.000 0.171 0.800 0.533 0.667 0.667 0.533 0.400 0.643 0.438 s
0.686 0.429 0.286 0.429 0.857 0.800 0.667 0.467 0.333 0.200 0.314 0.714 0.714 0.786 0.743 0.267 0.000 0.000 0.000 0.800 0.571 0.429 0.571 0.429 0.514 0.672 0.446 s
0.467 0.733 0.333 0.600 0.800 0.543 0.686 0.286 0.286 0.343 0.067 0.533 0.667 0.933 0.867 0.229 0.000 0.000 0.229 0.886 0.600 0.300 0.500 0.500 0.567 0.643 0.444 s
0.383 0.648 0.485 0.656 0.485 0.817 0.808 0.262 0.261 0.361 0.286 0.729 0.951 0.992 0.571 0.790 0.077 0.020 0.453 0.877 0.665 0.603 0.511 0.644 0.338 0.640 0.452 s
0.333 0.714 0.486 0.667 0.429 0.952 0.762 0.286 0.643 0.952 1.000 0.472 0.433 0.333 0.278 0.952 0.381 0.000 0.000 0.190 0.333 0.714 0.486 0.476 0.667 0.583 0.429 e
0.190 0.595 0.571 0.595 0.524 0.810 0.262 0.000 0.143 0.762 1.000 0.167 0.000 0.000 0.000 0.905 0.262 0.000 0.000 0.095 0.190 0.738 0.629 0.333 0.333 0.597 0.449 c
0.143 0.571 0.571 0.286 0.000 0.905 0.429 0.000 0.000 0.000 1.000 0.333 0.000 0.000 0.000 1.000 0.429 0.000 0.000 0.238 0.381 0.667 0.571 0.476 0.310 0.581 0.449 c
0.486 0.629 0.571 0.457 0.343 1.000 0.700 0.500 0.167 0.167 0.457 0.743 0.857 0.857 0.629 0.533 0.000 0.000 0.267 0.900 0.800 0.514 0.286 0.171 0.514 0.638 0.453 s
0.381 0.833 0.571 0.738 0.381 0.905 0.619 0.314 0.476 0.905 1.000 0.548 0.286 0.286 0.286 0.857 0.595 0.000 0.000 0.238 0.286 0.738 0.743 0.667 0.381 0.597 0.456 e
0.262 0.762 0.571 0.667 0.381 0.857 0.619 0.143 0.714 0.810 1.000 0.524 0.286 0.286 0.286 0.857 0.476 0.000 0.000 0.238 0.119 0.667 0.714 0.667 0.381 0.581 0.456 e
0.381 0.810 0.600 0.643 0.476 0.952 0.643 0.286 0.548 1.000 1.000 0.583 0.500 0.389 0.278 0.952 0.476 0.029 0.000 0.381 0.476 0.976 0.657 0.548 0.667 0.583 0.429 e
0.238 0.829 0.619 0.543 0.667 0.167 1.000 0.381 0.286 0.619 0.167 1.000 0.333 0.000 0.000 0.167 1.000 0.333 0.000 0.000 0.500 0.771 0.762 0.343 0.000 0.600 0.429 r
0.371 0.657 0.619 0.886 0.286 1.000 0.771 0.286 0.343 0.229 0.400 0.800 0.929 0.943 0.714 0.714 0.143 0.143 0.543 1.000 0.714 0.714 0.619 0.714 0.543 0.645 0.456 s
0.571 0.786 0.714 0.536 0.000 0.000 0.500 1.000 0.750 0.000 0.000 0.500 1.000 0.750 0.000 0.000 0.500 1.000 0.750 0.000 0.429 0.786 1.000 0.821 0.286 0.741 0.420 i
0.543 0.905 0.714 0.619 0.657 0.200 1.000 0.829 0.286 0.600 0.200 1.000 0.800 0.000 0.000 0.200 1.000 0.800 0.000 0.000 0.371 0.714 0.829 0.333 0.000 0.617 0.429 r
0.524 0.929 0.714 0.714 0.238 0.286 0.893 1.000 1.000 0.333 0.000 0.250 1.000 1.000 0.333 0.095 0.464 1.000 1.000 0.333 0.714 1.000 1.000 1.000 0.714 0.790 0.456 i
0.543 0.714 0.771 1.000 0.600 1.000 0.743 0.429 0.543 0.314 0.433 0.867 1.000 1.000 0.733 0.457 0.057 0.286 0.400 0.914 0.829 0.543 0.429 0.429 0.486 0.650 0.429 s
0.657 1.000 0.771 0.952 0.886 0.200 1.000 0.543 0.524 0.600 0.200 1.000 0.333 0.000 0.000 0.200 1.000 0.200 0.000 0.000 0.486 0.810 0.657 0.167 0.000 0.617 0.429 r
0.507 0.889 0.817 0.741 0.630 0.052 0.978 0.746 0.430 0.763 0.026 0.948 0.647 0.000 0.000 0.011 0.937 0.679 0.000 0.000 0.630 0.959 0.889 0.515 0.000 0.593 0.453 r
0.229 0.786 0.971 0.905 0.886 0.000 0.500 0.800 0.222 0.667 0.000 0.500 0.800 0.000 0.000 0.000 0.500 0.800 0.000 0.000 0.457 0.738 0.686 0.381 0.000 0.603 0.446 r
0.543 1.000 1.000 1.000 0.886 0.200 1.000 0.733 0.500 0.667 0.200 1.000 0.257 0.000 0.000 0.200 1.000 0.200 0.000 0.000 0.657 1.000 0.771 0.286 0.000 0.603 0.414 r
0.571 0.893 1.000 0.857 0.238 0.000 0.750 1.000 1.000 0.333 0.000 0.750 1.000 1.000 0.333 0.000 0.750 1.000 0.833 0.222 0.286 0.821 1.000 1.000 0.524 0.776 0.420 i
0.571 0.893 1.000 0.750 0.000 0.000 0.750 1.000 0.750 0.000 0.000 0.750 1.000 0.750 0.000 0.000 0.750 1.000 0.750 0.000 0.571 0.893 1.000 0.893 0.571 0.707 0.420 i
0.431 0.902 1.000 0.941 0.667 0.196 0.529 0.630 0.471 0.167 0.000 0.000 0.000 0.000 0.000 0.206 0.441 0.555 0.529 0.275 0.627 0.961 0.992 0.882 0.608 0.831 0.437 :
0.714 1.000 1.000 1.000 0.333 0.333 1.000 1.000 1.000 0.333 0.333 1.000 1.000 1.000 0.333 0.333 1.000 1.000 1.000 0.333 0.714 1.000 1.000 1.000 0.714 0.793 0.420 i
0.500 0.889 1.000 0.667 0.000 0.000 0.667 1.000 0.667 0.000 0.000 0.667 1.000 0.667 0.000 0.000 0.667 1.000 0.667 0.000 0.167 0.778 1.000 0.889 0.500 0.731 0.406 i
0.429 0.893 0.914 0.286 0.000 0.000 0.750 0.800 0.000 0.000 0.000 0.750 0.800 0.000 0.000 0.000 0.750 0.800 0.000 0.000 0.286 0.679 0.971 0.714 0.429 0.707 0.537 i
0.000 0.485 0.782 0.773 0.709 0.036 0.727 0.600 0.091 0.109 0.220 0.767 0.720 0.300 0.060 0.000 0.667 0.600 0.000 0.000 0.273 0.818 0.709 0.136 0.000 0.770 0.568 f
0.143 0.524 0.429 0.476 0.476 0.619 0.714 0.029 0.095 0.762 0.889 0.667 0.000 0.000 0.056 0.667 0.762 0.057 0.000 0.095 0.190 0.762 0.657 0.571 0.429 0.583 0.476 c
0.269 0.726 0.643 0.235 0.269 0.679 0.667 0.286 0.141 0.346 0.231 0.744 0.964 0.974 0.444 0.611 0.017 0.024 0.474 0.906 0.808 0.278 0.000 0.150 0.530 0.640 0.509 s
0.357 0.870 0.970 0.909 0.292 0.019 0.169 0.258 0.143 0.000 0.109 0.299 0.278 0.190 0.034 0.721 0.916 0.932 0.994 0.747 0.201 0.474 0.455 0.610 0.260 0.857 0.577 ;
0.286 0.657 0.524 0.486 0.286 0.400 0.771 0.381 0.171 0.114 0.114 0.514 0.714 0.829 0.457 0.743 0.114 0.000 0.371 1.000 0.543 0.486 0.476 0.429 0.257 0.645 0.477 s
0.257 0.771 0.771 0.571 0.657 0.600 1.000 0.314 0.200 0.514 0.343 0.800 1.000 0.886 0.600 0.571 0.286 0.143 0.257 0.886 0.771 0.829 0.571 0.571 0.571 0.661 0.463 s
0.800 1.000 0.917 0.900 0.867 0.600 0.971 0.429 0.229 0.571 0.600 0.800 0.000 0.000 0.000 0.657 0.914 0.357 0.029 0.000 0.933 0.733 1.000 0.333 0.000 0.643 0.549 r
0.328 0.773 0.650 0.777 0.615 0.640 0.777 0.395 0.283 0.377 0.214 0.756 0.940 1.000 0.744 0.753 0.113 0.019 0.336 0.980 0.725 0.696 0.583 0.632 0.433 0.656 0.484 s
0.135 0.729 0.646 0.744 0.485 0.496 0.865 0.358 0.372 0.365 0.111 0.702 0.963 0.992 0.595 0.549 0.214 0.056 0.481 0.962 0.586 0.718 0.596 0.722 0.406 0.628 0.469 s
0.314 0.619 0.600 0.714 0.429 0.600 0.857 0.429 0.429 0.486 0.400 1.000 1.000 0.944 0.700 0.486 0.619 0.457 0.762 1.000 0.829 0.857 0.571 0.810 0.657 0.617 0.500 s
0.145 0.727 0.743 0.697 0.461 0.671 0.786 0.009 0.500 0.901 0.875 0.684 0.000 0.053 0.138 0.819 0.888 0.062 0.013 0.444 0.099 0.651 0.783 0.674 0.454 0.582 0.532 c
0.486 0.943 0.643 0.914 0.657 0.600 0.867 0.167 0.533 0.533 0.600 0.800 0.000 0.000 0.000 0.600 0.800 0.000 0.000 0.000 0.829 0.914 0.286 0.000 0.000 0.655 0.468 r
0.552 1.000 0.885 0.869 0.767 0.033 0.960 0.633 0.607 0.748 0.063 0.996 0.493 0.000 0.000 0.070 0.996 0.467 0.000 0.000 0.522 0.917 0.807 0.456 0.000 0.599 0.460 r
0.278 0.793 0.642 0.793 0.466 0.695 0.789 0.319 0.628 0.504 0.243 0.771 0.980 1.000 0.625 0.778 0.218 0.091 0.579 0.944 0.692 0.737 0.649 0.718 0.278 0.636 0.495 s
0.619 0.714 0.714 0.714 0.429 0.095 0.762 0.643 0.667 0.714 0.000 0.667 0.500 0.000 0.000 0.000 0.667 0.500 0.000 0.000 0.667 0.952 0.786 0.286 0.000 0.581 0.477 r
0.523 0.730 0.752 0.663 0.488 0.028 0.958 0.850 0.670 0.849 0.000 0.881 0.609 0.011 0.039 0.039 0.965 0.639 0.000 0.000 0.477 0.909 0.891 0.467 0.000 0.615 0.492 r
0.058 0.650 0.864 0.656 0.357 0.690 0.980 0.439 0.714 0.643 0.347 0.912 0.993 0.874 0.449 0.548 0.099 0.238 0.779 0.922 0.660 0.636 0.510 0.728 0.364 0.673 0.523 s
0.641 0.895 0.870 0.862 0.507 0.138 1.000 0.690 0.756 0.600 0.036 0.974 0.484 0.000 0.003 0.050 0.959 0.563 0.000 0.000 0.579 0.671 0.716 0.493 0.000 0.597 0.497 r
0.810 1.000 1.000 1.000 0.810 0.333 1.000 0.943 0.762 0.762 0.333 1.000 0.600 0.000 0.000 0.333 1.000 0.714 0.048 0.000 0.905 1.000 1.000 0.643 0.000 0.597 0.500 r
0.737 0.965 0.865 0.898 0.646 0.126 1.000 0.803 0.772 0.881 0.015 0.941 0.576 0.037 0.041 0.014 0.937 0.566 0.000 0.000 0.646 0.902 0.891 0.477 0.000 0.600 0.474 r
0.571 0.929 1.000 0.929 0.357 0.000 0.500 1.000 0.833 0.167 0.000 0.143 0.762 0.750 0.000 0.000 0.333 0.889 0.750 0.000 0.286 0.786 1.000 0.893 0.571 0.741 0.460 i
0.571 0.679 1.000 1.000 0.333 0.000 0.250 1.000 1.000 0.333 0.000 0.250 1.000 1.000 0.333 0.000 0.250 1.000 1.000 0.333 0.571 0.821 1.000 1.000 0.714 0.776 0.460 i
0.138 0.648 0.621 0.467 0.477 0.743 0.638 0.000 0.378 0.941 0.969 0.507 0.000 0.014 0.094 0.812 0.701 0.004 0.000 0.283 0.151 0.734 0.716 0.569 0.503 0.583 0.523 c
0.151 0.740 0.568 0.658 0.375 0.816 0.536 0.000 0.490 0.780 0.951 0.378 0.000 0.024 0.042 0.793 0.533 0.000 0.000 0.316 0.158 0.641 0.611 0.523 0.365 0.583 0.536 c
0.192 0.687 0.596 0.737 0.184 0.891 0.545 0.000 0.543 0.823 0.974 0.434 0.000 0.521 0.905 0.414 0.813 0.293 0.833 0.487 0.000 0.164 0.449 0.230 0.000 0.590 0.565 o
0.524 0.714 0.357 0.429 0.405 1.000 0.257 0.000 0.371 0.643 1.000 0.200 0.000 0.000 0.000 0.905 0.314 0.000 0.000 0.143 0.286 0.657 0.571 0.457 0.381 0.600 0.484 c
0.381 0.857 0.619 0.714 0.905 1.000 0.667 0.000 0.333 0.714 1.000 0.667 0.000 0.000 0.000 0.905 0.762 0.048 0.000 0.333 0.143 0.714 0.738 0.571 0.595 0.581 0.477 c
0.425 0.372 0.113 0.835 0.624 0.853 0.587 0.040 0.476 0.381 0.447 0.695 0.188 1.000 0.624 0.833 0.131 0.012 0.496 0.925 0.707 0.703 0.556 0.759 0.327 0.629 0.481 s
0.306 0.674 0.109 0.614 0.336 0.875 0.530 0.359 0.747 0.931 0.990 0.556 0.215 0.204 0.271 0.743 0.877 0.125 0.035 0.296 0.132 0.649 0.829 0.691 0.293 0.589 0.474 e
0.143 0.571 0.571 0.667 0.333 0.917 0.750 0.250 0.750 0.917 1.000 0.524 0.381 0.429 0.190 0.833 0.708 0.125 0.083 0.458 0.143 0.619 0.738 0.524 0.286 0.606 0.485 e
0.381 0.667 0.571 0.548 0.381 0.905 0.714 0.143 0.571 0.905 1.000 0.476 0.400 0.405 0.333 0.905 0.310 0.000 0.000 0.190 0.381 0.905 0.629 0.571 0.333 0.597 0.463 e
0.429 0.743 0.667 0.971 0.810 0.786 0.829 0.524 0.543 0.333 0.214 0.486 0.810 1.000 0.690 0.905 0.457 0.048 0.486 0.905 0.571 0.800 0.571 0.743 0.333 0.613 0.500 s
0.743 0.629 0.429 0.857 0.600 0.933 0.467 0.333 0.333 0.200 0.286 0.629 0.857 0.914 0.514 0.000 0.000 0.000 0.533 0.733 0.000 0.171 0.286 0.571 0.314 0.655 0.468 s
0.500 0.628 0.569 0.778 0.658 0.862 0.644 0.368 0.340 0.316 0.252 0.697 0.875 0.991 0.607 0.623 0.012 0.000 0.275 0.915 0.632 0.534 0.519 0.628 0.308 0.659 0.473 s
0.657 1.000 0.886 0.714 0.486 1.000 1.000 0.700 0.600 0.650 0.514 0.743 0.914 1.000 0.714 0.900 0.200 0.100 0.550 1.000 0.714 0.800 0.857 0.800 0.486 0.682 0.493 s
0.470 0.763 0.676 0.797 0.510 0.850 0.714 0.316 0.380 0.433 0.381 0.743 0.915 0.996 0.669 0.895 0.098 0.008 0.481 0.919 0.676 0.624 0.656 0.658 0.312 0.658 0.495 s
0.316 0.323 0.421 0.756 0.652 0.782 0.734 0.363 0.317 0.457 0.287 0.726 0.919 1.000 0.652 0.726 0.111 0.021 0.528 0.936 0.765 0.827 0.660 0.786 0.474 0.646 0.478 s
0.387 0.741 0.639 0.745 0.395 0.959 0.769 0.357 0.296 0.282 0.410 0.749 0.929 0.972 0.440 0.812 0.040 0.019 0.571 0.793 0.744 0.717 0.586 0.656 0.312 0.648 0.472 s
0.371 0.619 0.314 0.619 0.429 0.829 0.714 0.400 0.381 0.257 0.367 0.833 0.933 0.944 0.367 0.571 0.000 0.086 0.524 0.714 0.629 0.667 0.571 0.619 0.314 0.617 0.469 s
0.409 0.687 0.607 0.817 0.492 0.812 0.684 0.348 0.410 0.387 0.258 0.817 0.974 0.976 0.456 0.677 0.060 0.065 0.658 0.831 0.837 0.750 0.615 0.794 0.341 0.631 0.484 s
0.510 0.684 0.709 0.835 0.486 0.951 0.620 0.300 0.421 0.405 0.261 0.806 0.979 0.992 0.551 0.526 0.045 0.069 0.556 0.939 0.692 0.545 0.648 0.763 0.425 0.650 0.486 s
0.291 0.777 0.602 0.709 0.514 0.765 0.664 0.259 0.360 0.518 0.227 0.806 0.992 1.000 0.636 0.652 0.057 0.094 0.526 0.968 0.749 0.692 0.534 0.700 0.441 0.659 0.476 s
0.361 0.774 0.675 0.841 0.663 0.817 0.762 0.350 0.353 0.544 0.312 0.868 1.000 0.985 0.594 0.687 0.131 0.162 0.790 0.833 0.873 0.603 0.000 0.206 0.000 0.626 0.465 s
0.425 0.750 0.665 0.157 0.000 0.910 0.466 0.163 0.025 0.000 0.470 0.917 1.000 0.917 0.359 0.000 0.034 0.154 0.618 0.878 0.000 0.000 0.000 0.216 0.738 0.640 0.485 s
0.132 0.725 0.973 0.925 0.209 0.725 0.919 0.565 0.412 0.032 0.332 0.892 1.000 0.939 0.381 0.466 0.505 0.198 0.801 0.863 0.499 0.889 0.785 0.741 0.306 0.664 0.580 s
0.570 0.249 0.772 0.259 0.588 0.174 0.000 0.813 0.000 0.150 0.000 0.000 0.847 0.017 0.000 0.000 0.000 0.877 0.043 0.000 0.000 0.241 0.883 0.431 0.000 0.572 0.732 T
0.222 0.515 0.404 0.394 0.677 0.758 0.162 0.000 0.000 0.141 0.889 0.000 0.000 0.000 0.000 0.758 0.141 0.000 0.000 0.121 0.172 0.566 0.465 0.505 0.465 0.598 0.718 C
0.756 0.267 0.200 0.422 0.333 0.667 0.067 0.000 0.000 0.778 0.667 0.000 0.000 0.011 0.689 0.667 0.000 0.000 0.244 0.600 0.756 0.400 0.280 0.378 0.044 0.543 0.730 D
0.657 0.657 0.314 0.514 0.429 0.429 0.571 0.000 0.000 0.825 0.429 0.714 0.086 0.171 0.629 0.429 0.651 0.270 0.286 0.048 0.786 0.600 0.000 0.000 0.000 0.648 0.698 p
0.727 0.662 0.000 0.000 0.000 0.500 0.688 0.000 0.000 0.000 0.500 0.657 0.350 0.600 0.287 0.500 0.429 0.000 0.286 0.898 0.682 0.610 0.364 0.571 0.398 0.660 0.714 b
0.560 0.520 0.260 0.440 0.320 0.400 0.400 0.000 0.020 0.760 0.400 0.400 0.000 0.000 0.760 0.480 0.400 0.000 0.070 0.740 0.640 0.520 0.220 0.500 0.240 0.500 0.667 D
0.466 0.857 0.000 0.000 0.000 0.193 0.857 0.045 0.039 0.000 0.200 0.914 0.300 0.486 0.550 0.125 0.857 0.000 0.143 1.000 0.318 0.740 0.295 0.364 0.545 0.660 0.714 b
0.329 0.929 0.125 0.000 0.000 0.000 0.857 0.136 0.052 0.000 0.000 0.857 0.550 0.686 0.457 0.000 0.857 0.125 0.429 0.714 0.286 0.914 0.300 0.600 0.771 0.667 0.727 h
0.631 0.246 0.671 0.185 0.600 0.294 0.371 0.571 0.098 0.238 0.062 0.554 0.457 0.431 0.092 0.000 0.678 0.286 0.748 0.000 0.000 0.508 0.000 0.477 0.000 0.387 0.658 W
0.400 0.714 0.300 0.429 0.371 0.429 0.571 0.000 0.143 1.000 0.429 0.657 0.025 0.200 0.771 0.429 0.619 0.292 0.365 0.032 0.600 0.743 0.100 0.000 0.000 0.636 0.677 p
0.424 0.811 0.258 0.304 0.597 0.185 0.811 0.065 0.276 0.180 0.193 0.873 0.364 0.478 0.000 0.174 0.834 0.000 0.098 0.000 0.463 0.871 0.300 0.000 0.000 0.601 0.732 F
0.600 0.560 0.044 0.500 0.640 0.400 0.300 0.000 0.300 0.400 0.400 0.518 0.202 0.464 0.400 0.400 0.300 0.000 0.300 0.400 0.500 0.470 0.011 0.400 0.520 0.521 0.734 H
0.333 0.873 0.259 0.159 0.651 0.000 0.524 0.778 0.317 0.254 0.000 0.079 0.741 0.619 0.016 0.000 0.000 0.407 0.254 0.000 0.048 0.556 0.370 0.000 0.000 0.634 0.621 y
0.000 0.075 0.778 0.100 0.000 0.000 0.250 0.778 0.375 0.000 0.028 0.444 0.432 0.764 0.000 0.300 0.375 0.200 0.725 0.200 0.625 0.100 0.067 0.575 0.525 0.589 0.703 A
0.648 0.667 0.750 0.688 0.477 0.626 0.454 0.828 0.398 0.788 0.545 0.250 0.727 0.125 0.727 0.667 0.250 0.727 0.139 0.768 0.795 0.500 0.909 0.396 0.977 0.358 0.623 m
0.381 0.302 0.481 0.603 0.619 0.586 0.300 0.500 0.414 0.000 0.524 0.333 0.370 0.286 0.063 0.643 0.500 0.500 0.571 0.400 0.571 0.349 0.370 0.397 0.159 0.651 0.672 g
0.444 0.315 0.270 0.685 0.667 0.444 0.019 0.000 0.500 0.963 0.000 0.019 0.206 0.611 0.370 0.148 0.426 0.286 0.037 0.222 0.667 0.907 0.889 0.889 0.963 0.671 0.621 2
0.667 0.875 0.127 0.611 0.444 0.025 0.775 0.443 0.500 0.038 0.000 0.208 0.968 0.278 0.000 0.000 0.125 0.600 0.000 0.000 0.167 0.847 0.254 0.000 0.000 0.593 0.606 y
0.000 0.000 0.596 0.218 0.000 0.000 0.130 0.800 0.500 0.000 0.000 0.391 0.333 0.818 0.030 0.056 0.540 0.278 0.760 0.222 0.495 0.518 0.051 0.709 0.535 0.561 0.731 A
0.178 0.714 0.656 0.615 0.401 0.837 0.562 0.000 0.580 0.747 0.997 0.474 0.000 0.039 0.082 0.750 0.691 0.003 0.000 0.323 0.141 0.730 0.669 0.612 0.362 0.567 0.593 c
0.114 0.571 0.525 0.629 0.514 0.200 0.586 0.312 0.671 0.000 0.299 0.714 0.614 0.364 0.026 0.586 0.571 0.500 0.500 0.329 0.600 0.514 0.300 0.343 0.229 0.660 0.691 g
0.600 0.556 0.400 0.600 0.067 0.333 0.444 0.000 0.711 0.156 0.333 0.606 0.343 0.576 0.020 0.333 0.444 0.000 0.667 0.156 0.600 0.689 0.089 0.378 0.533 0.564 0.712 R
0.127 0.667 0.583 0.683 0.333 0.730 0.873 0.292 0.762 0.714 1.000 0.893 0.531 0.375 0.125 0.762 0.937 0.347 0.254 0.333 0.127 0.651 0.944 0.778 0.302 0.600 0.656 e
0.593 0.982 0.833 0.513 0.021 0.140 0.241 0.387 1.000 0.327 0.272 0.773 0.463 1.000 0.375 0.910 0.662 0.275 1.000 0.467 0.597 0.943 0.709 0.817 0.812 0.593 0.681 a
0.365 0.841 0.667 0.556 0.111 0.143 0.270 0.389 1.000 0.429 0.268 0.732 0.703 1.000 0.429 0.937 0.810 0.250 1.000 0.460 0.651 0.968 0.861 0.841 0.841 0.600 0.656 a
0.375 0.875 0.750 0.750 0.125 0.944 0.333 0.000 0.857 0.750 1.000 0.143 0.000 0.643 0.938 0.944 0.333 0.056 0.857 0.667 0.375 0.804 0.750 0.679 0.125 0.553 0.623 o
0.133 0.758 0.721 0.753 0.206 0.694 0.625 0.000 0.550 0.764 0.906 0.523 0.000 0.471 0.921 0.697 0.650 0.013 0.625 0.678 0.044 0.550 0.832 0.639 0.108 0.542 0.617 o
0.183 0.776 0.696 0.758 0.124 0.804 0.621 0.000 0.733 0.696 0.979 0.526 0.000 0.617 0.931 0.824 0.594 0.000 0.754 0.707 0.222 0.778 0.752 0.741 0.139 0.562 0.675 o
0.741 0.872 0.151 0.824 0.598 0.660 0.893 0.029 0.844 0.571 0.610 0.855 0.000 0.754 0.571 0.584 0.915 0.110 0.806 0.600 0.288 0.941 0.890 0.810 0.803 0.532 0.655 u
0.702 0.743 0.851 0.826 0.140 0.666 0.836 0.242 0.962 0.494 0.556 0.787 0.000 0.882 0.558 0.567 0.818 0.000 0.858 0.589 0.796 0.941 0.236 0.937 0.775 0.523 0.655 n
0.733 0.860 0.855 0.931 0.235 0.521 0.905 0.095 0.860 0.548 0.425 0.885 0.000 0.727 0.567 0.461 0.907 0.000 0.725 0.560 0.725 0.947 0.253 0.860 0.771 0.518 0.657 n
0.175 0.619 0.815 0.968 0.460 0.873 0.619 0.037 0.429 0.302 1.000 0.679 0.000 0.000 0.000 0.905 0.873 0.259 0.111 0.270 0.333 0.841 1.000 0.810 0.492 0.625 0.656 c
0.051 0.641 0.913 0.989 0.510 0.597 0.876 0.043 0.474 0.333 0.918 0.767 0.000 0.000 0.000 0.780 0.977 0.396 0.135 0.367 0.176 0.778 0.981 0.886 0.459 0.604 0.669 c
0.143 0.704 0.810 1.000 0.651 0.810 0.704 0.048 0.333 0.333 1.000 0.667 0.000 0.000 0.000 0.937 0.926 0.508 0.222 0.317 0.270 0.704 0.937 0.852 0.460 0.637 0.656 c
0.229 0.674 0.565 0.733 0.222 0.808 0.569 0.241 0.773 0.793 0.971 0.517 0.278 0.278 0.258 0.774 0.497 0.000 0.039 0.498 0.183 0.799 0.725 0.646 0.281 0.551 0.599 e
0.260 0.684 0.579 0.763 0.237 0.858 0.569 0.216 0.747 0.781 0.987 0.586 0.313 0.322 0.309 0.809 0.660 0.000 0.007 0.500 0.188 0.763 0.724 0.681 0.355 0.567 0.605 e
0.124 0.632 0.558 0.697 0.180 0.749 0.718 0.187 0.616 0.845 0.895 0.631 0.318 0.301 0.278 0.728 0.576 0.000 0.012 0.477 0.118 0.678 0.675 0.647 0.282 0.544 0.604 e
0.222 0.778 0.611 0.740 0.222 0.839 0.671 0.246 0.674 0.868 0.990 0.677 0.319 0.278 0.278 0.730 0.678 0.011 0.016 0.474 0.160 0.747 0.796 0.712 0.361 0.574 0.599 e
0.197 0.743 0.622 0.704 0.197 0.780 0.645 0.201 0.658 0.832 0.948 0.663 0.333 0.333 0.288 0.734 0.622 0.000 0.003 0.490 0.174 0.740 0.711 0.628 0.359 0.578 0.604 e
0.343 0.514 0.400 0.743 0.514 0.343 0.471 0.183 0.586 0.043 0.349 0.381 0.370 0.444 0.127 0.586 0.386 0.367 0.357 0.357 0.457 0.286 0.200 0.200 0.143 0.667 0.652 g
0.271 0.614 0.500 0.871 0.700 0.314 0.657 0.314 0.486 0.000 0.514 0.514 0.400 0.314 0.100 0.614 0.357 0.300 0.386 0.543 0.486 0.514 0.257 0.429 0.200 0.663 0.657 g
0.179 0.708 0.768 0.750 0.536 0.746 0.556 0.302 0.630 0.968 1.000 0.833 0.464 0.333 0.179 0.746 0.889 0.286 0.074 0.317 0.286 0.833 1.000 0.833 0.411 0.618 0.623 e
0.444 0.476 0.481 0.778 0.460 0.571 0.414 0.433 0.414 0.000 0.619 0.556 0.519 0.381 0.063 0.643 0.500 0.500 0.643 0.486 0.571 0.444 0.444 0.413 0.317 0.651 0.672 g
0.292 0.646 0.596 0.840 0.786 0.511 0.556 0.442 0.679 0.011 0.639 0.665 0.520 0.344 0.060 0.692 0.442 0.466 0.613 0.432 0.639 0.553 0.413 0.506 0.123 0.665 0.689 g
0.132 0.735 0.796 0.807 0.217 0.705 0.751 0.226 0.883 0.817 0.941 0.914 0.521 0.401 0.200 0.803 0.943 0.333 0.261 0.563 0.213 0.770 0.942 0.798 0.285 0.596 0.687 e
0.207 0.756 0.611 0.846 0.821 0.386 0.756 0.474 0.737 0.000 0.573 0.674 0.565 0.350 0.047 0.661 0.610 0.515 0.710 0.495 0.579 0.684 0.496 0.591 0.220 0.646 0.699 g
0.400 0.714 0.657 0.857 0.829 0.629 0.614 0.443 0.714 0.071 0.743 0.600 0.600 0.314 0.014 0.771 0.600 0.600 0.771 0.371 0.729 0.414 0.443 0.500 0.186 0.663 0.667 g
0.343 0.657 0.625 0.743 0.600 0.500 0.600 0.475 0.557 0.000 0.766 0.766 0.636 0.312 0.026 0.857 0.571 0.450 0.643 0.400 0.600 0.629 0.475 0.543 0.143 0.660 0.644 g
0.875 0.792 0.852 0.812 0.438 0.704 0.352 0.838 0.343 0.722 0.667 0.208 0.818 0.250 0.833 0.685 0.278 0.818 0.250 0.833 0.729 0.500 0.909 0.438 0.792 0.345 0.623 m
0.258 0.732 0.938 0.951 0.318 0.763 0.846 0.500 0.401 0.039 0.307 0.861 1.000 0.970 0.516 0.419 0.383 0.216 0.779 0.964 0.578 0.919 0.729 0.771 0.354 0.670 0.693 s
0.434 0.600 0.020 0.127 0.414 0.444 0.540 0.456 0.000 0.222 0.444 0.055 0.727 0.327 0.263 0.444 0.000 0.122 0.820 0.322 0.606 0.218 0.000 0.273 0.313 0.561 0.817 N
0.389 0.897 0.231 0.000 0.000 0.174 0.906 0.000 0.000 0.000 0.119 0.917 0.000 0.000 0.000 0.138 0.936 0.001 0.000 0.205 0.352 0.895 0.404 0.405 0.652 0.599 0.772 L
0.164 0.500 0.303 0.400 0.364 0.727 0.100 0.000 0.009 0.273 0.800 0.000 0.000 0.117 0.133 0.655 0.136 0.000 0.300 0.691 0.145 0.555 0.364 0.382 0.364 0.567 0.800 G
0.679 0.389 0.896 0.423 0.668 0.215 0.012 0.954 0.026 0.201 0.000 0.023 0.965 0.027 0.000 0.000 0.026 0.953 0.011 0.000 0.000 0.421 0.919 0.321 0.000 0.583 0.818 T
0.496 0.779 0.041 0.354 0.558 0.326 0.477 0.549 0.058 0.344 0.363 0.063 0.706 0.383 0.336 0.365 0.064 0.100 0.862 0.321 0.612 0.368 0.000 0.346 0.297 0.531 0.841 N
0.432 0.625 0.067 0.344 0.532 0.276 0.556 0.000 0.067 0.320 0.287 0.553 0.000 0.078 0.299 0.294 0.574 0.000 0.055 0.329 0.074 0.620 0.414 0.496 0.092 0.534 0.843 U
0.560 0.560 0.311 0.500 0.240 0.560 0.300 0.000 0.070 0.680 0.600 0.300 0.000 0.000 0.800 0.600 0.300 0.000 0.060 0.760 0.680 0.510 0.367 0.550 0.300 0.521 0.746 D
0.633 0.697 0.364 0.812 0.400 0.366 0.660 0.553 0.123 0.000 0.364 0.955 0.633 0.004 0.000 0.349 0.601 0.680 0.507 0.000 0.620 0.736 0.296 0.947 0.565 0.557 0.867 K
0.482 0.627 0.339 0.581 0.205 0.379 0.464 0.000 0.143 0.794 0.359 0.474 0.000 0.000 0.887 0.369 0.504 0.000 0.168 0.740 0.591 0.702 0.430 0.565 0.125 0.496 0.825 D
0.631 0.129 0.707 0.092 0.435 0.404 0.221 0.527 0.182 0.175 0.123 0.493 0.314 0.452 0.176 0.000 0.686 0.092 0.711 0.049 0.000 0.390 0.000 0.355 0.000 0.376 0.741 W
0.500 0.720 0.022 0.360 0.560 0.200 0.500 0.444 0.200 0.400 0.200 0.064 0.727 0.309 0.291 0.200 0.000 0.111 0.840 0.360 0.520 0.180 0.000 0.440 0.360 0.521 0.855 N
0.453 0.847 0.362 0.645 0.533 0.205 0.804 0.000 0.222 0.911 0.188 0.870 0.304 0.409 0.194 0.239 0.817 0.000 0.000 0.000 0.476 0.874 0.304 0.000 0.000 0.612 0.764 P
0.721 0.769 0.686 0.715 0.256 0.520 0.439 0.802 0.305 0.539 0.514 0.328 0.725 0.222 0.507 0.513 0.283 0.704 0.226 0.507 0.821 0.711 0.828 0.630 0.749 0.301 0.989 m
0.598 0.510 0.000 0.291 0.655 0.302 0.898 0.348 0.032 0.425 0.299 0.317 0.801 0.227 0.438 0.300 0.270 0.172 0.855 0.467 0.553 0.506 0.000 0.285 0.433 0.476 0.959 N
0.158 0.553 0.469 0.651 0.232 0.779 0.098 0.000 0.101 0.274 0.853 0.000 0.000 0.446 0.636 0.786 0.086 0.000 0.272 0.593 0.194 0.618 0.422 0.562 0.210 0.493 0.986 G
0.172 0.574 0.556 0.724 0.186 0.702 0.039 0.000 0.208 0.761 0.792 0.000 0.000 0.000 0.829 0.813 0.193 0.000 0.036 0.653 0.220 0.716 0.494 0.549 0.158 0.473 0.966 O
0.697 0.616 0.000 0.238 0.704 0.495 0.405 0.000 0.000 0.468 0.472 0.384 0.000 0.000 0.524 0.473 0.446 0.000 0.100 0.456 0.176 0.720 0.529 0.591 0.155 0.518 0.959 U
0.356 0.611 0.022 0.478 0.344 0.067 0.756 0.000 0.311 0.000 0.000 0.606 0.374 0.323 0.000 0.000 0.289 0.856 0.200 0.000 0.000 0.067 0.667 0.000 0.000 0.564 0.783 V
0.481 0.875 0.386 0.420 0.731 0.169 0.917 0.047 0.326 0.246 0.142 0.966 0.402 0.547 0.000 0.126 0.946 0.001 0.106 0.283 0.430 0.914 0.454 0.460 0.835 0.594 0.786 E
0.414 0.832 0.392 0.612 0.271 0.115 0.829 0.000 0.435 0.544 0.132 0.877 0.330 0.727 0.328 0.103 0.829 0.000 0.120 0.927 0.423 0.787 0.391 0.541 0.363 0.603 0.839 B
0.577 0.655 0.086 0.580 0.570 0.354 0.499 0.000 0.448 0.371 0.332 0.658 0.346 0.607 0.341 0.329 0.448 0.000 0.431 0.339 0.523 0.645 0.096 0.635 0.518 0.511 0.768 H
0.653 0.777 0.712 0.701 0.140 0.519 0.775 0.000 0.471 0.799 0.546 0.734 0.000 0.253 0.990 0.518 0.725 0.000 0.431 0.809 0.724 0.858 0.560 0.693 0.148 0.587 0.815 D
0.668 0.886 0.519 0.754 0.467 0.477 0.866 0.000 0.473 0.920 0.523 0.942 0.520 0.600 0.259 0.506 0.868 0.000 0.000 0.000 0.716 0.893 0.304 0.000 0.000 0.596 0.958 P
0.451 0.442 0.000 0.439 0.438 0.296 0.682 0.001 0.635 0.287 0.264 0.567 0.259 0.522 0.303 0.254 0.304 0.664 0.392 0.305 0.495 0.213 0.462 0.495 0.459 0.461 0.797 M
0.587 0.413 0.000 0.455 0.620 0.405 0.736 0.061 0.636 0.455 0.236 0.600 0.342 0.491 0.455 0.182 0.281 0.553 0.364 0.405 0.397 0.116 0.386 0.446 0.455 0.481 0.746 M
0.220 0.697 0.539 0.789 0.247 0.785 0.618 0.226 0.732 0.906 0.990 0.551 0.316 0.316 0.253 0.774 0.559 0.000 0.016 0.545 0.151 0.762 0.796 0.656 0.280 0.562 0.989 c
0.438 0.729 0.370 0.671 0.048 0.219 0.637 0.001 0.797 0.141 0.249 0.743 0.455 0.599 0.000 0.260 0.611 0.000 0.830 0.094 0.446 0.692 0.113 0.501 0.448 0.550 0.761 R
0.599 0.536 0.000 0.528 0.601 0.349 0.835 0.017 0.829 0.386 0.329 0.620 0.412 0.588 0.348 0.344 0.324 0.795 0.425 0.351 0.625 0.303 0.527 0.644 0.575 0.461 0.757 M
0.327 0.675 0.629 0.561 0.009 0.395 0.355 0.196 1.000 0.136 0.553 0.570 0.548 0.985 0.073 0.988 0.099 0.240 0.944 0.012 0.576 0.713 0.535 0.909 0.646 0.511 0.989 a
0.650 0.308 0.000 0.487 0.627 0.332 0.783 0.194 0.682 0.433 0.332 0.384 0.752 0.322 0.444 0.343 0.052 0.150 0.311 0.437 0.536 0.291 0.000 0.567 0.693 0.414 0.986 M
0.576 0.783 0.444 0.619 0.463 0.331 0.684 0.000 0.371 0.199 0.326 0.818 0.402 0.676 0.000 0.312 0.664 0.000 0.161 0.285 0.591 0.793 0.418 0.591 0.648 0.596 0.986 E
0.677 0.546 0.000 0.600 0.570 0.470 0.376 0.025 0.399 0.431 0.443 0.628 0.407 0.613 0.431 0.450 0.392 0.000 0.363 0.435 0.707 0.645 0.000 0.604 0.688 0.469 0.965 H
0.653 0.715 0.500 0.659 0.137 0.414 0.447 0.000 0.458 0.578 0.425 0.531 0.204 0.729 0.304 0.444 0.626 0.690 0.582 0.000 0.665 0.701 0.095 0.688 0.599 0.532 0.979 R
0.618 0.681 0.000 0.000 0.000 0.455 0.714 0.000 0.000 0.000 0.400 0.689 0.336 0.475 0.192 0.332 0.837 0.759 0.146 0.000 0.578 0.770 0.536 0.897 0.389 0.634 0.953 k
0.620 0.823 0.000 0.000 0.010 0.396 0.814 0.000 0.009 0.000 0.381 0.785 0.541 0.662 0.187 0.370 0.916 0.889 0.226 0.000 0.644 0.799 0.690 0.887 0.468 0.637 0.789 k
0.644 0.826 0.000 0.000 0.000 0.345 0.838 0.000 0.030 0.000 0.333 0.730 0.522 0.663 0.317 0.321 0.897 0.917 0.268 0.000 0.552 0.789 0.573 0.902 0.503 0.643 0.795 k
0.300 0.825 0.057 0.000 0.000 0.114 0.800 0.000 0.000 0.000 0.000 0.750 0.078 0.045 0.000 0.000 0.800 0.714 0.425 0.014 0.343 0.875 0.200 0.800 0.600 0.649 0.839 k
0.565 0.927 0.012 0.000 0.000 0.217 0.954 0.008 0.010 0.000 0.183 0.986 0.430 0.820 0.198 0.181 0.898 0.000 0.779 0.375 0.484 0.908 0.403 0.829 0.703 0.653 0.770 h
0.556 0.737 0.000 0.000 0.000 0.297 0.822 0.017 0.013 0.000 0.243 0.943 0.356 0.771 0.156 0.240 0.792 0.000 0.775 0.283 0.519 0.833 0.292 0.735 0.492 0.654 0.785 h
0.621 0.877 0.000 0.000 0.000 0.292 0.888 0.005 0.022 0.000 0.267 0.958 0.327 0.647 0.456 0.259 0.882 0.000 0.182 0.930 0.568 0.888 0.432 0.583 0.492 0.661 0.793 b
0.377 0.705 0.000 0.000 0.000 0.325 0.750 0.000 0.000 0.000 0.429 0.750 0.143 0.625 0.286 0.377 0.818 0.714 0.341 0.000 0.636 0.841 0.364 0.977 0.545 0.670 0.926 k
0.329 0.626 0.479 0.584 0.407 0.818 0.476 0.029 0.154 0.793 0.385 0.914 0.904 0.944 0.481 0.838 0.075 0.025 0.357 0.949 0.479 0.656 0.473 0.570 0.461 0.671 0.963 8
0.315 0.667 0.531 0.608 0.292 0.907 0.459 0.075 0.335 0.710 0.533 0.940 0.959 0.967 0.479 0.905 0.098 0.085 0.504 0.917 0.475 0.715 0.539 0.719 0.333 0.669 0.993 8
0.386 0.625 0.303 0.636 0.250 0.250 0.625 0.000 0.575 0.488 0.250 0.761 0.384 0.659 0.091 0.300 0.625 0.000 0.525 0.500 0.318 0.636 0.040 0.318 0.580 0.622 0.891 R
0.000 0.000 0.410 0.656 0.000 0.000 0.310 0.972 0.672 0.000 0.216 0.562 0.665 0.641 0.249 0.850 0.864 0.957 0.930 0.810 0.006 0.308 0.806 0.826 0.286 0.669 0.977 4
0.182 0.640 0.436 0.690 0.150 0.825 0.518 0.000 0.441 0.739 0.885 0.431 0.000 0.305 0.951 0.726 0.500 0.000 0.457 0.754 0.203 0.633 0.402 0.638 0.175 0.669 0.977 0
0.218 0.654 0.452 0.705 0.107 0.780 0.391 0.000 0.583 0.741 0.975 0.325 0.000 0.494 0.947 0.765 0.442 0.000 0.573 0.737 0.226 0.647 0.468 0.671 0.124 0.665 0.977 0
0.408 0.701 0.516 0.735 0.201 0.975 0.346 0.000 0.525 0.860 0.729 0.581 0.181 0.720 0.938 0.027 0.212 0.279 0.862 0.455 0.130 0.483 0.581 0.306 0.000 0.668 0.985 9
0.000 0.000 0.114 0.750 0.307 0.000 0.000 0.000 0.523 0.375 0.208 0.510 0.292 0.792 0.375 0.727 0.375 0.000 0.636 0.375 0.227 0.557 0.318 0.705 0.489 0.654 0.825 d
0.000 0.048 0.865 0.763 0.000 0.000 0.425 0.905 0.887 0.000 0.234 0.693 0.439 0.884 0.000 0.766 0.574 0.743 0.970 0.504 0.000 0.027 0.678 0.932 0.185 0.633 0.917 4
0.312 0.779 0.673 0.765 0.215 0.883 0.658 0.000 0.654 0.861 0.682 0.867 0.477 0.914 0.908 0.135 0.276 0.168 0.842 0.546 0.573 0.888 0.659 0.534 0.014 0.638 0.776 9
0.257 0.741 0.541 0.795 0.469 0.548 0.694 0.000 0.584 0.947 0.000 0.009 0.429 0.786 0.250 0.082 0.603 0.330 0.018 0.409 0.751 0.881 0.814 0.851 0.707 0.656 0.928 2
0.000 0.000 0.222 0.856 0.307 0.000 0.011 0.005 0.817 0.285 0.422 0.683 0.317 0.856 0.288 0.892 0.392 0.000 0.741 0.312 0.368 0.648 0.352 0.794 0.572 0.664 0.768 d
0.040 0.464 0.565 0.861 0.694 0.536 0.845 0.136 0.973 0.515 0.209 0.928 0.694 0.773 0.179 0.621 0.910 0.867 0.904 0.473 0.706 0.676 0.577 0.765 0.402 0.664 0.805 g
0.491 0.648 0.562 0.907 0.407 0.926 0.537 0.125 0.204 0.352 0.325 0.684 0.885 0.778 0.436 0.519 0.000 0.021 0.352 0.759 0.694 0.583 0.510 0.546 0.435 0.649 0.934 S
0.000 0.000 0.303 0.948 0.217 0.000 0.030 0.017 0.957 0.224 0.514 0.617 0.407 0.957 0.200 0.943 0.214 0.000 0.887 0.190 0.484 0.684 0.560 0.879 0.521 0.658 0.789 d
0.000 0.000 0.299 1.000 0.299 0.000 0.125 0.214 0.925 0.286 0.701 0.670 0.442 0.886 0.143 1.000 0.300 0.000 0.750 0.229 0.610 0.670 0.468 0.932 0.558 0.663 0.790 d
0.264 0.609 0.561 0.846 0.237 0.664 0.584 0.165 0.149 0.248 0.102 0.516 0.735 0.886 0.427 0.555 0.035 0.000 0.271 0.929 0.603 0.691 0.505 0.651 0.433 0.615 0.979 S
0.636 0.701 0.000 0.000 0.000 0.500 0.623 0.000 0.000 0.000 0.500 0.595 0.229 0.488 0.208 0.500 0.779 0.727 0.247 0.000 0.545 0.558 0.318 0.818 0.341 0.673 0.743 k
0.688 0.714 0.000 0.000 0.000 0.429 0.714 0.000 0.000 0.000 0.429 0.829 0.300 0.729 0.200 0.429 0.714 0.000 0.714 0.286 0.455 0.766 0.091 0.610 0.545 0.680 0.769 h
0.740 0.766 0.023 0.000 0.000 0.429 0.714 0.068 0.052 0.000 0.429 0.886 0.488 0.814 0.200 0.429 0.714 0.000 0.714 0.286 0.792 0.818 0.318 0.818 0.701 0.680 0.714 h
0.351 0.510 0.207 0.000 0.000 0.075 0.420 0.438 0.445 0.097 0.786 0.668 0.269 0.752 0.733 0.895 0.493 0.095 0.115 0.213 0.286 0.798 0.512 0.457 0.401 0.694 0.729 è
0.000 0.150 0.640 0.000 0.000 0.444 0.667 0.867 0.333 0.278 0.200 0.800 0.840 0.200 0.100 0.000 0.750 0.800 0.000 0.000 0.000 0.500 0.760 0.150 0.000 0.807 0.677 t
0.494 0.714 0.000 0.000 0.000 0.286 0.714 0.023 0.000 0.000 0.286 0.886 0.325 0.700 0.329 0.286 0.714 0.000 0.714 0.429 0.584 0.662 0.159 0.662 0.584 0.680 0.735 h
0.000 0.650 0.700 0.100 0.000 0.333 0.861 0.833 0.333 0.111 0.600 1.000 0.600 0.200 0.100 0.500 1.000 0.500 0.000 0.000 0.300 0.750 0.700 0.450 0.300 0.818 0.688 t
0.000 0.389 0.667 0.167 0.000 0.056 0.167 0.333 0.139 0.000 0.150 0.475 1.000 0.750 0.000 0.000 0.250 1.000 0.750 0.000 0.333 0.583 1.000 0.861 0.333 0.810 0.700 i
0.000 0.000 0.560 0.200 0.000 0.356 0.556 0.933 0.667 0.200 0.360 1.000 0.680 0.200 0.120 0.200 1.000 0.689 0.111 0.000 0.160 0.900 0.880 0.550 0.400 0.784 0.647 t
0.000 0.000 0.720 0.200 0.000 0.333 0.600 0.933 0.556 0.178 0.280 1.000 1.000 0.200 0.000 0.200 1.000 1.000 0.200 0.000 0.120 0.680 0.880 0.680 0.360 0.761 0.647 t
0.000 0.000 0.720 0.250 0.000 0.472 0.667 0.956 0.639 0.333 0.050 0.600 1.000 0.350 0.000 0.111 0.722 1.000 0.250 0.000 0.100 0.600 0.880 0.650 0.400 0.807 0.657 t
0.000 0.000 0.400 0.350 0.000 0.333 0.500 0.867 0.611 0.333 0.200 0.800 1.000 0.500 0.200 0.000 0.750 1.000 0.250 0.000 0.000 0.600 0.880 0.650 0.400 0.807 0.647 t
0.312 0.416 0.364 0.351 0.688 0.571 0.545 0.250 0.104 0.195 0.071 0.443 0.700 0.871 0.586 0.260 0.000 0.000 0.104 0.818 0.442 0.052 0.227 0.312 0.377 0.680 0.685 S
0.371 0.429 0.333 0.486 0.657 0.571 0.286 0.300 0.543 0.000 0.494 0.364 0.515 0.312 0.000 0.643 0.386 0.400 0.443 0.386 0.514 0.400 0.233 0.086 0.086 0.681 0.681 g
0.000 0.000 0.520 0.500 0.000 0.333 0.611 0.911 0.667 0.289 0.240 0.850 1.000 0.600 0.120 0.200 1.000 1.000 0.500 0.000 0.120 0.650 0.920 0.800 0.520 0.784 0.647 t
0.000 0.000 0.600 0.500 0.000 0.311 0.722 0.956 0.611 0.133 0.044 0.417 1.000 0.500 0.000 0.200 1.000 1.000 0.500 0.000 0.133 0.722 0.911 0.667 0.333 0.768 0.661 t
0.352 0.259 0.244 0.611 0.370 0.483 0.000 0.000 0.500 0.933 0.185 0.000 0.089 0.648 0.370 0.283 0.267 0.240 0.117 0.200 0.889 0.778 0.778 0.778 0.926 0.709 0.652 2
0.519 0.574 0.333 0.611 0.296 1.000 0.167 0.000 0.500 0.833 0.852 0.426 0.222 0.685 1.000 0.067 0.267 0.300 0.783 0.467 0.148 0.444 0.481 0.241 0.000 0.698 0.652 9
0.370 0.648 0.317 0.667 0.333 0.967 0.200 0.000 0.433 0.900 0.704 0.500 0.222 0.630 1.000 0.033 0.200 0.286 0.800 0.617 0.000 0.370 0.460 0.259 0.019 0.686 0.652 9
0.400 0.457 0.367 0.771 0.686 0.571 0.414 0.283 0.657 0.000 0.545 0.494 0.485 0.338 0.052 0.643 0.300 0.300 0.457 0.543 0.571 0.400 0.367 0.343 0.114 0.681 0.691 g
0.000 0.000 0.091 0.792 0.662 0.000 0.000 0.000 0.662 0.714 0.386 0.643 0.300 0.829 0.714 0.818 0.429 0.000 0.688 0.584 0.506 0.584 0.352 0.740 0.610 0.680 0.735 d
0.444 0.648 0.286 0.796 0.111 0.533 0.667 0.200 0.733 0.200 0.556 0.537 0.444 0.389 0.148 0.733 0.533 0.486 0.433 0.733 0.667 0.481 0.444 0.444 0.519 0.686 0.623 g
0.000 0.000 0.091 0.818 0.714 0.000 0.052 0.068 0.714 0.688 0.443 0.671 0.287 0.829 0.571 1.000 0.429 0.000 0.714 0.429 0.403 0.584 0.386 0.740 0.610 0.680 0.735 d
0.000 0.000 0.159 0.870 0.636 0.000 0.000 0.000 0.714 0.714 0.457 0.529 0.300 0.800 0.714 0.948 0.182 0.000 0.714 0.519 0.714 0.558 0.295 0.844 0.481 0.680 0.714 d
0.000 0.089 0.417 1.000 0.689 0.000 0.000 0.250 1.000 0.600 0.000 0.000 0.250 1.000 0.500 0.067 0.000 0.361 1.000 0.511 0.844 0.444 0.722 0.778 0.133 0.750 0.635 j
0.000 0.148 0.778 0.889 0.489 0.000 0.000 0.600 0.667 0.000 0.000 0.000 0.600 0.667 0.000 0.000 0.000 0.600 0.667 0.000 0.778 0.556 0.689 0.481 0.000 0.726 0.627 j
0.852 0.778 0.815 0.956 0.370 0.037 0.000 0.389 0.578 0.074 0.000 0.133 0.463 0.822 0.889 0.000 0.000 0.000 0.200 0.963 0.148 0.311 0.370 0.378 0.185 0.707 0.621 3
0.121 0.455 0.818 1.000 0.879 0.000 0.000 0.333 1.000 1.000 0.000 0.050 0.467 1.000 0.867 0.000 0.045 0.455 1.000 0.879 0.364 0.364 0.515 0.818 0.939 0.870 0.704 l
0.000 0.400 0.920 1.000 0.520 0.000 0.000 0.800 1.000 0.200 0.000 0.000 0.800 1.000 0.200 0.100 0.033 0.800 0.833 0.100 0.920 0.800 0.840 0.433 0.000 0.744 0.643 j
0.889 0.889 0.933 0.870 0.296 0.100 0.167 0.620 0.533 0.067 0.000 0.185 0.556 0.852 0.852 0.000 0.000 0.000 0.300 0.833 0.370 0.444 0.444 0.389 0.111 0.709 0.652 3
0.000 0.468 0.930 0.593 0.000 0.121 0.189 0.196 0.121 0.000 0.211 0.685 1.000 0.614 0.000 0.000 0.465 1.000 0.556 0.000 0.212 0.646 0.967 0.653 0.296 0.811 0.729 i
0.000 0.418 0.889 0.552 0.000 0.181 0.195 0.222 0.121 0.000 0.131 0.608 1.000 0.577 0.000 0.000 0.505 1.000 0.569 0.000 0.289 0.677 0.981 0.768 0.311 0.815 0.710 i
0.000 0.487 0.916 0.656 0.016 0.162 0.224 0.247 0.175 0.000 0.189 0.646 1.000 0.811 0.000 0.000 0.526 1.000 0.727 0.000 0.364 0.763 0.903 0.828 0.347 0.811 0.730 i
0.300 0.650 1.000 1.000 0.250 0.000 0.250 1.000 1.000 0.250 0.000 0.250 1.000 1.000 0.250 0.000 0.250 1.000 1.000 0.250 0.100 0.500 1.000 1.000 0.400 0.844 0.762 l
0.030 0.714 0.973 0.411 0.000 0.205 0.282 0.344 0.110 0.000 0.178 0.788 1.000 0.519 0.000 0.000 0.727 1.000 0.435 0.000 0.401 0.865 0.970 0.687 0.367 0.808 0.700 i
0.167 0.630 0.778 0.519 0.000 0.300 0.300 0.300 0.200 0.000 0.333 0.815 1.000 0.667 0.000 0.100 0.733 1.000 0.667 0.000 0.500 0.852 1.000 0.815 0.333 0.837 0.632 i
0.222 0.750 0.867 0.417 0.000 0.250 0.325 0.340 0.075 0.000 0.111 0.778 1.000 0.250 0.000 0.000 0.750 1.000 0.250 0.000 0.333 0.861 1.000 0.583 0.333 0.802 0.652 i
0.255 0.691 0.970 0.509 0.182 0.000 0.400 1.000 0.400 0.000 0.000 0.400 1.000 0.400 0.000 0.000 0.400 1.000 0.400 0.000 0.182 0.655 1.000 0.691 0.291 0.780 0.667 I
0.057 0.805 0.940 0.620 0.000 0.223 0.409 0.438 0.188 0.000 0.238 0.877 1.000 0.695 0.000 0.000 0.682 1.000 0.698 0.000 0.378 0.815 0.958 0.870 0.426 0.801 0.716 i
0.000 0.681 0.960 0.909 0.512 0.262 0.434 0.730 0.816 0.181 0.231 0.878 1.000 1.000 0.112 0.000 0.809 1.000 1.000 0.153 0.353 0.866 0.960 0.953 0.403 0.849 0.761 i
0.000 0.000 0.811 0.189 0.000 0.276 0.497 0.990 0.388 0.189 0.054 0.636 1.000 0.254 0.064 0.000 0.618 1.000 0.107 0.000 0.000 0.396 0.965 0.497 0.362 0.770 0.689 t
0.000 0.012 0.862 0.320 0.000 0.349 0.612 1.000 0.571 0.263 0.142 0.818 1.000 0.373 0.086 0.000 0.710 1.000 0.216 0.000 0.000 0.574 0.949 0.515 0.462 0.772 0.679 t
0.000 0.119 0.833 0.017 0.000 0.213 0.625 0.840 0.320 0.143 0.054 0.913 0.792 0.077 0.029 0.000 0.909 0.827 0.000 0.000 0.000 0.776 0.901 0.500 0.481 0.782 0.674 t
0.000 0.364 0.855 0.848 0.927 0.036 0.727 1.000 0.515 0.218 0.217 0.806 1.000 0.611 0.150 0.000 0.667 1.000 0.333 0.000 0.473 0.727 0.855 0.636 0.073 0.779 0.743 f
0.364 0.886 1.000 0.500 0.000 0.000 0.750 1.000 0.500 0.000 0.000 0.750 1.000 0.500 0.000 0.000 0.750 1.000 0.500 0.000 0.364 0.705 0.927 0.773 0.409 0.837 0.754 l
0.000 0.267 0.889 0.711 0.000 0.389 0.756 1.000 0.667 0.000 0.000 0.400 1.000 0.760 0.000 0.000 0.400 1.000 0.667 0.000 0.333 0.667 1.000 0.711 0.444 0.786 0.636 1
0.546 0.943 1.000 0.983 0.718 0.178 0.925 1.000 0.966 0.379 0.000 0.621 1.000 0.718 0.017 0.000 0.218 0.810 0.471 0.000 0.448 0.701 0.805 0.678 0.161 0.908 0.766 !
0.092 0.794 0.977 0.273 0.000 0.604 1.000 1.000 0.701 0.514 0.136 1.000 1.000 0.144 0.012 0.180 1.000 0.988 0.086 0.000 0.041 0.708 0.956 0.804 0.574 0.773 0.732 t
0.091 0.673 0.727 0.964 0.745 0.273 1.000 0.400 0.109 0.109 0.560 1.000 0.640 0.280 0.040 0.200 1.000 0.400 0.000 0.000 0.636 1.000 0.618 0.145 0.000 0.790 0.725 f
0.000 0.000 0.026 0.394 0.879 0.000 0.000 0.000 0.333 1.000 0.364 0.439 0.156 0.333 1.000 0.867 0.167 0.000 0.333 1.000 0.424 0.545 0.169 0.439 0.909 0.724 0.778 d
0.448 0.484 0.559 0.769 0.294 0.672 0.000 0.000 0.722 0.805 0.120 0.009 0.264 0.826 0.296 0.247 0.412 0.251 0.032 0.495 0.851 0.862 0.891 0.932 0.846 0.681 0.977 2
0.198 0.721 0.534 0.011 0.000 0.000 0.102 0.440 0.198 0.000 0.538 0.500 0.151 0.571 0.591 0.879 0.327 0.000 0.257 0.922 0.317 0.544 0.327 0.578 0.335 0.687 0.779 ò
0.231 0.596 0.590 0.346 0.115 0.000 0.104 0.611 1.000 0.708 0.000 0.000 0.333 1.000 1.000 0.000 0.188 0.722 0.979 0.667 0.385 0.712 0.487 0.288 0.000 0.873 0.952 )
0.000 0.000 0.052 0.701 0.714 0.000 0.130 0.182 0.597 0.714 0.471 0.586 0.300 0.729 0.657 0.844 0.286 0.000 0.519 0.610 0.429 0.442 0.234 0.571 0.688 0.690 0.926 d
0.000 0.000 0.159 0.870 0.286 0.000 0.130 0.068 0.714 0.286 0.629 0.443 0.338 0.886 0.286 0.857 0.000 0.000 0.714 0.286 0.545 0.416 0.364 0.792 0.416 0.680 0.926 d
0.000 0.063 0.554 0.978 0.481 0.000 0.161 0.841 1.000 0.617 0.000 0.222 1.000 1.000 0.793 0.000 0.211 1.000 1.000 0.586 0.293 0.596 0.933 0.919 0.770 0.861 0.873 l
0.000 0.000 0.500 0.589 0.018 0.000 0.189 0.510 0.530 0.263 0.000 0.000 0.733 0.907 0.002 0.000 0.000 0.647 0.941 0.029 0.600 0.545 0.684 0.618 0.039 0.812 0.924 j
0.000 0.000 0.422 0.737 0.435 0.000 0.263 0.565 0.181 0.002 0.586 0.752 0.227 0.616 0.616 0.882 0.607 0.214 0.219 0.221 0.315 0.679 0.453 0.422 0.290 0.719 0.804 é
0.697 0.831 0.351 0.631 0.500 0.092 0.269 0.467 0.879 0.705 0.449 0.833 0.444 0.160 0.000 0.215 0.455 0.000 0.000 0.000 0.336 0.836 0.308 0.000 0.000 0.784 0.785 ?
0.697 0.649 0.348 0.644 0.479 0.192 0.272 0.488 0.890 0.654 0.529 0.836 0.440 0.144 0.000 0.277 0.444 0.000 0.000 0.000 0.382 0.859 0.283 0.000 0.000 0.789 0.774 ?
0.391 0.855 0.558 0.814 0.408 0.327 0.358 0.030 0.857 0.699 0.000 0.252 0.522 0.869 0.270 0.451 0.259 0.000 0.695 0.923 0.555 0.720 0.549 0.834 0.440 0.672 0.946 3
0.817 0.364 0.000 0.000 0.000 0.814 0.400 0.000 0.000 0.000 0.809 0.419 0.000 0.000 0.000 0.791 0.438 0.000 0.000 0.338 0.794 0.536 0.366 0.397 0.566 0.689 0.812 L
0.621 0.705 0.690 0.744 0.586 0.782 0.517 0.582 0.448 0.039 0.379 0.107 0.210 0.926 0.739 0.000 0.000 0.221 0.942 0.606 0.401 0.558 0.223 0.181 0.000 0.725 1.000 5
0.132 0.747 0.545 0.663 0.134 0.700 0.653 0.000 0.512 0.756 0.924 0.508 0.000 0.438 0.979 0.778 0.615 0.000 0.633 0.794 0.148 0.706 0.640 0.720 0.148 0.677 0.950 0
0.682 0.666 0.000 0.000 0.000 0.575 0.668 0.023 0.015 0.000 0.490 0.781 0.307 0.857 0.194 0.549 0.642 0.000 0.833 0.318 0.457 0.829 0.339 0.859 0.610 0.675 0.812 h
0.065 0.488 0.670 0.123 0.000 0.690 0.817 0.214 0.142 0.000 0.963 0.796 0.333 0.844 0.549 0.799 0.597 0.000 0.668 0.949 0.251 0.804 0.684 0.798 0.389 0.684 0.993 6
0.000 0.157 0.666 0.615 0.000 0.476 0.833 1.000 0.583 0.000 0.000 0.472 1.000 0.559 0.000 0.000 0.484 1.000 0.551 0.000 0.320 0.670 0.926 0.724 0.337 0.768 0.977 1
0.000 0.051 0.385 0.718 0.615 0.292 0.861 0.854 0.278 0.000 0.692 1.000 0.750 0.000 0.000 0.375 0.917 0.812 0.167 0.000 0.000 0.154 0.538 0.821 0.615 0.881 0.952 (
0.625 0.823 0.000 0.000 0.000 0.500 0.917 0.354 0.417 0.083 0.500 0.818 0.284 0.841 0.557 0.500 0.792 0.000 0.708 0.625 0.604 0.823 0.198 0.833 0.781 0.673 0.902 h
0.646 0.949 0.055 0.000 0.000 0.496 0.928 0.320 0.382 0.071 0.446 0.946 0.362 0.875 0.799 0.505 0.886 0.000 0.598 0.850 0.623 0.763 0.561 0.775 0.224 0.678 0.964 b
0.562 0.958 0.104 0.000 0.000 0.375 1.000 0.452 0.442 0.173 0.375 0.958 0.250 0.729 0.750 0.375 0.981 0.115 0.587 0.750 0.479 0.875 0.229 0.625 0.750 0.690 0.951 h
0.056 0.278 0.667 0.611 0.278 0.778 1.000 0.542 0.028 0.000 1.000 1.000 0.500 0.000 0.000 0.667 1.000 0.583 0.056 0.000 0.028 0.222 0.583 0.667 0.444 0.895 0.919 (
0.571 0.948 0.130 0.000 0.000 0.429 1.000 0.143 0.000 0.000 0.377 1.000 0.403 0.494 0.494 0.143 1.000 0.143 0.286 0.714 0.429 0.818 0.273 0.390 0.636 0.684 0.790 h
0.019 0.204 0.796 0.841 0.174 0.000 0.000 0.798 0.775 0.000 0.000 0.000 0.794 0.726 0.000 0.000 0.000 0.802 0.731 0.000 0.586 0.596 0.750 0.324 0.000 0.792 0.957 J
0.273 0.795 0.818 0.705 0.182 0.000 0.750 1.000 0.750 0.000 0.000 0.750 1.000 0.750 0.000 0.000 0.750 1.000 0.750 0.000 0.273 0.841 1.000 0.841 0.364 0.850 0.833 l
0.000 0.485 0.836 0.636 0.636 0.000 0.667 0.800 0.033 0.060 0.218 0.788 0.873 0.364 0.073 0.000 0.667 0.800 0.000 0.000 0.309 0.818 0.891 0.242 0.000 0.765 0.831 f
0.205 0.485 0.886 0.879 0.432 0.000 0.000 0.750 1.000 0.500 0.000 0.000 0.750 1.000 0.500 0.000 0.000 0.750 1.000 0.500 0.000 0.242 0.841 1.000 0.682 0.857 0.778 l
0.583 0.792 0.900 0.958 0.417 0.000 0.750 1.000 0.979 0.458 0.000 0.750 1.000 0.750 0.000 0.000 0.750 1.000 0.750 0.000 0.250 0.875 1.000 0.875 0.333 0.848 0.918 l
0.354 0.746 0.962 0.655 0.000 0.000 0.582 1.000 0.727 0.000 0.000 0.470 1.000 0.708 0.000 0.000 0.500 1.000 0.703 0.000 0.245 0.618 0.947 0.821 0.351 0.822 0.846 l
0.367 0.742 0.972 0.636 0.000 0.000 0.464 1.000 0.730 0.000 0.000 0.524 1.000 0.699 0.000 0.000 0.321 1.000 0.733 0.000 0.215 0.633 0.944 0.779 0.312 0.821 0.853 l
0.336 0.797 0.982 0.667 0.000 0.000 0.578 1.000 0.725 0.000 0.000 0.460 1.000 0.624 0.000 0.000 0.375 1.000 0.603 0.000 0.252 0.661 0.961 0.778 0.376 0.817 0.853 l
0.397 0.831 0.985 0.544 0.000 0.000 0.572 1.000 0.606 0.000 0.000 0.567 1.000 0.608 0.000 0.000 0.463 1.000 0.563 0.000 0.255 0.711 0.961 0.728 0.276 0.816 0.852 l
0.494 0.848 1.000 0.606 0.000 0.000 0.667 1.000 0.667 0.000 0.000 0.667 1.000 0.667 0.000 0.000 0.455 1.000 0.515 0.000 0.455 0.758 1.000 0.758 0.377 0.721 0.852 1
0.242 0.545 0.758 0.939 0.879 0.000 0.000 0.667 1.000 1.000 0.000 0.273 0.939 1.000 0.727 0.000 0.333 1.000 1.000 0.667 0.364 0.515 0.818 0.818 0.545 0.888 0.778 l
0.000 0.504 0.852 0.862 0.660 0.005 0.924 0.840 0.100 0.117 0.359 0.914 0.910 0.370 0.030 0.000 0.818 0.814 0.000 0.000 0.393 0.964 0.862 0.402 0.007 0.769 0.790 f
0.399 0.818 0.955 0.753 0.315 0.000 0.580 1.000 0.532 0.000 0.000 0.583 1.000 0.565 0.000 0.000 0.578 1.000 0.638 0.000 0.372 0.765 0.945 0.827 0.417 0.801 0.945 l
0.583 0.875 1.000 0.917 0.208 0.042 0.771 1.000 1.000 0.250 0.000 0.750 1.000 1.000 0.250 0.000 0.750 1.000 1.000 0.250 0.167 0.750 1.000 0.917 0.458 0.848 0.918 l
0.000 0.366 0.898 0.963 0.407 0.060 0.131 0.201 0.234 0.071 0.251 0.490 1.000 1.000 0.424 0.000 0.183 1.000 1.000 0.444 0.305 0.588 0.968 0.963 0.543 0.850 0.887 i
0.000 0.667 1.000 0.958 0.500 0.136 0.432 0.745 0.727 0.227 0.083 0.792 1.000 1.000 0.500 0.000 0.750 1.000 1.000 0.500 0.333 0.917 1.000 0.979 0.542 0.843 0.885 i
0.000 0.533 0.902 0.504 0.000 0.185 0.250 0.218 0.114 0.000 0.290 0.841 1.000 0.641 0.000 0.000 0.571 1.000 0.668 0.000 0.306 0.748 0.916 0.785 0.354 0.816 0.773 i
0.803 0.968 0.938 0.995 0.833 0.206 0.029 0.237 0.706 0.104 0.000 0.209 0.696 0.080 0.000 0.129 0.656 0.056 0.000 0.000 0.192 0.864 0.786 0.007 0.000 0.672 0.962 7
0.598 0.814 0.941 0.951 0.706 0.324 0.569 0.647 0.569 0.324 0.000 0.000 0.000 0.000 0.000 0.363 0.549 0.588 0.549 0.265 0.755 0.941 0.990 0.902 0.480 0.841 0.911 :
0.813 0.924 0.917 0.948 0.383 0.355 0.133 0.669 0.747 0.054 0.000 0.205 0.667 0.919 0.832 0.000 0.000 0.000 0.551 0.852 0.386 0.553 0.623 0.547 0.074 0.691 0.978 3
0.690 0.937 0.985 0.960 0.655 0.420 1.000 1.000 0.977 0.328 0.178 0.874 1.000 0.649 0.006 0.000 0.213 0.837 0.448 0.000 0.431 0.736 0.773 0.718 0.328 0.904 0.783 !
0.003 0.215 0.767 0.956 0.088 0.431 0.899 1.000 0.987 0.077 0.000 0.721 1.000 0.987 0.077 0.000 0.727 1.000 1.000 0.131 0.000 0.700 0.989 0.983 0.384 0.809 0.936 1
0.764 0.992 0.986 0.930 0.339 0.448 0.547 0.946 0.821 0.131 0.000 0.245 0.743 0.982 0.912 0.000 0.000 0.034 0.848 0.724 0.327 0.714 0.802 0.508 0.046 0.679 1.000 3
0.825 0.895 0.926 0.887 0.751 0.473 0.241 0.649 0.914 0.214 0.000 0.405 0.861 0.179 0.000 0.226 0.967 0.390 0.000 0.000 0.224 0.858 0.891 0.074 0.000 0.678 0.964 7
0.743 0.800 0.800 0.800 0.743 1.000 0.879 0.948 0.758 0.221 0.543 0.467 0.543 0.933 0.829 0.000 0.000 0.247 0.909 0.740 0.429 0.733 0.657 0.267 0.029 0.698 1.000 5
