0.679 0.667 0.393 0.433 0.464 0.857 0.967 0.750 0.933 0.964 0.976 1.000 1.000 0.956 0.952 0.893 0.967 0.964 0.967 0.893 0.607 0.467 0.643 0.833 0.714 0.051 0.084 —
0.429 0.167 0.357 0.133 0.321 0.929 0.600 0.857 0.633 0.750 0.952 0.956 0.952 0.978 0.952 0.679 0.967 0.964 0.967 1.000 0.286 0.500 0.679 0.667 0.857 0.051 0.081 —
0.286 0.429 0.500 0.500 0.679 0.786 0.952 0.976 0.952 1.000 0.893 0.964 0.964 0.893 1.000 0.905 0.976 1.000 0.881 0.976 0.893 0.964 0.964 0.821 1.000 0.057 0.096 —
0.000 0.000 0.000 0.200 0.778 0.889 0.900 0.889 0.700 1.000 1.000 1.000 1.000 1.000 1.000 1.000 0.800 0.889 1.000 1.000 0.889 0.400 0.556 0.000 0.000 0.058 0.044 —
0.393 0.821 0.786 0.893 0.679 0.881 1.000 1.000 1.000 1.000 0.964 1.000 1.000 1.000 1.000 0.857 1.000 1.000 0.976 1.000 0.750 0.714 0.679 0.464 0.571 0.061 0.081 —
0.000 0.143 0.143 0.571 0.714 1.000 1.000 0.857 0.571 1.000 1.000 1.000 0.857 1.000 1.000 1.000 1.000 0.714 1.000 1.000 0.857 1.000 0.429 0.571 0.571 0.071 0.055 —
0.833 0.571 0.333 0.429 0.500 1.000 1.000 1.000 1.000 1.000 1.000 1.000 1.000 0.857 1.000 1.000 1.000 1.000 1.000 1.000 1.000 1.000 1.000 0.857 1.000 0.089 0.059 —
0.000 0.152 0.212 0.364 0.545 0.576 0.788 0.848 0.970 0.970 0.758 1.000 0.970 0.970 0.939 0.788 0.970 0.939 0.970 0.939 0.848 0.576 0.364 0.303 0.303 0.108 0.131 —
0.000 0.600 0.714 0.571 0.886 0.071 0.905 0.690 0.857 0.857 0.257 0.914 0.514 0.971 0.543 0.643 0.619 0.714 0.857 0.143 0.914 0.257 0.971 0.314 0.000 0.371 0.271 „
0.000 0.633 0.633 0.300 0.767 0.083 0.944 0.444 0.750 0.806 0.433 0.933 0.167 0.967 0.400 0.833 0.444 0.583 0.750 0.028 0.767 0.300 0.900 0.167 0.000 0.383 0.264 „
0.000 0.167 0.417 0.417 0.083 0.667 0.611 0.889 0.889 0.611 1.000 1.000 1.000 1.000 0.944 1.000 1.000 1.000 1.000 1.000 1.000 1.000 0.917 1.000 0.583 0.173 0.095 —
0.000 0.686 0.571 0.371 0.733 0.139 0.905 0.738 0.786 0.833 0.433 1.000 0.914 0.971 0.500 0.694 0.810 0.524 0.810 0.083 0.833 0.257 0.829 0.314 0.000 0.397 0.284 “
0.000 0.771 0.857 0.429 0.733 0.139 0.929 0.548 0.595 0.722 0.500 0.886 0.229 0.857 0.267 0.861 0.524 0.619 0.643 0.028 0.733 0.114 0.829 0.114 0.000 0.397 0.271 “
0.000 0.700 0.867 0.533 0.867 0.000 0.944 0.917 0.972 0.972 0.333 0.861 0.917 1.000 0.500 0.833 0.806 0.833 0.778 0.083 0.967 0.500 0.900 0.333 0.000 0.400 0.273 „
0.000 0.867 0.900 0.700 0.900 0.067 1.000 0.933 0.900 0.933 0.367 0.967 0.767 0.833 0.467 0.733 1.000 0.967 0.933 0.133 0.800 0.600 0.933 0.333 0.000 0.417 0.287 “
0.000 0.738 0.854 0.738 0.762 0.071 0.929 1.000 0.929 0.929 0.408 0.959 0.964 1.000 0.531 0.905 0.810 1.000 0.881 0.095 0.786 0.381 0.979 0.405 0.000 0.422 0.346 „
0.750 0.167 0.000 0.000 0.000 0.917 0.583 0.933 0.750 0.083 1.000 1.000 1.000 0.917 0.500 0.500 0.417 0.400 0.917 1.000 0.000 0.000 0.200 0.500 0.833 0.441 0.169 י
0.000 0.100 0.300 0.633 0.880 0.080 0.800 0.967 0.867 0.680 0.067 0.583 0.389 0.167 0.300 0.120 0.267 0.400 0.733 1.000 0.240 0.767 0.700 0.467 0.240 0.458 0.272 ⸗
0.670 0.536 0.564 0.518 0.280 0.190 0.282 0.473 0.391 0.490 0.255 0.149 0.190 0.314 0.127 0.370 0.618 0.236 0.509 0.030 0.340 0.891 0.936 0.209 0.000 0.480 0.480 ש
0.660 0.491 0.780 0.636 0.570 0.590 0.864 0.920 0.473 0.940 0.400 0.860 0.700 0.479 0.455 0.310 0.918 0.920 0.882 0.050 0.170 1.000 0.980 0.545 0.000 0.490 0.435 ש
0.000 0.056 0.611 0.917 0.306 0.000 0.528 0.861 0.972 0.750 0.556 0.944 0.611 0.972 0.972 0.083 0.667 0.889 0.972 0.917 0.000 0.083 0.778 0.972 0.556 0.500 0.310 .
0.136 0.645 0.583 0.600 0.636 0.109 0.482 0.950 0.664 0.836 0.231 0.455 0.545 0.017 0.620 0.109 0.427 0.633 0.427 0.673 0.000 0.300 1.000 0.955 0.364 0.452 0.516 ט
0.111 0.444 0.917 0.889 0.444 0.667 1.000 1.000 1.000 0.917 1.000 0.917 0.438 0.833 1.000 0.667 1.000 0.812 0.917 0.917 0.333 1.000 1.000 1.000 0.444 0.571 0.159 .
0.000 0.250 0.889 0.667 0.111 0.111 0.833 1.000 1.000 0.778 0.889 1.000 1.000 1.000 1.000 0.333 0.917 1.000 1.000 0.778 0.000 0.333 0.889 0.917 0.444 0.567 0.163 .
0.083 0.625 0.938 0.375 0.000 0.583 0.938 1.000 0.875 0.333 0.733 1.000 1.000 1.000 1.000 0.667 1.000 0.875 0.938 0.500 0.250 0.875 0.938 0.688 0.000 0.588 0.163 .
0.167 0.833 1.000 0.500 0.167 0.833 1.000 1.000 1.000 0.500 1.000 1.000 1.000 1.000 0.833 1.000 1.000 1.000 1.000 1.000 0.500 1.000 0.833 1.000 0.833 0.545 0.180 .
0.100 0.400 0.600 0.960 0.850 0.550 1.000 0.720 0.400 0.300 0.292 0.500 0.067 0.167 0.250 0.250 0.800 0.800 0.960 0.850 0.750 0.960 0.680 0.480 0.150 0.568 0.222 ⸗
0.250 0.440 0.650 0.880 0.850 0.750 0.840 0.600 0.320 0.100 0.150 0.080 0.000 0.040 0.150 0.200 0.400 0.500 0.760 0.750 0.800 0.880 0.650 0.560 0.200 0.571 0.233 ⸗
0.100 0.320 0.300 0.640 0.900 0.750 0.880 0.650 0.560 0.350 0.250 0.080 0.000 0.040 0.150 0.050 0.240 0.450 0.720 0.950 0.650 1.000 0.850 0.600 0.350 0.571 0.233 ⸗
0.000 0.000 0.083 0.583 1.000 0.556 0.750 0.750 0.917 0.667 0.556 0.750 0.250 0.083 0.333 0.222 0.500 0.917 1.000 0.889 0.778 0.917 0.500 0.083 0.000 0.533 0.238 ⸗
0.150 0.400 0.550 0.800 0.950 0.800 0.960 0.950 0.640 0.400 0.542 0.433 0.250 0.133 0.167 0.300 0.640 0.650 0.880 0.950 0.800 0.800 0.450 0.520 0.300 0.591 0.250 ⸗
0.000 0.080 0.600 0.960 1.000 0.000 0.200 1.000 1.000 0.600 0.000 0.500 1.000 0.667 0.042 0.100 0.840 0.900 0.120 0.000 0.750 0.840 0.300 0.000 0.000 0.591 0.256 '
0.100 0.400 0.600 0.760 1.000 0.850 1.000 0.840 0.560 0.350 0.250 0.233 0.033 0.133 0.125 0.300 0.560 0.680 0.960 0.950 0.950 1.000 0.720 0.520 0.450 0.568 0.222 ⸗
0.000 0.000 0.300 0.960 0.900 0.000 0.080 0.750 1.000 0.850 0.042 0.667 1.000 0.800 0.125 0.500 1.000 0.950 0.240 0.000 0.850 0.880 0.300 0.000 0.000 0.591 0.278 ,
0.000 0.000 0.133 0.600 0.760 0.320 0.867 0.933 0.867 0.760 0.280 0.433 0.400 0.500 0.400 0.160 0.300 0.800 1.000 0.960 0.880 0.767 0.667 0.367 0.120 0.520 0.325 ⸗
0.000 0.083 0.694 0.944 0.778 0.000 0.333 1.000 1.000 0.952 0.262 0.833 0.976 1.000 0.571 0.714 0.976 0.952 0.738 0.024 0.833 0.972 0.861 0.167 0.000 0.552 0.345 ,
0.660 0.500 0.800 0.550 0.560 0.640 0.560 0.900 0.450 0.870 0.564 0.182 0.436 0.145 0.436 0.430 0.770 0.520 0.640 0.070 0.250 1.000 1.000 0.570 0.000 0.511 0.420 ש
0.600 0.480 0.745 0.630 0.550 0.673 0.918 0.926 0.555 0.945 0.530 0.670 0.518 0.310 0.520 0.436 0.882 0.380 0.709 0.082 0.340 0.990 1.000 0.520 0.000 0.510 0.440 ש
0.738 0.650 0.188 0.750 0.463 0.432 0.739 0.602 0.432 0.864 0.375 0.450 0.000 0.000 0.762 0.295 0.727 0.341 0.466 0.705 0.213 1.000 0.962 0.913 0.275 0.583 0.440 ט
0.812 0.750 0.400 0.913 0.250 0.225 0.762 0.550 0.688 0.775 0.275 0.387 0.000 0.000 0.962 0.613 0.062 0.412 0.438 0.762 0.738 0.375 0.850 0.900 0.663 0.565 0.517 מ
0.540 0.310 0.650 0.460 0.540 0.464 0.364 0.827 0.273 0.845 0.400 0.110 0.410 0.100 0.410 0.345 0.491 0.318 0.582 0.082 0.250 0.950 0.980 0.440 0.000 0.521 0.539 ש
0.663 0.456 0.262 0.556 0.162 0.087 0.178 0.475 0.556 0.775 0.200 0.300 0.000 0.044 0.688 0.400 0.044 0.213 0.244 0.650 0.637 0.322 0.863 0.811 0.812 0.587 0.548 מ
0.600 0.520 0.664 0.540 0.370 0.645 0.600 0.843 0.482 0.945 0.510 0.370 0.409 0.370 0.510 0.545 0.827 0.347 0.691 0.045 0.430 1.000 0.991 0.430 0.000 0.510 0.565 ש
0.400 0.778 0.656 0.700 0.400 0.225 0.978 0.733 0.622 0.850 0.387 0.611 0.011 0.000 0.675 0.375 0.756 0.244 0.356 0.850 0.287 0.989 1.000 1.000 0.988 0.576 0.561 ם
0.756 0.544 0.233 0.556 0.144 0.467 0.989 0.889 0.922 0.811 0.244 0.578 0.011 0.089 0.878 0.667 0.311 0.356 0.389 0.911 0.889 0.600 0.944 0.967 0.811 0.590 0.342 מ
0.273 0.687 0.300 0.616 0.525 0.152 0.798 0.573 0.818 0.859 0.061 0.384 0.691 0.859 0.384 0.030 0.192 0.818 0.939 0.283 0.202 0.970 0.945 0.636 0.030 0.588 0.349 ע
0.633 0.611 0.533 0.600 0.422 0.414 0.737 0.737 0.970 0.677 0.212 0.212 0.000 0.677 0.444 0.798 0.333 0.000 0.667 0.515 0.933 0.256 0.000 0.733 0.456 0.582 0.516 ה
0.656 0.720 0.370 0.640 0.167 0.844 1.000 0.990 1.000 0.867 0.867 1.000 0.970 0.990 0.978 0.733 1.000 1.000 1.000 0.944 0.656 0.770 0.970 0.950 0.844 0.560 0.442 מ
0.211 0.940 0.844 0.850 0.433 0.144 0.580 0.422 0.370 0.744 0.000 0.473 0.000 0.000 0.556 0.000 0.610 0.189 0.290 0.678 0.000 0.380 0.889 0.870 0.267 0.543 0.553 ס
0.000 0.000 0.200 0.700 0.950 0.000 0.050 0.700 1.000 0.900 0.042 0.583 1.000 0.958 0.458 0.500 1.000 0.950 0.450 0.000 0.850 0.900 0.350 0.000 0.000 0.636 0.265 ,
0.000 0.000 0.200 0.900 1.000 0.000 0.000 0.680 1.000 0.900 0.042 0.458 0.967 0.833 0.375 0.400 1.000 0.760 0.200 0.000 0.950 0.950 0.160 0.000 0.000 0.614 0.278 ,
0.725 0.338 0.356 0.837 0.637 0.525 0.913 0.467 0.950 0.637 0.450 0.650 0.722 0.887 0.062 0.837 0.550 0.356 0.962 0.550 0.750 0.962 0.178 0.412 0.900 0.598 0.393 א
0.864 0.364 0.273 0.717 0.545 0.614 0.919 0.386 0.889 0.830 0.458 0.843 0.927 0.963 0.146 0.920 0.646 0.364 0.949 0.625 0.636 0.949 0.193 0.343 0.932 0.635 0.477 א
0.000 0.500 0.938 0.562 0.062 0.250 0.938 1.000 1.000 0.562 0.875 1.000 0.875 0.875 1.000 0.688 1.000 1.000 1.000 0.938 0.062 0.562 1.000 1.000 0.500 0.600 0.217 .
0.871 0.571 0.529 0.643 0.371 0.800 0.871 0.686 0.700 0.957 0.662 0.065 0.000 0.000 0.831 0.714 0.214 0.157 0.300 0.914 0.586 0.871 0.843 0.914 0.957 0.628 0.435 ם
0.700 0.600 0.417 0.233 0.000 0.933 1.000 1.000 0.967 0.300 0.267 0.367 0.611 1.000 0.800 0.000 0.000 0.500 1.000 0.500 0.000 0.133 0.944 0.600 0.067 0.633 0.303 י
0.788 0.637 0.700 0.675 0.125 0.325 0.700 1.000 1.000 0.438 0.000 0.659 0.864 0.545 0.523 0.087 0.438 0.775 0.600 0.775 0.887 1.000 1.000 1.000 1.000 0.617 0.431 ב
0.800 0.656 0.262 0.644 0.387 0.700 1.000 0.938 0.944 0.925 0.788 0.944 0.525 0.289 0.938 0.750 0.989 0.850 0.767 0.762 0.637 0.933 0.938 0.867 0.237 0.620 0.505 ט
0.837 0.678 0.611 0.600 0.237 0.637 0.856 0.833 0.922 0.738 0.000 0.000 0.000 0.267 0.800 0.000 0.000 0.000 0.289 0.962 0.000 0.000 0.000 0.489 0.863 0.610 0.455 ר
0.630 0.620 0.308 0.787 0.500 0.620 1.000 0.908 1.000 0.935 0.861 1.000 1.000 1.000 0.398 0.778 1.000 0.667 0.991 0.769 0.593 0.694 0.258 0.694 0.935 0.625 0.496 א
0.863 0.700 0.700 0.675 0.300 0.557 0.682 0.670 0.693 0.852 0.000 0.000 0.000 0.000 0.852 0.000 0.000 0.000 0.000 0.784 0.000 0.000 0.000 0.000 0.800 0.633 0.450 ר
0.575 0.733 0.600 0.589 0.363 0.227 0.818 0.500 0.535 0.852 0.213 0.567 0.412 0.278 0.725 0.386 0.667 0.045 0.030 0.659 0.925 0.900 0.038 0.000 0.600 0.604 0.410 תּ
0.871 0.771 0.757 0.771 0.271 0.386 0.529 0.300 0.400 0.757 0.545 0.156 0.000 0.000 0.766 0.614 0.514 0.229 0.529 0.829 0.157 0.843 0.829 0.886 0.271 0.628 0.511 ס
0.048 0.833 0.643 0.429 0.143 0.262 0.952 0.952 1.000 0.738 0.312 0.604 0.562 0.917 1.000 0.000 0.000 0.000 0.548 0.929 0.000 0.000 0.262 0.952 0.476 0.594 0.311 י
0.847 0.833 0.736 0.764 0.583 0.653 0.736 0.514 0.528 0.875 0.792 0.153 0.000 0.000 0.653 0.750 0.306 0.250 0.278 0.736 0.750 0.931 0.972 0.917 0.972 0.600 0.385 ם
0.800 0.850 0.600 0.350 0.100 1.000 1.000 1.000 1.000 0.750 0.292 0.542 0.583 0.833 1.000 0.000 0.000 0.100 0.800 0.950 0.000 0.000 0.550 1.000 0.650 0.636 0.373 י
0.512 0.863 0.700 0.688 0.363 0.500 1.000 1.000 0.989 0.932 0.688 1.000 1.000 0.788 1.000 0.693 1.000 0.943 0.955 0.955 0.837 0.975 0.938 0.913 0.562 0.625 0.505 פ
0.850 0.900 0.480 0.350 0.100 0.750 1.000 0.933 1.000 0.833 0.050 0.250 0.800 1.000 0.950 0.000 0.000 0.500 1.000 0.833 0.000 0.000 0.680 0.900 0.300 0.630 0.390 י
0.613 0.938 0.944 0.900 0.400 0.225 0.500 0.500 0.750 0.663 0.000 0.000 0.000 0.488 0.575 0.312 0.412 0.333 0.738 0.625 0.900 0.988 1.000 1.000 0.925 0.598 0.474 בֿ
0.958 1.000 0.875 0.875 0.250 0.667 1.000 1.000 1.000 0.875 0.083 0.792 0.667 1.000 0.875 0.000 0.125 0.000 0.625 0.875 0.000 0.000 0.042 0.833 0.708 0.615 0.265 י
0.886 0.747 0.455 0.657 0.557 0.943 1.000 0.886 0.758 0.989 0.635 0.815 0.365 0.583 0.948 0.591 0.990 0.773 0.939 0.739 0.511 0.879 0.670 0.707 0.170 0.635 0.460 ט
0.635 0.375 0.472 0.431 0.397 0.686 0.512 0.400 0.262 0.657 0.643 0.038 0.000 0.000 0.457 0.657 0.125 0.038 0.075 0.614 0.762 0.528 0.806 0.889 0.921 0.614 0.512 ם
0.457 0.287 0.287 0.637 0.443 0.329 0.600 0.325 0.287 0.786 0.343 0.587 0.387 0.000 0.571 0.286 0.400 0.175 0.162 0.686 0.657 0.788 0.825 0.875 0.643 0.630 0.529 פ
0.635 0.722 0.175 0.681 0.317 0.443 0.287 0.357 0.312 0.343 0.586 0.075 0.000 0.000 0.243 0.543 0.338 0.157 0.125 0.257 0.587 0.917 0.667 0.778 0.270 0.625 0.537 ט
0.614 0.871 0.829 0.871 0.886 0.273 0.429 0.442 0.481 0.818 0.357 0.243 0.000 0.357 0.700 0.935 0.260 0.000 0.286 0.857 0.886 0.200 0.000 0.286 0.671 0.635 0.539 ה
0.762 0.488 0.144 0.575 0.350 0.591 0.614 0.525 0.523 0.841 0.637 0.250 0.056 0.000 0.637 0.602 0.511 0.232 0.261 0.682 0.538 0.887 0.822 0.875 0.375 0.615 0.539 ט
0.886 0.629 0.714 0.629 0.257 0.675 0.575 0.500 0.575 0.925 0.875 0.800 0.050 0.025 0.750 0.400 0.325 0.000 0.225 0.825 0.886 0.943 0.800 0.971 0.743 0.632 0.540 פ
0.784 0.670 0.170 0.795 0.557 0.583 0.792 0.677 0.500 0.927 0.521 0.500 0.010 0.021 0.865 0.312 0.896 0.688 0.750 0.646 0.443 0.716 0.568 0.534 0.091 0.630 0.540 ט
0.587 0.511 0.188 0.611 0.125 0.341 0.616 0.307 0.242 0.307 0.225 0.356 0.000 0.000 0.400 0.432 0.081 0.182 0.051 0.284 0.575 0.311 0.800 0.578 0.675 0.604 0.545 מ
0.514 0.887 0.825 0.788 0.443 0.314 0.425 0.463 0.463 0.829 0.657 0.850 0.363 0.000 0.629 0.400 0.613 0.512 0.312 0.757 0.743 0.938 0.975 0.988 0.629 0.630 0.548 פ
0.675 0.478 0.188 0.644 0.150 0.307 0.848 0.466 0.616 0.784 0.239 0.495 0.000 0.000 0.284 0.614 0.192 0.000 0.020 0.125 0.788 0.211 0.300 0.433 0.663 0.612 0.551 מ
0.808 0.626 0.391 0.677 0.141 0.606 0.960 0.964 1.000 0.778 0.231 0.704 0.200 0.222 0.954 0.616 0.444 0.355 0.424 0.970 0.889 0.737 0.991 1.000 0.768 0.596 0.547 מ
0.636 0.626 0.444 0.737 0.444 0.556 1.000 1.000 1.000 0.815 0.424 0.980 1.000 1.000 0.293 0.806 1.000 0.981 1.000 0.639 0.798 0.960 0.444 0.505 0.939 0.613 0.525 א
0.404 0.778 0.355 0.768 0.566 0.313 1.000 0.773 1.000 0.899 0.324 0.954 1.000 1.000 0.370 0.616 1.000 0.827 0.960 0.778 0.455 0.889 0.336 0.374 0.929 0.596 0.515 א
0.543 0.629 0.600 0.586 0.200 0.506 0.610 0.455 0.779 0.727 0.600 0.586 0.343 0.714 0.971 0.273 0.247 0.156 0.442 0.922 0.657 1.000 1.000 1.000 0.557 0.635 0.552 פּ
0.738 0.450 0.213 0.550 0.050 0.443 0.898 0.534 0.750 0.625 0.205 0.420 0.000 0.034 0.750 0.500 0.114 0.307 0.330 0.716 0.725 0.375 0.900 0.837 0.688 0.592 0.557 מ
0.500 0.412 0.500 0.538 0.475 0.275 0.387 0.589 0.500 0.688 0.213 0.500 0.033 0.213 0.663 0.637 0.438 0.000 0.213 0.800 0.837 0.488 0.000 0.312 0.775 0.630 0.562 ה
0.562 0.511 0.162 0.656 0.488 0.420 0.808 0.216 0.404 0.580 0.000 0.717 0.307 0.253 0.205 0.057 0.293 0.409 0.566 0.045 0.512 0.944 0.762 0.478 0.000 0.612 0.563 ע
0.833 0.524 0.531 0.405 0.214 0.738 0.714 0.592 0.738 0.833 0.690 0.048 0.000 0.000 0.738 0.762 0.381 0.245 0.238 0.905 0.881 1.000 1.000 0.952 0.929 0.614 0.565 ם
0.182 0.557 0.466 0.330 0.557 0.170 0.659 0.739 0.409 0.716 0.000 0.011 0.011 0.000 0.330 0.000 0.000 0.000 0.273 0.273 0.000 0.000 0.330 0.375 0.000 0.636 0.567 ל
0.350 0.825 0.475 0.663 0.338 0.062 0.812 0.412 0.400 0.837 0.038 0.837 0.000 0.000 0.637 0.412 0.962 0.175 0.000 0.762 0.900 0.975 0.338 0.013 0.700 0.600 0.568 ת
0.550 0.467 0.075 0.500 0.350 0.352 0.646 0.705 0.475 0.670 0.386 0.333 0.034 0.000 0.489 0.330 0.374 0.284 0.394 0.523 0.300 0.811 0.775 0.756 0.162 0.612 0.570 ט
0.363 0.811 0.611 0.633 0.387 0.125 0.737 0.525 0.354 0.659 0.102 0.636 0.333 0.303 0.625 0.443 0.818 0.071 0.030 0.625 0.837 0.956 0.122 0.000 0.712 0.602 0.570 תּ
0.650 0.350 0.062 0.500 0.338 0.477 0.227 0.489 0.398 0.670 0.438 0.112 0.075 0.000 0.600 0.545 0.205 0.114 0.205 0.580 0.350 0.712 0.725 0.863 0.200 0.625 0.571 ט
0.886 0.786 0.729 0.700 0.729 0.130 0.208 0.156 0.610 0.403 0.000 0.000 0.000 0.714 0.286 0.000 0.000 0.000 0.857 0.338 0.000 0.000 0.000 0.814 0.200 0.635 0.578 ד
0.338 0.725 0.587 0.587 0.262 0.262 0.837 0.637 0.663 0.788 0.112 0.562 0.000 0.000 0.750 0.312 0.788 0.000 0.000 0.825 0.913 0.988 0.075 0.000 0.812 0.600 0.581 ת
0.771 0.536 0.107 0.679 0.458 0.729 0.911 0.625 0.750 0.917 0.271 0.554 0.125 0.000 0.521 0.250 0.625 0.018 0.036 0.646 0.229 0.982 0.893 0.875 0.438 0.597 0.581 ט
0.812 0.536 0.268 0.714 0.229 0.562 0.857 0.643 0.643 0.729 0.042 0.536 0.036 0.000 0.521 0.333 0.357 0.214 0.304 0.646 0.375 0.250 0.625 0.804 0.771 0.597 0.581 מ
0.850 0.578 0.075 0.667 0.363 0.682 0.657 0.500 0.576 0.807 0.648 0.222 0.045 0.000 0.625 0.636 0.596 0.364 0.535 0.489 0.538 0.944 0.812 0.778 0.087 0.612 0.583 ט
0.725 0.656 0.600 0.511 0.100 0.500 0.833 1.000 1.000 0.463 0.000 0.633 1.000 1.000 0.475 0.287 0.856 1.000 1.000 0.613 0.975 1.000 1.000 1.000 0.938 0.620 0.575 ב
0.750 0.450 0.567 0.488 0.112 0.575 0.938 1.000 1.000 0.587 0.000 0.600 1.000 1.000 0.550 0.237 0.512 0.889 1.000 0.475 0.863 1.000 1.000 1.000 0.900 0.630 0.575 ב
0.800 0.644 0.600 0.522 0.100 0.488 0.778 0.900 1.000 0.538 0.000 0.522 1.000 1.000 0.412 0.275 0.667 1.000 1.000 0.575 0.962 0.978 1.000 0.989 0.887 0.620 0.568 ב
0.000 0.125 0.750 0.375 0.000 0.204 0.759 0.968 0.963 0.407 0.938 1.000 0.982 0.875 0.875 0.519 0.963 1.000 0.889 0.593 0.000 0.354 0.946 0.688 0.062 0.645 0.302 .
0.000 0.056 0.611 1.000 0.944 0.000 0.389 1.000 1.000 0.611 0.333 0.905 0.952 0.524 0.048 0.944 0.778 0.278 0.000 0.000 0.500 0.056 0.000 0.000 0.000 0.722 0.310 ,
0.000 0.000 0.533 0.867 0.867 0.000 0.389 1.000 0.889 1.000 0.000 0.889 1.000 1.000 0.444 0.111 1.000 0.944 0.333 0.000 0.533 1.000 0.400 0.000 0.000 0.688 0.381 ,
0.000 0.250 0.800 0.900 0.800 0.067 0.700 1.000 1.000 0.733 0.500 0.958 1.000 0.667 0.056 0.800 1.000 0.800 0.100 0.000 0.667 0.950 0.400 0.000 0.000 0.705 0.188 ,
0.083 0.583 0.938 0.833 0.250 0.733 1.000 0.950 1.000 0.800 1.000 1.000 0.875 0.833 1.000 0.733 1.000 1.000 1.000 0.933 0.083 0.667 1.000 0.917 0.333 0.667 0.196 .
0.333 0.688 0.062 0.125 0.083 0.833 1.000 1.000 1.000 0.917 0.417 0.688 0.750 0.938 1.000 0.000 0.000 0.000 0.500 1.000 0.000 0.000 0.000 0.625 0.917 0.650 0.317 י
0.333 0.458 0.467 0.542 0.333 0.143 0.429 0.343 0.500 0.929 0.083 0.167 0.033 0.208 0.833 0.000 0.000 0.000 0.036 0.714 0.000 0.000 0.067 0.458 0.625 0.696 0.341 י
0.429 0.750 0.321 0.464 0.143 0.750 0.893 0.786 1.000 0.857 0.179 0.643 0.500 0.750 1.000 0.000 0.000 0.000 0.179 1.000 0.000 0.000 0.250 0.750 0.500 0.677 0.378 י
0.533 0.800 0.133 0.133 0.067 0.389 1.000 0.667 0.944 0.889 0.000 0.600 0.333 0.733 1.000 0.000 0.000 0.000 0.389 0.944 0.000 0.000 0.133 0.933 0.333 0.674 0.365 י
0.543 0.943 0.600 0.571 0.114 0.943 0.971 1.000 1.000 0.800 0.514 0.943 0.914 0.857 0.943 0.000 0.057 0.714 0.971 0.914 0.000 0.114 0.971 0.829 0.286 0.643 0.385 י
0.417 0.933 0.967 0.800 0.500 0.786 1.000 1.000 1.000 1.000 0.214 0.514 0.914 1.000 1.000 0.000 0.000 0.371 1.000 0.929 0.000 0.033 0.733 0.833 0.208 0.672 0.284 י
0.593 0.889 0.972 0.815 0.519 0.167 0.467 0.700 0.633 0.400 0.000 0.000 0.000 0.000 0.000 0.233 0.467 0.650 0.567 0.467 0.519 0.852 1.000 1.000 0.926 0.860 0.350 :
0.650 0.750 0.200 0.200 0.050 1.000 1.000 1.000 1.000 0.583 0.375 0.667 0.600 0.833 0.875 0.000 0.000 0.033 0.708 0.917 0.000 0.000 0.400 0.950 0.400 0.646 0.387 י
0.679 0.607 0.321 0.321 0.107 1.000 0.893 0.750 0.964 0.679 0.312 0.562 0.469 0.750 1.000 0.000 0.000 0.000 0.429 0.857 0.000 0.143 0.643 0.821 0.286 0.688 0.381 י
0.714 0.607 0.200 0.393 0.071 0.964 1.000 0.629 0.643 0.393 0.357 0.714 0.429 0.464 0.714 0.000 0.000 0.000 0.143 0.857 0.000 0.000 0.286 0.750 0.679 0.726 0.383 י
0.743 0.657 0.429 0.400 0.143 0.800 1.000 1.000 1.000 0.857 0.371 0.714 0.800 1.000 1.000 0.000 0.000 0.257 1.000 1.000 0.000 0.057 0.686 0.971 0.514 0.661 0.284 י
0.750 0.633 0.500 0.467 0.167 0.667 0.867 0.733 0.600 0.708 0.125 0.367 0.300 0.367 0.708 0.000 0.000 0.000 0.367 0.917 0.000 0.000 0.500 0.733 0.083 0.683 0.349 י
0.792 0.667 0.417 0.600 0.208 0.833 0.933 0.875 1.000 0.833 0.083 0.233 0.083 0.667 0.917 0.000 0.000 0.000 0.367 1.000 0.000 0.033 0.625 0.767 0.292 0.700 0.345 י
0.917 0.833 0.667 0.533 0.000 0.917 1.000 0.958 0.733 0.417 0.208 0.367 0.333 0.733 0.583 0.000 0.000 0.000 0.100 0.833 0.000 0.000 0.000 0.467 0.667 0.654 0.265 י
0.958 0.167 0.542 0.333 0.042 0.964 0.786 0.929 0.929 0.643 0.179 0.107 0.464 0.750 0.786 0.000 0.000 0.000 0.464 0.607 0.000 0.000 0.458 0.792 0.083 0.655 0.296 י
1.000 0.767 0.625 0.767 0.542 0.792 0.733 0.333 0.800 0.917 0.071 0.257 0.286 0.629 1.000 0.000 0.000 0.000 0.400 1.000 0.000 0.000 0.292 0.867 0.583 0.667 0.321 י
0.836 0.764 0.636 0.636 0.400 0.582 0.836 1.000 0.982 0.727 0.000 0.691 1.000 0.509 0.000 0.000 0.655 1.000 0.800 0.055 0.073 0.873 0.945 0.509 0.000 0.794 0.349 ז
0.000 0.600 0.300 0.500 0.180 0.000 0.200 0.000 0.283 0.320 0.000 0.000 0.000 0.591 0.436 0.080 0.150 0.067 0.550 0.800 0.800 0.883 0.933 0.950 0.820 0.745 0.547 נ
0.020 0.650 0.400 0.600 0.380 0.000 0.133 0.300 0.683 0.600 0.000 0.000 0.000 0.439 0.309 0.040 0.033 0.040 0.383 0.800 0.740 0.800 0.840 0.983 1.000 0.755 0.540 נ
0.250 0.833 0.786 0.867 0.267 0.000 0.133 0.343 0.950 0.217 0.000 0.000 0.000 0.833 0.233 0.217 0.383 0.514 0.833 0.867 0.833 0.983 0.571 0.333 1.000 0.707 0.548 ג
0.829 0.476 0.452 0.548 0.400 0.625 0.667 0.375 0.479 0.775 0.775 0.792 0.250 0.479 0.350 0.400 0.375 0.229 0.271 0.550 0.914 1.000 0.952 0.976 0.943 0.647 0.548 פּ
0.806 0.917 0.733 0.750 0.667 0.167 0.417 0.378 0.667 1.000 0.000 0.000 0.000 0.500 1.000 0.000 0.000 0.000 0.528 1.000 0.000 0.000 0.000 0.611 1.000 0.811 0.517 ו
0.693 0.500 0.374 0.864 0.659 0.602 0.920 0.384 0.716 0.795 0.091 0.852 0.455 0.614 0.182 0.136 0.534 0.889 1.000 0.216 0.784 1.000 0.909 0.489 0.011 0.637 0.468 ע
0.671 0.500 0.625 0.686 0.329 0.329 0.357 0.387 0.614 0.757 0.486 0.043 0.000 0.000 0.457 0.629 0.114 0.000 0.014 0.529 0.300 0.743 0.725 0.800 0.414 0.652 0.541 ס
0.160 0.450 0.717 0.650 0.520 0.000 0.100 0.517 0.767 0.960 0.000 0.000 0.000 0.233 0.960 0.000 0.000 0.000 0.267 0.940 0.000 0.000 0.000 0.333 0.720 0.739 0.535 ו
0.792 0.600 0.375 0.400 0.167 0.917 0.900 0.583 0.667 0.958 0.375 0.500 0.333 0.867 0.917 0.000 0.000 0.000 0.333 1.000 0.000 0.033 0.375 0.533 0.167 0.700 0.390 י
0.784 0.636 0.596 0.568 0.648 0.455 0.625 0.586 0.670 0.807 0.307 0.545 0.020 0.364 0.693 0.818 0.420 0.000 0.375 0.898 0.909 0.466 0.000 0.409 0.773 0.637 0.468 ה
0.030 0.545 0.970 0.909 0.545 0.000 0.121 0.364 0.333 0.061 0.389 0.806 0.944 0.806 0.389 0.000 0.091 0.758 1.000 0.909 0.333 0.727 0.970 0.848 0.242 0.856 0.464 ;
0.100 0.733 0.733 0.800 0.440 0.000 0.364 0.561 0.818 0.636 0.000 0.000 0.000 0.606 0.455 0.145 0.273 0.212 0.636 0.836 0.840 0.983 0.983 0.983 0.920 0.755 0.450 נ
0.571 0.625 0.443 0.625 0.243 0.571 0.716 0.442 0.670 0.805 0.757 0.738 0.214 0.000 0.529 0.468 0.330 0.247 0.227 0.792 0.814 0.975 0.971 0.988 0.671 0.656 0.462 פ
0.781 0.713 0.729 0.667 0.156 0.250 0.537 0.479 0.741 0.385 0.000 0.556 0.656 0.454 0.375 0.417 0.620 0.667 0.787 0.823 0.490 0.500 0.490 0.454 0.292 0.661 0.491 ב
0.629 0.712 0.587 0.675 0.329 0.532 0.875 0.489 0.636 0.870 0.714 0.807 0.818 0.875 0.935 0.494 0.511 0.466 0.693 0.935 0.757 0.863 0.837 0.913 0.600 0.653 0.426 פּ
0.857 0.558 0.156 0.857 0.571 0.584 0.805 0.234 0.610 0.571 0.000 0.169 0.584 0.442 0.000 0.026 0.221 0.429 0.727 0.597 0.481 0.844 0.883 0.883 0.779 0.657 0.443 צ
0.140 0.817 0.633 0.533 0.060 0.000 0.117 0.433 0.667 0.060 0.000 0.000 0.000 0.667 0.236 0.060 0.017 0.033 0.483 0.640 0.780 0.667 0.600 0.850 0.980 0.745 0.416 נ
0.000 0.733 0.943 0.867 0.300 0.000 0.200 0.571 1.000 0.500 0.000 0.000 0.104 0.894 0.500 0.200 0.517 0.614 0.950 0.933 0.717 1.000 1.000 1.000 0.950 0.713 0.416 נ
0.760 0.417 0.435 0.719 0.656 0.208 0.781 0.556 0.896 0.490 0.406 0.188 0.306 0.542 0.198 0.250 0.375 0.102 0.292 0.719 0.094 0.458 0.352 0.427 0.240 0.692 0.522 אַ
0.725 0.900 0.625 0.900 0.775 0.100 0.200 0.200 0.800 0.675 0.000 0.550 0.825 0.575 0.125 0.000 0.450 0.775 0.700 0.075 0.000 0.500 0.925 0.350 0.000 0.800 0.435 ?
0.739 0.693 0.591 0.602 0.602 0.500 0.693 0.625 0.841 0.864 0.000 0.000 0.000 0.682 0.557 0.000 0.000 0.000 0.727 0.784 0.000 0.000 0.000 0.773 0.693 0.647 0.495 ד
0.400 0.800 0.600 0.500 0.050 0.167 0.633 0.900 0.967 0.183 0.000 0.000 0.214 0.917 0.133 0.250 0.333 0.500 0.933 0.850 0.867 0.933 0.543 0.433 0.950 0.730 0.427 ג
0.386 0.909 0.523 0.455 0.182 0.500 0.727 0.818 1.000 0.909 0.000 0.000 0.000 0.977 0.682 0.000 0.000 0.000 1.000 0.568 0.000 0.000 0.023 0.977 0.477 0.804 0.500 ו
0.091 0.636 0.848 0.909 0.788 0.000 0.545 1.000 1.000 0.848 0.000 0.000 0.879 0.909 0.000 0.030 0.333 0.667 0.515 0.091 0.424 0.727 1.000 0.970 0.576 0.864 0.509 !
0.814 0.875 0.757 0.663 0.229 0.500 0.850 0.900 0.975 0.829 0.000 0.000 0.000 0.162 0.943 0.314 0.463 0.486 0.650 0.829 0.829 0.887 1.000 0.875 0.314 0.670 0.442 כ
0.887 0.613 0.600 0.650 0.613 0.512 0.600 0.625 0.962 0.663 0.000 0.000 0.000 0.850 0.350 0.000 0.000 0.000 0.875 0.438 0.000 0.000 0.000 0.863 0.387 0.640 0.459 ד
0.656 0.574 0.260 0.843 0.719 0.202 0.393 0.673 0.692 0.346 0.433 0.120 0.308 0.812 0.337 0.375 0.744 0.202 0.171 0.702 0.031 0.444 0.344 0.454 0.354 0.678 0.546 אַ
0.810 0.857 0.679 0.571 0.476 0.500 0.781 0.969 0.938 0.750 0.000 0.188 0.938 0.562 0.000 0.000 0.250 1.000 0.750 0.000 0.000 0.321 1.000 0.786 0.095 0.794 0.548 ז
0.733 0.600 0.267 0.400 0.067 0.833 0.944 1.000 1.000 0.778 0.000 0.200 0.200 1.000 1.000 0.000 0.000 0.111 1.000 1.000 0.000 0.000 0.867 1.000 0.467 0.674 0.390 י
0.814 0.775 0.600 0.562 0.200 0.557 0.750 0.750 0.900 0.957 0.000 0.213 0.900 0.562 0.986 0.229 0.300 0.412 0.575 0.986 0.857 0.950 0.988 0.913 0.414 0.660 0.467 כּ
0.837 0.525 0.587 0.562 0.562 0.613 0.850 0.675 0.700 0.925 0.675 0.250 0.000 0.363 0.675 0.750 0.325 0.000 0.325 0.887 0.900 0.387 0.000 0.387 0.887 0.640 0.446 ח
0.774 0.726 0.688 0.810 0.714 0.976 0.857 0.906 1.000 0.845 0.187 0.264 0.250 0.516 1.000 0.000 0.000 0.229 0.619 0.417 0.000 0.226 0.969 0.202 0.000 0.719 0.523 ל
0.733 0.800 0.600 0.600 0.333 0.722 0.944 1.000 1.000 1.000 0.067 0.400 0.400 0.867 1.000 0.000 0.000 0.000 0.778 1.000 0.000 0.000 0.400 1.000 0.467 0.674 0.390 י
0.650 0.950 0.560 0.400 0.200 0.958 0.958 1.000 1.000 0.917 0.250 0.458 0.300 0.708 1.000 0.000 0.000 0.133 0.792 0.750 0.000 0.000 0.520 0.850 0.250 0.646 0.407 י
0.350 0.950 0.400 0.200 0.150 0.700 1.000 0.960 0.850 0.950 0.200 0.600 0.360 0.350 0.950 0.000 0.000 0.000 0.400 0.950 0.000 0.000 0.320 0.950 0.650 0.660 0.397 י
0.606 0.419 0.317 0.872 0.769 0.144 0.949 0.885 0.932 0.298 0.625 0.692 0.615 0.957 0.356 0.663 0.932 0.135 0.342 0.856 0.192 0.564 0.500 0.547 0.375 0.689 0.504 אַ
0.321 0.846 0.936 0.936 0.641 0.513 0.974 0.936 0.987 0.718 0.000 0.769 0.949 0.962 0.397 0.038 0.872 0.962 0.744 0.103 0.064 0.833 0.846 0.474 0.013 0.787 0.540 ?
0.786 0.637 0.688 0.663 0.214 0.818 0.966 0.818 0.898 0.818 0.896 0.841 0.625 0.977 0.987 0.597 0.750 0.523 0.818 0.935 0.900 1.000 0.938 0.913 0.543 0.653 0.490 פּ
0.000 0.200 0.600 0.850 0.867 0.111 0.750 1.000 1.000 1.000 0.278 0.917 1.000 0.917 0.333 0.778 1.000 0.889 0.333 0.000 0.933 0.750 0.200 0.000 0.000 0.729 0.407 ,
0.457 0.729 0.557 0.571 0.271 0.416 1.000 1.000 1.000 0.922 0.636 1.000 1.000 1.000 1.000 0.558 1.000 1.000 1.000 1.000 0.771 1.000 1.000 1.000 0.757 0.643 0.480 פּ
0.686 0.686 0.571 0.529 0.171 0.636 0.987 0.766 0.792 0.870 0.636 0.766 0.052 0.026 0.831 0.701 0.740 0.714 0.377 0.831 0.271 0.900 0.986 0.914 0.371 0.643 0.495 ס
0.000 0.733 0.567 0.500 0.260 0.000 0.250 0.300 0.767 0.480 0.000 0.000 0.000 0.333 0.382 0.120 0.217 0.283 0.617 0.920 0.680 0.917 0.433 0.033 0.660 0.745 0.560 ג
0.000 0.567 0.883 0.733 0.500 0.000 0.183 0.383 0.600 0.740 0.000 0.000 0.000 0.450 0.600 0.040 0.083 0.033 0.333 0.860 0.700 0.933 0.850 0.700 0.720 0.739 0.561 נ
0.857 0.714 0.512 0.457 0.157 0.390 0.558 0.500 0.597 0.753 0.000 0.000 0.000 0.000 0.727 0.221 0.260 0.284 0.351 0.818 0.914 0.900 0.788 0.700 0.243 0.673 0.563 כ
0.675 0.920 0.720 0.680 0.425 0.295 0.509 0.600 0.782 1.000 0.000 0.000 0.000 0.618 0.818 0.000 0.000 0.000 0.673 0.773 0.000 0.000 0.000 0.760 0.700 0.806 0.563 ו
0.925 0.775 0.460 0.650 0.500 0.455 0.523 0.400 0.773 0.977 0.000 0.000 0.000 0.614 0.955 0.000 0.000 0.036 0.795 0.773 0.000 0.000 0.260 1.000 0.825 0.827 0.570 ו
0.925 0.575 0.550 0.450 0.475 0.159 0.273 0.500 0.659 0.932 0.000 0.000 0.000 0.400 0.975 0.000 0.000 0.000 0.455 1.000 0.000 0.000 0.000 0.750 0.975 0.833 0.571 ו
0.250 0.914 0.750 0.657 0.250 0.094 0.550 0.594 0.800 0.594 0.000 0.000 0.000 0.600 0.500 0.031 0.125 0.188 0.650 0.781 0.750 1.000 1.000 1.000 1.000 0.735 0.576 נ
0.871 0.643 0.543 0.614 0.400 0.300 0.429 0.457 0.614 0.929 0.000 0.000 0.000 0.000 0.786 0.000 0.000 0.000 0.000 0.943 0.000 0.000 0.000 0.143 0.886 0.650 0.581 ר
0.829 0.587 0.457 0.538 0.214 0.610 0.693 0.429 0.659 0.805 0.753 0.114 0.000 0.023 0.779 0.844 0.341 0.117 0.227 0.675 0.386 0.913 0.914 0.750 0.357 0.663 0.583 ס
0.370 0.583 0.861 0.778 0.296 0.407 0.694 0.889 0.694 0.370 0.000 0.000 0.000 0.000 0.000 0.370 0.667 0.833 0.639 0.370 0.407 0.833 1.000 0.861 0.556 0.844 0.549 :
0.300 0.637 0.257 0.262 0.214 0.314 0.363 0.086 0.250 0.557 0.532 0.489 0.143 0.000 0.506 0.314 0.450 0.186 0.138 0.600 0.771 0.738 0.700 0.875 0.600 0.649 0.553 פ
0.380 0.767 0.660 0.683 0.240 0.145 0.561 0.782 0.970 0.709 0.000 0.000 0.182 0.985 0.564 0.418 0.470 0.527 0.970 0.818 0.580 0.900 0.980 0.950 0.900 0.765 0.583 נ
0.571 0.675 0.525 0.538 0.257 0.377 0.705 0.761 0.705 0.844 0.221 0.318 0.193 0.614 0.416 0.013 0.205 0.091 0.250 0.364 0.514 0.738 0.750 0.775 0.386 0.653 0.563 פּ
0.857 0.671 0.650 0.686 0.343 0.557 0.543 0.450 0.571 0.914 0.519 0.494 0.239 0.429 0.662 0.171 0.271 0.188 0.371 0.857 0.771 0.743 0.900 0.971 0.529 0.660 0.553 פּ
0.543 0.463 0.412 0.450 0.171 0.468 0.818 0.727 0.750 0.636 0.743 0.712 0.262 0.000 0.657 0.506 0.898 0.432 0.261 0.701 0.771 1.000 1.000 0.988 0.657 0.646 0.571 פ
0.233 0.900 0.671 0.450 0.067 0.067 0.583 0.743 0.833 0.150 0.000 0.000 0.273 0.697 0.076 0.050 0.033 0.257 0.933 0.133 0.900 0.933 0.929 0.967 0.333 0.713 0.573 נ
0.514 0.725 0.500 0.550 0.314 0.400 0.663 0.613 0.412 0.871 0.740 0.636 0.330 0.568 0.948 0.429 0.250 0.175 0.338 0.929 0.743 0.913 0.762 0.938 0.671 0.638 0.560 פּ
0.743 0.850 0.775 0.762 0.371 0.558 0.830 0.693 0.727 0.909 0.805 0.898 0.341 0.273 0.961 0.779 1.000 0.670 0.830 1.000 0.886 1.000 0.988 0.962 0.600 0.653 0.551 פ
0.750 0.750 0.571 0.500 0.250 0.500 0.750 0.857 0.964 0.893 0.107 0.571 0.464 0.250 1.000 0.071 0.321 0.214 0.250 1.000 0.000 0.000 0.000 0.250 1.000 0.771 0.565 וּ
0.854 0.562 0.604 0.604 0.208 0.458 0.583 0.562 0.854 0.500 0.000 0.479 0.500 0.396 0.500 0.167 0.354 0.479 0.562 0.646 0.854 1.000 0.958 0.938 1.000 0.639 0.581 ב
0.750 0.200 0.138 0.450 0.425 0.150 0.363 0.162 0.200 0.338 0.138 0.188 0.512 0.613 0.025 0.387 0.150 0.100 0.550 0.275 0.600 0.762 0.100 0.138 0.650 0.640 0.568 א
0.000 0.318 0.795 0.955 0.568 0.000 0.000 0.250 0.295 0.068 0.333 0.542 0.562 0.625 0.188 0.000 0.068 0.614 1.000 0.500 0.182 0.500 0.773 0.614 0.136 0.846 0.571 ;
0.651 0.619 0.314 0.278 0.071 0.952 0.992 0.964 0.921 0.833 0.429 0.730 0.621 0.841 0.952 0.000 0.000 0.000 0.595 0.849 0.000 0.063 0.764 0.746 0.135 0.700 0.556 י
0.857 0.600 0.257 0.857 0.600 0.371 0.771 0.257 0.857 0.857 0.000 0.314 0.657 0.657 0.000 0.000 0.000 0.257 0.943 0.714 0.429 0.914 0.886 1.000 0.771 0.643 0.565 צ
0.750 0.740 0.150 0.420 0.425 0.159 0.200 0.386 0.436 0.386 0.000 0.109 0.841 0.491 0.000 0.000 0.127 0.909 0.673 0.068 0.000 0.340 0.925 0.560 0.050 0.816 0.583 ז
0.810 0.893 0.714 0.714 0.762 0.208 0.250 0.500 0.656 0.583 0.000 0.179 0.905 0.679 0.048 0.000 0.250 1.000 1.000 0.333 0.000 0.250 1.000 0.893 0.238 0.803 0.559 ז
0.775 0.488 0.262 0.750 0.450 0.637 0.900 0.325 0.850 0.688 0.000 0.350 0.950 0.600 0.013 0.112 0.250 0.688 0.950 0.688 0.738 0.975 0.988 0.950 0.775 0.640 0.568 צ
0.875 0.670 0.556 0.864 0.636 0.602 0.886 0.960 1.000 0.807 0.000 0.386 0.970 0.875 0.057 0.148 0.455 0.970 1.000 0.682 0.636 0.932 0.960 0.977 0.830 0.637 0.560 צ
0.975 0.640 0.100 0.520 0.525 0.325 0.380 0.550 0.660 0.500 0.000 0.345 1.000 0.491 0.000 0.000 0.300 0.975 0.620 0.025 0.000 0.400 0.975 0.560 0.050 0.809 0.573 ז
0.875 0.875 0.729 0.729 0.562 0.167 0.375 0.354 0.917 1.000 0.000 0.000 0.333 0.500 0.271 0.000 0.021 0.146 0.083 0.000 0.146 0.917 1.000 0.938 0.146 0.833 0.550 יִ
0.771 0.895 0.886 0.905 0.771 0.457 0.410 0.038 0.305 0.943 0.714 0.629 0.629 0.486 0.124 0.714 0.762 0.276 0.000 0.000 0.676 0.457 0.000 0.000 0.000 0.754 0.577 ק
0.135 0.723 0.942 0.892 0.346 0.846 0.723 0.750 0.677 0.519 0.154 0.231 0.327 0.815 0.981 0.000 0.000 0.000 0.708 1.000 0.000 0.000 0.115 0.862 0.981 0.852 0.555 וֹ
0.833 0.352 0.312 0.806 0.615 0.323 0.898 0.542 0.759 0.281 0.760 0.398 0.521 0.824 0.240 0.594 0.861 0.094 0.333 0.927 0.073 0.389 0.406 0.463 0.271 0.683 0.583 אַ
0.864 0.646 0.489 0.505 0.091 0.740 0.972 0.917 0.944 0.417 0.000 0.657 0.943 0.960 0.398 0.260 0.685 0.969 0.954 0.594 0.898 1.000 0.932 0.949 0.909 0.642 0.558 ב
0.771 0.743 0.486 0.357 0.000 0.314 0.843 0.929 0.543 0.671 0.000 0.614 0.900 0.857 0.329 0.129 0.329 0.929 1.000 0.557 0.686 0.943 0.943 0.629 0.057 0.650 0.562 ע
0.729 0.518 0.464 0.393 0.104 0.625 0.911 0.911 0.875 0.729 0.000 0.079 0.079 0.079 0.833 0.000 0.000 0.000 0.000 0.750 0.000 0.000 0.000 0.000 0.750 0.608 0.627 ר
0.841 0.939 0.886 0.859 0.875 0.443 0.626 0.614 0.879 0.795 0.000 0.000 0.000 0.852 0.469 0.000 0.000 0.000 0.889 0.591 0.000 0.000 0.011 0.869 0.432 0.635 0.584 ד
0.850 0.575 0.500 0.525 0.500 0.425 0.600 0.600 0.825 0.650 0.000 0.000 0.000 0.475 0.275 0.000 0.000 0.000 0.575 0.400 0.000 0.000 0.000 0.700 0.400 0.653 0.610 ד
0.738 0.571 0.238 0.762 0.310 0.714 0.929 1.000 0.762 0.976 0.238 0.476 0.214 0.000 0.762 0.286 0.643 0.024 0.143 0.857 0.119 1.000 1.000 0.976 0.310 0.571 0.593 ט
0.712 0.367 0.087 0.511 0.225 0.193 0.343 0.375 0.525 0.614 0.075 0.033 0.000 0.000 0.475 0.000 0.030 0.057 0.162 0.409 0.300 0.511 0.500 0.678 0.112 0.604 0.615 ט
0.556 0.367 0.633 0.378 0.356 0.556 0.394 0.889 0.404 0.778 0.404 0.051 0.343 0.101 0.323 0.475 0.596 0.111 0.545 0.030 0.356 0.789 0.667 0.444 0.000 0.541 0.620 ש
0.839 0.571 0.250 0.750 0.446 0.821 0.964 0.929 0.929 0.982 0.492 0.556 0.238 0.127 0.952 0.411 0.750 0.268 0.393 0.893 0.357 0.964 0.982 0.946 0.500 0.581 0.607 ט
0.520 0.390 0.682 0.510 0.500 0.655 0.627 0.909 0.818 0.973 0.545 0.709 0.529 0.536 0.536 0.545 0.873 0.851 0.827 0.064 0.390 0.850 0.973 0.490 0.000 0.520 0.636 ש
0.830 0.586 0.148 0.697 0.500 0.693 0.778 0.784 0.646 0.852 0.659 0.364 0.125 0.000 0.716 0.614 0.646 0.364 0.475 0.818 0.398 0.990 0.943 0.929 0.352 0.627 0.622 ט
0.189 0.833 0.378 0.578 0.600 0.278 0.856 0.511 0.389 0.778 0.000 0.533 0.700 0.256 0.411 0.067 0.356 0.756 0.700 0.244 0.444 0.989 0.900 0.544 0.033 0.590 0.602 ע
0.812 0.542 0.271 0.646 0.167 0.854 0.958 0.812 0.938 0.792 0.074 0.759 0.111 0.056 0.759 0.375 0.417 0.167 0.396 0.771 0.500 0.229 0.875 0.938 0.812 0.595 0.627 מ
0.523 0.667 0.657 0.646 0.284 0.219 0.741 0.481 0.426 0.729 0.182 0.535 0.000 0.000 0.659 0.562 0.815 0.028 0.000 0.771 0.545 0.556 0.010 0.071 0.489 0.632 0.616 ת
0.762 0.250 0.267 0.712 0.463 0.500 0.600 0.411 0.812 0.625 0.350 0.525 0.411 0.775 0.038 0.762 0.475 0.156 0.725 0.625 0.562 0.663 0.078 0.262 0.950 0.630 0.610 א
0.646 0.536 0.104 0.696 0.521 0.583 0.929 0.292 0.643 0.896 0.000 0.714 0.296 0.270 0.574 0.125 0.339 0.750 0.821 0.354 0.583 1.000 0.979 0.857 0.188 0.622 0.627 ע
0.521 0.089 0.312 0.661 0.333 0.796 0.587 0.296 0.778 0.852 0.417 0.768 0.833 0.696 0.021 0.870 0.587 0.407 0.841 0.370 0.646 1.000 0.271 0.286 0.896 0.632 0.603 א
0.643 0.357 0.429 0.429 0.200 0.325 0.429 0.481 0.597 0.714 0.000 0.000 0.000 0.000 0.052 0.000 0.000 0.000 0.000 0.792 0.000 0.000 0.000 0.071 0.843 0.643 0.598 ר
0.659 0.434 0.170 0.576 0.477 0.375 0.929 0.477 0.707 0.739 0.396 0.935 0.969 0.880 0.312 0.864 0.838 0.386 0.939 0.693 0.659 0.727 0.193 0.313 0.909 0.635 0.619 א
0.750 0.613 0.213 0.863 0.663 0.538 0.913 0.200 0.450 0.725 0.075 0.863 0.400 0.387 0.350 0.100 0.463 0.762 0.850 0.213 0.675 0.975 0.887 0.500 0.000 0.640 0.610 ע
0.375 0.188 0.038 0.425 0.325 0.443 0.602 0.148 0.261 0.591 0.068 0.773 0.136 0.386 0.216 0.057 0.261 0.352 0.534 0.045 0.712 0.663 0.600 0.387 0.000 0.633 0.590 ע
0.412 0.750 0.600 0.637 0.213 0.295 0.750 0.576 0.580 0.773 0.409 0.795 0.374 0.466 0.568 0.307 0.352 0.283 0.295 0.636 0.725 0.975 0.989 0.925 0.488 0.622 0.636 פּ
0.659 0.535 0.330 0.828 0.489 0.443 0.808 0.261 0.818 0.773 0.114 0.889 0.341 0.616 0.159 0.114 0.646 0.636 0.828 0.023 0.784 0.949 0.864 0.394 0.000 0.627 0.593 ע
0.682 0.580 0.242 0.818 0.534 0.375 0.898 0.758 0.966 0.818 0.000 0.792 0.907 0.969 0.229 0.205 0.739 0.768 0.909 0.091 0.795 0.864 0.788 0.432 0.000 0.644 0.598 ע
0.538 0.400 0.162 0.637 0.363 0.387 0.688 0.312 0.412 0.338 0.000 0.675 0.363 0.325 0.312 0.100 0.375 0.625 0.800 0.200 0.812 0.938 0.913 0.463 0.025 0.640 0.595 ע
0.864 0.682 0.576 0.568 0.568 0.773 0.761 0.606 0.807 0.875 0.682 0.341 0.000 0.466 0.557 0.750 0.386 0.000 0.398 0.795 0.818 0.330 0.000 0.489 0.750 0.637 0.607 ח
0.625 0.357 0.354 0.375 0.062 0.646 0.875 0.708 0.893 0.667 0.611 0.762 0.278 0.825 0.907 0.479 0.482 0.333 0.929 0.979 0.833 1.000 0.958 0.964 0.708 0.622 0.597 פּ
0.557 0.814 0.714 0.757 0.371 0.481 0.961 0.636 0.831 0.896 0.675 0.883 0.351 0.156 0.987 0.571 0.623 0.558 0.649 0.948 0.857 0.971 0.829 0.929 0.486 0.643 0.605 פ
0.600 0.629 0.600 0.471 0.257 0.234 0.403 0.312 0.338 0.532 0.000 0.386 0.786 0.086 0.471 0.169 0.325 0.377 0.377 0.636 0.886 0.857 0.743 0.871 0.729 0.635 0.585 ב
0.667 0.604 0.500 0.479 0.208 0.354 0.625 0.646 0.833 0.604 0.000 0.000 0.000 0.479 0.667 0.146 0.188 0.188 0.583 0.688 0.896 1.000 1.000 0.938 0.958 0.639 0.610 ב
0.938 0.646 0.333 0.792 0.583 0.750 1.000 0.333 0.542 0.667 0.146 0.938 0.375 0.292 0.521 0.208 0.542 0.958 0.875 0.458 0.917 0.979 1.000 0.917 0.229 0.639 0.610 ע
0.814 0.637 0.657 0.637 0.300 0.688 0.795 0.377 0.477 0.766 0.943 0.825 0.214 0.013 0.771 0.870 0.545 0.429 0.534 0.948 1.000 0.887 0.914 0.950 0.514 0.656 0.585 פ
0.209 0.827 0.600 0.582 0.209 0.655 0.945 1.000 1.000 0.564 0.600 0.875 1.000 1.000 0.550 0.909 1.000 1.000 1.000 0.809 0.782 0.982 1.000 1.000 0.918 0.558 0.627 ב
0.932 0.828 0.773 0.687 0.205 0.500 0.808 0.977 0.970 0.409 0.000 0.788 1.000 1.000 0.420 0.636 0.949 0.989 1.000 0.784 0.830 0.859 0.943 0.889 0.830 0.627 0.614 ב
0.700 0.575 0.475 0.525 0.300 0.350 0.725 0.675 0.725 0.850 0.000 0.000 0.000 0.000 0.689 0.125 0.375 0.325 0.350 0.850 0.775 0.975 0.850 0.900 0.650 0.662 0.627 כ
0.875 0.500 0.400 0.400 0.450 0.600 0.725 0.750 0.850 0.950 0.000 0.000 0.000 0.733 0.444 0.000 0.000 0.000 0.800 0.625 0.000 0.000 0.000 0.775 0.800 0.662 0.627 ד
0.700 0.450 0.325 0.350 0.100 0.400 0.775 0.800 0.925 0.750 0.000 0.000 0.000 0.067 0.867 0.100 0.275 0.125 0.100 0.850 0.600 1.000 0.950 0.925 0.675 0.662 0.627 כ
0.875 0.675 0.550 0.500 0.275 0.800 0.844 0.667 0.711 0.911 0.950 0.250 0.000 0.000 0.800 1.000 0.733 0.289 0.400 0.844 0.475 0.925 0.975 0.950 0.400 0.671 0.603 ס
0.000 0.625 0.562 0.425 0.050 0.000 0.467 0.741 0.978 0.244 0.000 0.000 0.000 0.800 0.250 0.111 0.356 0.481 0.889 0.778 0.625 0.900 0.771 0.175 0.825 0.711 0.613 ג
0.875 0.708 0.542 0.583 0.333 0.583 0.833 0.708 1.000 1.000 0.000 0.000 0.000 0.370 1.000 0.000 0.000 0.000 0.333 1.000 0.000 0.000 0.000 0.292 1.000 0.797 0.627 ו
0.750 0.469 0.375 0.438 0.125 0.000 0.281 0.406 0.875 0.667 0.000 0.000 0.000 0.500 1.000 0.000 0.000 0.000 0.312 1.000 0.000 0.000 0.000 0.469 0.958 0.811 0.597 ו
0.133 0.467 0.867 0.900 0.433 0.167 0.567 0.767 0.600 0.233 0.000 0.000 0.000 0.000 0.000 0.100 0.500 0.767 0.567 0.167 0.333 0.767 1.000 0.833 0.433 0.837 0.590 :
0.333 0.611 0.944 0.611 0.222 0.259 0.528 0.889 0.611 0.222 0.000 0.000 0.000 0.000 0.000 0.111 0.444 0.750 0.500 0.185 0.444 0.778 0.972 0.889 0.556 0.844 0.584 :
0.829 0.548 0.571 0.500 0.514 0.486 0.643 0.667 0.762 1.000 0.314 0.286 0.000 0.262 1.000 0.971 0.476 0.000 0.143 0.943 1.000 0.405 0.000 0.095 0.886 0.657 0.593 ה
0.561 0.299 0.325 0.506 0.530 0.242 0.727 0.623 0.636 0.652 0.000 0.000 0.078 0.117 0.712 0.000 0.000 0.169 0.481 0.348 0.000 0.312 0.766 0.026 0.000 0.736 0.640 ל
0.906 0.594 0.500 0.469 0.156 0.750 0.844 0.938 1.000 0.688 0.000 0.000 0.083 0.778 0.806 0.000 0.000 0.000 0.625 1.000 0.000 0.000 0.000 0.688 0.938 0.784 0.627 ו
0.829 0.538 0.600 0.625 0.243 0.571 0.725 0.625 0.837 0.943 0.000 0.013 0.087 0.150 0.971 0.000 0.000 0.000 0.112 0.971 0.000 0.000 0.000 0.225 0.914 0.660 0.617 ר
0.795 0.891 0.614 0.582 0.455 0.432 0.618 0.682 0.927 1.000 0.000 0.000 0.091 0.818 1.000 0.000 0.000 0.091 0.873 1.000 0.000 0.000 0.409 0.982 0.795 0.824 0.593 ו
0.800 0.580 0.525 0.560 0.325 0.295 0.564 0.500 0.909 0.864 0.000 0.000 0.227 0.964 0.705 0.000 0.000 0.091 0.855 0.523 0.000 0.000 0.475 0.980 0.450 0.816 0.590 ו
0.429 0.571 0.468 0.649 0.325 0.325 0.766 0.558 0.714 0.922 0.810 0.905 0.262 0.000 0.810 0.481 0.468 0.338 0.429 0.831 0.753 0.870 0.688 0.766 0.338 0.663 0.627 פ
0.892 0.700 0.585 0.917 0.717 0.141 0.805 0.514 0.734 0.398 0.000 0.783 0.607 0.017 0.000 0.000 0.672 0.472 0.000 0.000 0.000 0.600 0.511 0.000 0.000 0.747 0.624 ץ
0.750 0.475 0.425 0.400 0.125 0.467 0.733 0.689 0.733 0.822 0.000 0.100 0.525 0.050 0.725 0.089 0.200 0.467 0.378 0.733 0.725 1.000 0.775 0.975 0.550 0.671 0.603 כּ
0.900 0.900 0.600 0.700 0.550 0.500 0.795 0.955 0.659 0.659 0.000 0.568 1.000 0.136 0.000 0.000 0.500 0.955 0.409 0.000 0.100 0.850 0.975 0.425 0.000 0.796 0.590 ז
0.455 0.841 0.955 0.955 0.636 0.000 0.591 0.977 0.818 0.242 0.000 0.091 0.773 0.364 0.000 0.000 0.159 0.477 0.250 0.030 0.545 0.795 0.955 0.682 0.364 0.863 0.600 !
0.750 0.475 0.375 0.425 0.450 0.250 0.432 0.727 0.545 0.636 0.000 0.250 1.000 0.386 0.000 0.000 0.068 1.000 0.682 0.023 0.000 0.425 1.000 0.700 0.000 0.796 0.620 ז
0.575 0.940 0.625 0.440 0.400 0.275 0.560 0.550 0.400 0.325 0.000 0.080 0.650 0.400 0.050 0.000 0.020 0.775 0.980 0.500 0.000 0.240 0.900 0.940 0.475 0.820 0.595 ז
0.701 0.571 0.506 0.857 0.610 0.506 0.909 0.558 0.688 0.831 0.000 0.750 0.357 0.452 0.405 0.117 0.429 0.831 0.727 0.247 0.675 0.909 0.870 0.481 0.000 0.663 0.634 ע
0.800 0.354 0.208 0.667 0.400 0.525 0.688 0.229 0.833 0.850 0.000 0.500 0.611 0.463 0.000 0.025 0.083 0.458 0.833 0.675 0.550 0.854 1.000 0.979 0.750 0.676 0.607 צ
0.182 0.568 0.886 0.932 0.636 0.030 0.318 0.659 0.614 0.333 0.121 0.432 0.682 0.523 0.273 0.242 0.477 0.795 0.977 0.970 0.364 0.568 0.795 0.614 0.242 0.873 0.640 ;
0.033 0.400 0.800 0.975 0.733 0.000 0.025 0.200 0.250 0.033 0.300 0.675 0.833 0.600 0.200 0.000 0.075 0.500 1.000 0.933 0.233 0.575 0.833 0.700 0.133 0.870 0.610 ;
0.545 0.636 0.409 0.727 0.800 0.218 0.273 0.576 0.833 0.545 0.200 0.847 0.611 0.681 0.317 0.018 0.288 0.818 0.652 0.018 0.000 0.318 0.909 0.818 0.145 0.769 0.591 ?
0.800 0.583 0.289 0.825 0.575 0.445 0.797 0.632 0.758 0.266 0.750 0.808 0.274 0.700 0.850 0.242 0.680 0.493 0.445 0.469 0.008 0.108 0.778 0.317 0.033 0.747 0.593 אָ
0.619 0.573 0.094 0.177 0.000 0.154 0.683 0.500 0.510 0.000 0.681 0.394 0.231 0.769 0.396 0.505 0.625 0.163 0.058 0.659 0.036 0.302 0.365 0.271 0.298 0.712 0.602 אַ
0.929 0.607 0.571 0.500 0.071 0.536 0.929 0.786 0.964 0.643 0.214 0.929 0.929 0.893 0.750 0.071 0.321 0.321 0.607 0.821 0.000 0.000 0.000 0.464 1.000 0.771 0.593 וּ
0.886 0.818 0.523 0.500 0.182 0.500 0.682 1.000 1.000 0.750 0.000 0.750 0.977 0.932 0.795 0.000 0.045 0.068 0.682 0.955 0.000 0.000 0.000 0.750 0.977 0.804 0.586 וּ
0.500 0.900 1.000 0.967 0.800 0.152 0.485 0.841 1.000 0.636 0.000 0.000 0.614 0.939 0.273 0.000 0.000 0.295 0.394 0.091 0.400 0.600 0.875 1.000 0.733 0.878 0.628 !
0.800 0.933 0.760 0.773 0.653 0.112 0.213 0.775 1.000 0.800 0.000 0.062 0.863 1.000 0.587 0.000 0.188 0.975 1.000 0.637 0.000 0.227 1.000 0.947 0.533 0.858 0.612 ן
0.521 0.658 0.325 0.752 0.487 0.627 0.976 1.000 1.000 0.675 0.540 0.984 0.857 1.000 0.357 0.595 0.984 0.294 0.508 0.937 0.179 0.615 0.590 0.573 0.350 0.680 0.634 אַ
0.455 0.773 0.939 0.864 0.636 0.333 0.697 0.909 1.000 0.773 0.242 0.939 1.000 1.000 0.485 0.076 0.545 1.000 0.758 0.136 0.000 0.364 0.924 0.864 0.121 0.745 0.614 ?
0.600 0.889 0.972 0.861 0.683 0.554 0.987 0.987 1.000 0.723 0.117 0.903 0.944 0.958 0.300 0.077 0.744 0.936 0.436 0.015 0.117 0.833 0.917 0.333 0.000 0.793 0.598 ?
0.825 0.744 0.244 0.778 0.475 0.712 0.811 0.733 0.989 0.988 0.575 0.867 0.900 1.000 0.988 0.463 0.978 0.867 0.933 0.837 0.338 0.933 0.922 0.889 0.287 0.610 0.641 ט
0.854 0.562 0.518 0.792 0.562 0.833 0.963 0.587 0.685 0.907 0.125 0.854 0.286 0.354 0.521 0.241 0.630 0.968 0.963 0.444 1.000 1.000 1.000 0.896 0.146 0.645 0.644 ע
0.734 0.375 0.641 0.438 0.422 0.819 0.694 0.889 0.764 0.972 0.578 0.516 0.484 0.188 0.656 0.500 0.917 0.556 0.694 0.167 0.422 0.984 0.984 0.594 0.000 0.526 0.644 ש
0.500 0.688 0.125 0.438 0.214 0.714 1.000 0.714 0.938 0.839 0.125 0.875 0.304 0.094 0.607 0.089 0.891 0.411 0.266 0.732 0.018 0.750 0.946 0.938 0.393 0.587 0.656 ט
0.716 0.443 0.250 0.659 0.443 0.477 0.977 0.807 0.989 0.784 0.438 0.906 0.958 0.990 0.062 0.807 0.807 0.386 0.955 0.602 0.739 0.920 0.170 0.352 0.841 0.615 0.658 א
0.714 0.583 0.452 0.464 0.607 0.845 0.500 0.238 0.286 0.643 0.155 0.167 0.155 0.083 0.786 0.000 0.000 0.107 0.393 0.333 0.000 0.167 0.762 0.071 0.000 0.723 0.667 ל
0.956 0.907 0.822 0.833 0.733 0.911 0.981 0.889 0.981 0.844 0.100 0.250 0.200 0.367 1.000 0.000 0.019 0.289 0.630 0.444 0.000 0.556 0.800 0.093 0.000 0.726 0.677 ל
0.685 0.270 0.315 0.857 0.463 0.633 0.886 0.567 0.786 0.617 0.611 0.873 0.907 0.841 0.185 0.850 0.986 0.900 0.943 0.917 0.426 0.810 0.778 0.571 0.370 0.674 0.683 אַ
0.722 0.286 0.315 0.794 0.463 0.444 0.841 0.463 0.825 0.741 0.550 0.557 0.767 0.914 0.267 0.667 0.841 0.167 0.556 0.944 0.296 0.651 0.556 0.444 0.463 0.667 0.689 אַ
0.682 0.545 0.250 0.841 0.398 0.656 0.990 0.646 0.990 0.844 0.094 0.844 0.927 1.000 0.417 0.135 0.542 0.969 0.979 0.312 0.818 0.966 0.920 0.557 0.023 0.667 0.692 ע
0.722 0.460 0.315 0.873 0.648 0.296 0.905 0.833 0.905 0.556 0.611 0.746 0.833 0.968 0.333 0.833 0.952 0.296 0.762 0.963 0.296 0.921 0.796 0.937 0.593 0.659 0.695 אַ
0.648 0.148 0.270 0.611 0.315 0.667 0.650 0.314 0.667 0.650 0.600 0.517 0.571 0.683 0.133 0.867 0.850 0.114 0.617 0.867 0.370 0.685 0.540 0.463 0.333 0.693 0.698 אַ
0.625 0.402 0.221 0.744 0.683 0.240 0.838 0.481 0.684 0.288 0.625 0.402 0.337 0.692 0.240 0.654 0.863 0.067 0.444 0.913 0.231 0.556 0.490 0.427 0.202 0.689 0.709 אַ
0.824 0.802 0.813 0.747 0.681 0.055 0.066 0.044 0.044 0.319 0.000 0.000 0.000 0.000 0.648 0.000 0.000 0.000 0.000 0.714 0.000 0.000 0.000 0.011 0.901 0.713 0.709 ך
0.889 0.796 0.444 0.870 0.667 0.333 0.907 0.333 0.352 0.833 0.000 0.400 0.586 0.667 0.550 0.556 0.741 0.762 0.963 0.407 0.315 0.352 0.476 0.315 0.037 0.679 0.712 ע
0.733 0.648 0.574 0.630 0.733 0.689 0.722 0.667 0.944 0.733 0.160 0.267 0.217 0.350 0.880 0.000 0.000 0.167 0.519 0.489 0.000 0.352 0.815 0.111 0.000 0.714 0.712 ל
0.355 0.314 0.345 0.281 0.818 0.825 0.788 0.933 0.674 0.858 0.200 0.140 0.464 0.223 0.509 0.342 0.629 0.242 0.644 0.075 0.282 0.967 0.955 0.512 0.000 0.547 0.679 ש
0.183 0.871 0.733 0.743 0.167 0.121 0.571 0.712 0.948 0.258 0.000 0.000 0.121 0.857 0.121 0.212 0.468 0.682 1.000 0.864 0.833 1.000 0.800 0.757 0.750 0.714 0.681 ג
0.796 0.704 0.317 0.963 0.667 0.433 0.967 0.400 0.600 0.833 0.093 0.796 0.714 0.667 0.463 0.150 0.317 0.900 0.900 0.167 0.667 0.907 0.571 0.167 0.000 0.686 0.729 ע
0.683 0.603 0.429 0.905 0.476 0.614 1.000 0.957 1.000 0.671 0.614 0.986 1.000 1.000 0.529 0.743 1.000 1.000 1.000 0.986 0.286 0.921 0.984 0.984 0.571 0.648 0.746 אַ
0.788 0.453 0.231 0.846 0.625 0.365 0.983 0.625 0.949 0.413 0.779 0.556 0.519 0.846 0.240 0.731 0.923 0.106 0.419 0.885 0.279 0.547 0.529 0.530 0.279 0.689 0.772 אַ
0.672 0.211 0.171 0.810 0.453 0.485 0.847 0.375 0.778 0.681 0.441 0.572 0.845 0.752 0.002 0.784 0.542 0.280 0.801 0.525 0.718 0.870 0.030 0.234 0.880 0.638 0.921 א
0.818 0.609 0.630 0.617 0.529 0.422 0.604 0.620 0.789 0.844 0.000 0.000 0.000 0.622 0.469 0.000 0.000 0.000 0.628 0.518 0.000 0.000 0.000 0.695 0.409 0.655 0.921 ד
0.000 0.723 0.577 0.467 0.074 0.000 0.423 0.577 0.937 0.363 0.000 0.000 0.000 0.863 0.193 0.120 0.286 0.434 0.914 0.606 0.738 0.908 0.735 0.140 0.833 0.720 0.937 ג
0.735 0.544 0.248 0.685 0.377 0.438 0.824 0.311 0.662 0.896 0.071 0.697 0.140 0.509 0.267 0.101 0.340 0.852 0.813 0.007 0.919 0.912 0.718 0.248 0.000 0.648 0.937 ע
0.841 0.518 0.555 0.477 0.188 0.518 0.638 0.646 0.747 0.888 0.000 0.000 0.000 0.003 0.930 0.000 0.000 0.000 0.000 0.932 0.000 0.000 0.000 0.005 0.784 0.667 0.952 ר
0.788 0.520 0.338 0.320 0.108 0.734 0.856 0.662 0.661 0.762 0.694 0.125 0.000 0.005 0.762 0.772 0.407 0.136 0.252 0.704 0.325 0.864 0.853 0.776 0.261 0.661 0.960 ס
0.584 0.943 0.935 0.875 0.857 0.701 0.727 0.182 0.659 0.831 0.000 0.000 0.524 0.948 0.262 0.013 0.523 0.974 0.716 0.000 0.221 0.909 0.987 0.568 0.000 0.683 0.981 7
0.000 0.364 0.798 0.755 0.192 0.141 0.955 0.747 0.764 0.778 0.525 0.900 0.475 0.427 0.990 0.000 0.264 0.586 0.718 0.828 0.000 0.645 0.687 0.718 0.202 0.578 0.981 9
0.159 0.693 0.879 0.943 0.420 0.417 0.969 0.491 0.906 0.656 0.333 0.958 0.796 0.958 0.427 0.844 0.594 0.000 0.656 0.854 0.409 0.807 0.798 0.898 0.420 0.657 0.982 8
0.767 0.733 0.500 0.467 0.167 0.733 0.767 0.800 0.833 0.633 0.300 0.667 0.500 0.667 1.000 0.000 0.000 0.000 0.733 0.833 0.000 0.000 0.467 0.667 0.367 0.650 1.000 י
0.336 0.764 0.773 0.164 0.000 0.833 0.250 0.650 0.642 0.000 0.925 0.175 0.467 0.750 0.258 0.833 0.258 0.500 0.783 0.200 0.400 0.836 0.836 0.382 0.000 0.574 0.964 0
0.743 0.643 0.557 0.514 0.157 0.600 0.857 0.857 0.971 0.829 0.000 0.000 0.000 0.429 0.943 0.100 0.214 0.300 0.643 0.914 0.843 0.971 1.000 0.943 0.443 0.650 0.980 כ
0.825 0.488 0.538 0.512 0.550 0.613 0.675 0.625 0.850 0.900 0.000 0.000 0.038 0.863 0.438 0.000 0.000 0.100 0.962 0.488 0.000 0.000 0.100 0.950 0.425 0.640 0.980 ד
0.833 0.370 0.302 0.852 0.615 0.312 0.898 0.583 0.815 0.510 0.615 0.481 0.615 0.759 0.281 0.635 0.926 0.240 0.315 0.885 0.115 0.491 0.469 0.546 0.281 0.683 1.000 אַ
0.812 0.611 0.444 0.644 0.075 0.489 0.848 0.758 0.798 0.716 0.200 0.500 0.000 0.122 0.962 0.580 0.182 0.303 0.505 0.943 0.712 0.333 0.989 0.944 0.812 0.594 0.980 מ
0.000 0.013 0.390 0.792 0.701 0.000 0.312 0.831 0.883 0.753 0.238 0.024 0.024 0.798 0.821 0.195 0.403 0.039 0.571 0.883 0.247 0.208 0.273 0.831 0.987 0.663 0.981 1
0.106 0.896 0.662 0.545 0.061 0.045 0.610 0.909 1.000 0.288 0.000 0.000 0.381 0.976 0.167 0.258 0.494 0.792 1.000 0.803 0.773 0.896 0.792 0.870 0.939 0.721 0.712 ג
0.520 0.688 0.607 0.652 0.551 0.343 0.100 0.000 0.042 0.657 0.619 0.200 0.442 0.408 0.152 0.771 0.425 0.183 0.000 0.000 0.949 0.214 0.000 0.000 0.000 0.754 0.793 ק
0.847 0.848 0.847 0.857 0.745 0.459 0.107 0.000 0.179 0.888 0.857 0.455 0.633 0.536 0.214 0.867 0.375 0.235 0.000 0.000 0.959 0.268 0.000 0.000 0.000 0.764 0.795 ק
0.888 0.704 0.625 0.602 0.755 0.041 0.051 0.027 0.235 0.622 0.000 0.000 0.000 0.245 0.816 0.000 0.000 0.000 0.306 0.857 0.000 0.000 0.000 0.490 0.806 0.771 0.886 ך
0.383 0.725 0.442 0.467 0.567 0.092 0.325 0.075 0.142 0.625 0.333 0.183 0.367 0.367 0.250 0.525 0.542 0.283 0.000 0.000 0.850 0.667 0.000 0.000 0.000 0.760 0.852 ק
0.000 0.152 0.900 0.724 0.562 0.000 0.009 0.109 0.795 0.562 0.000 0.000 0.203 0.991 0.393 0.241 0.241 0.164 0.804 0.554 0.143 0.200 0.250 0.829 0.486 0.784 0.747 ן
0.781 0.783 0.758 0.742 0.610 0.733 0.742 0.208 0.242 0.829 0.384 0.320 0.109 0.188 0.848 0.000 0.000 0.000 0.217 0.981 0.000 0.000 0.000 0.233 0.924 0.764 0.809 ף
0.909 0.727 0.697 0.667 0.455 0.409 0.364 0.227 0.318 0.818 0.722 0.500 0.375 0.431 0.417 0.652 0.667 0.348 0.000 0.000 0.652 0.424 0.000 0.000 0.000 0.750 0.881 ק
0.738 0.831 0.631 0.708 0.492 0.231 0.246 0.231 0.738 0.985 0.000 0.000 0.323 0.554 0.262 0.000 0.046 0.123 0.031 0.000 0.400 0.923 0.985 0.785 0.092 0.828 0.709 יִ
0.758 0.773 0.727 0.727 0.682 0.152 0.303 0.234 0.439 0.879 0.000 0.000 0.000 0.333 0.833 0.000 0.000 0.000 0.258 0.939 0.000 0.000 0.000 0.318 0.909 0.740 0.839 ך
0.244 0.017 0.000 0.000 0.000 0.356 0.617 0.290 0.789 0.606 0.233 0.622 0.615 0.878 0.206 0.206 0.628 0.290 0.478 0.639 0.000 0.256 0.865 0.356 0.078 0.781 0.970 אָ
0.667 0.852 0.519 0.667 0.556 0.111 0.296 0.333 0.852 1.000 0.000 0.000 0.630 0.741 0.407 0.000 0.000 0.111 0.000 0.000 0.000 0.185 0.815 0.778 0.148 0.817 0.695 יִ
0.455 0.745 0.455 0.618 0.655 0.400 0.383 0.417 0.850 0.617 0.100 0.717 0.617 0.350 0.167 0.017 0.367 0.483 0.317 0.050 0.055 0.709 1.000 0.309 0.000 0.806 0.659 ?
0.467 0.917 0.767 0.683 0.600 0.000 0.083 0.417 0.950 0.467 0.000 0.000 0.933 0.983 0.300 0.000 0.267 0.983 0.983 0.600 0.000 0.667 0.967 0.967 0.583 0.867 0.852 ן
0.587 0.973 0.800 0.627 0.693 0.013 0.120 0.422 0.893 0.560 0.000 0.000 0.544 0.987 0.347 0.000 0.000 0.633 0.987 0.533 0.000 0.040 0.689 0.880 0.413 0.845 0.866 ן
0.692 0.342 0.158 0.675 0.625 0.172 0.523 0.430 0.617 0.305 0.156 0.438 0.211 0.656 0.695 0.195 0.445 0.312 0.328 0.453 0.017 0.133 0.767 0.233 0.050 0.757 0.871 אָ
0.810 0.752 0.752 0.790 0.705 0.143 0.219 0.190 0.629 0.629 0.000 0.000 0.000 0.571 0.670 0.000 0.000 0.000 0.571 0.790 0.000 0.000 0.000 0.552 0.895 0.757 0.643 ך
0.850 0.767 0.741 0.758 0.325 0.850 0.658 0.422 0.833 0.492 0.375 0.317 0.422 0.950 0.500 0.000 0.000 0.000 0.775 0.642 0.000 0.000 0.015 0.858 0.433 0.739 0.717 ף
0.007 0.722 0.646 0.538 0.319 0.000 0.389 0.517 0.722 0.615 0.000 0.000 0.000 0.562 0.399 0.115 0.201 0.167 0.601 0.750 0.660 0.740 0.674 0.823 0.830 0.759 0.921 נ
0.818 0.909 0.667 0.636 0.606 0.152 0.273 0.576 0.939 0.364 0.000 0.000 0.848 0.970 0.000 0.000 0.030 0.939 0.970 0.091 0.000 0.212 1.000 0.848 0.121 0.864 0.873 ן
0.727 0.675 0.521 0.475 0.222 0.356 0.562 0.650 0.887 0.889 0.000 0.000 0.000 0.468 0.982 0.000 0.000 0.000 0.400 0.991 0.000 0.000 0.000 0.350 0.903 0.812 0.929 ו
0.680 0.960 0.827 0.773 0.640 0.013 0.067 0.533 0.987 0.373 0.000 0.000 0.787 0.987 0.360 0.000 0.013 0.760 1.000 0.573 0.000 0.093 0.880 0.960 0.427 0.852 0.651 ן
0.650 0.947 0.773 0.733 0.717 0.000 0.067 0.600 1.000 0.617 0.000 0.000 0.760 1.000 0.583 0.000 0.000 0.800 1.000 0.917 0.000 0.093 0.880 1.000 0.917 0.866 0.645 ן
0.109 0.470 0.894 0.955 0.527 0.636 0.545 0.818 1.000 0.436 0.000 0.000 0.424 1.000 0.673 0.000 0.000 0.424 1.000 0.800 0.000 0.318 0.955 1.000 0.873 0.765 0.962 1
0.018 0.382 0.782 0.945 0.727 0.683 0.883 0.550 1.000 0.483 0.100 0.050 0.233 1.000 0.517 0.000 0.000 0.417 1.000 0.717 0.000 0.455 0.927 1.000 0.945 0.769 0.964 1
0.569 0.619 0.440 0.500 0.611 0.833 0.810 0.714 0.607 0.167 0.097 0.179 0.131 0.095 0.181 0.000 0.000 0.036 0.310 0.208 0.000 0.024 0.798 0.202 0.000 0.741 0.683 ל
0.708 0.771 0.562 0.625 0.542 0.188 0.542 1.000 0.604 0.479 0.000 0.288 1.000 0.519 0.000 0.000 0.396 1.000 0.917 0.000 0.000 0.354 0.521 0.583 0.083 0.825 0.648 ז
0.341 0.841 0.500 0.545 0.500 0.386 0.477 0.841 0.955 0.614 0.167 0.500 0.938 0.833 0.000 0.000 0.364 1.000 0.977 0.250 0.000 0.523 1.000 0.795 0.205 0.808 0.667 ז
0.783 0.317 0.314 0.700 0.400 0.367 0.483 0.529 0.467 0.117 0.717 0.500 0.257 0.633 0.600 0.317 0.767 0.386 0.417 0.450 0.000 0.067 0.686 0.317 0.017 0.730 0.806 אָ
0.733 0.933 0.767 0.733 0.633 0.062 0.219 0.734 1.000 0.344 0.000 0.266 1.000 1.000 0.031 0.000 0.516 1.000 1.000 0.219 0.000 0.783 0.967 0.817 0.150 0.865 0.763 ן
0.000 0.538 0.969 0.938 0.692 0.607 0.771 0.714 0.657 0.446 0.196 0.357 0.500 1.000 1.000 0.000 0.000 0.186 0.986 1.000 0.000 0.000 0.277 1.000 0.942 0.852 0.753 וֹ
0.883 0.833 0.767 0.650 0.333 0.300 0.417 0.550 0.967 0.883 0.000 0.083 0.567 0.600 0.233 0.050 0.200 0.233 0.050 0.000 0.717 1.000 0.983 0.600 0.000 0.825 0.682 יִ
0.762 0.938 0.792 0.762 0.613 0.138 0.300 0.844 0.837 0.275 0.000 0.300 1.000 0.775 0.062 0.000 0.587 1.000 0.850 0.162 0.087 0.800 0.979 0.637 0.062 0.855 0.673 ן
0.650 0.533 0.370 0.858 0.742 0.375 0.406 0.569 0.758 0.203 0.792 0.525 0.215 0.758 0.667 0.289 0.578 0.382 0.391 0.406 0.033 0.100 0.807 0.175 0.025 0.747 0.839 אָ
0.837 0.887 0.750 0.663 0.613 0.125 0.287 0.812 1.000 0.575 0.000 0.529 1.000 1.000 0.376 0.025 0.738 0.988 0.988 0.575 0.387 0.988 0.962 0.863 0.425 0.864 0.875 ן
0.714 0.681 0.088 0.505 0.802 0.209 0.835 0.802 0.396 0.648 0.714 0.703 0.440 0.769 0.659 0.648 0.989 0.582 0.055 0.385 0.165 0.516 0.505 0.473 0.297 0.746 0.753 אַ
0.545 0.312 0.351 0.675 0.318 0.458 0.905 0.714 0.774 0.361 0.708 0.750 0.536 0.821 0.500 0.458 0.917 0.548 0.690 0.639 0.061 0.390 0.948 0.403 0.045 0.731 0.885 אָ
0.656 0.586 0.201 0.727 0.672 0.398 0.719 0.882 0.898 0.344 0.758 0.773 0.243 0.695 0.773 0.234 0.625 0.389 0.375 0.367 0.016 0.086 0.799 0.297 0.039 0.757 0.884 אָ
0.828 0.486 0.414 0.861 0.758 0.492 0.979 0.773 0.833 0.195 0.867 0.792 0.383 0.861 0.680 0.391 0.611 0.406 0.451 0.398 0.047 0.326 0.969 0.278 0.023 0.750 0.835 אָ
0.725 0.496 0.325 0.822 0.717 0.375 0.881 0.967 0.919 0.175 0.742 0.807 0.275 0.711 0.800 0.208 0.689 0.483 0.504 0.425 0.000 0.096 0.892 0.274 0.025 0.747 0.688 אָ
0.808 0.692 0.459 0.725 0.558 0.141 0.680 0.514 0.688 0.344 0.000 0.817 0.444 0.008 0.000 0.000 0.773 0.368 0.000 0.000 0.000 0.800 0.452 0.000 0.000 0.747 0.901 ץ
0.286 0.857 0.905 0.839 0.762 0.238 0.786 0.976 0.679 0.143 0.690 1.000 1.000 0.643 0.000 0.571 1.000 1.000 0.750 0.000 0.738 1.000 0.929 0.536 0.000 0.907 0.814 ן
0.495 0.846 0.736 0.637 0.308 0.531 0.867 0.449 0.224 0.765 0.643 0.990 0.888 0.316 0.786 0.663 0.745 0.827 0.714 0.347 0.000 0.000 0.374 0.000 0.000 0.727 0.646 פ
0.408 0.658 0.459 0.942 0.758 0.461 0.883 0.993 1.000 0.477 0.775 0.933 0.926 0.983 0.692 0.297 0.695 0.903 1.000 0.633 0.008 0.142 0.837 0.358 0.033 0.747 0.723 אָ
0.680 0.742 0.453 0.797 0.609 0.398 1.000 1.000 1.000 0.383 0.809 1.000 1.000 1.000 0.662 0.281 0.688 0.898 1.000 0.547 0.008 0.297 1.000 0.383 0.016 0.740 0.794 אָ
0.750 0.652 0.358 0.874 0.675 0.492 0.985 0.775 0.933 0.258 0.933 0.993 0.775 0.889 0.692 0.433 0.778 0.492 0.652 0.583 0.000 0.319 0.992 0.415 0.058 0.747 0.904 אָ
0.766 0.664 0.431 0.836 0.281 0.438 0.977 0.972 0.984 0.297 0.898 1.000 0.993 0.977 0.617 0.328 0.727 0.500 0.555 0.562 0.039 0.250 0.931 0.398 0.055 0.757 0.800 אָ
0.383 0.847 0.722 0.743 0.594 0.320 0.993 0.917 0.903 1.000 0.522 1.000 0.987 0.654 0.301 0.594 0.951 0.396 0.000 0.000 0.859 0.688 0.000 0.000 0.000 0.747 0.928 ק
