0.958 1.000 1.000 0.917 0.917 0.958 1.000 1.000 1.000 1.000 0.917 1.000 1.000 1.000 1.000 0.583 0.667 0.864 0.708 0.875 0.125 0.167 0.364 0.208 0.458 0.045 0.102 —
0.958 1.000 1.000 1.000 0.917 1.000 1.000 1.000 1.000 0.958 1.000 1.000 1.000 1.000 1.000 1.000 1.000 1.000 1.000 1.000 0.500 0.500 0.500 0.625 0.625 0.045 0.102 —
0.958 0.958 1.000 1.000 0.833 0.958 0.958 1.000 1.000 1.000 1.000 1.000 1.000 1.000 1.000 0.750 0.708 0.682 1.000 0.833 0.250 0.208 0.182 0.542 0.500 0.045 0.102 —
0.375 0.417 0.273 0.375 0.542 0.875 0.917 0.773 0.875 1.000 1.000 1.000 1.000 1.000 1.000 0.917 0.917 0.818 0.917 0.958 0.542 0.417 0.318 0.417 0.500 0.055 0.122 —
0.167 0.000 0.000 0.000 0.083 0.583 0.500 0.500 0.500 0.583 1.000 1.000 1.000 1.000 1.000 1.000 1.000 1.000 1.000 1.000 0.500 0.500 0.500 0.500 0.625 0.064 0.137 —
0.345 0.738 0.807 0.595 0.524 0.893 1.000 1.000 1.000 0.988 0.981 1.000 1.000 1.000 1.000 0.964 1.000 1.000 1.000 1.000 0.845 0.988 0.966 0.750 0.857 0.083 0.173 —
0.571 0.500 0.438 0.857 0.643 1.000 0.929 0.875 1.000 0.929 1.000 1.000 1.000 1.000 1.000 0.714 0.786 0.688 0.857 0.929 0.214 0.286 0.188 0.357 0.571 0.094 0.115 —
0.786 0.714 0.667 0.714 0.643 0.857 1.000 1.000 1.000 0.929 0.929 1.000 1.000 1.000 0.929 0.500 0.500 0.500 0.500 0.714 0.000 0.000 0.000 0.000 0.429 0.100 0.118 —
1.000 0.833 1.000 0.667 0.750 1.000 0.833 1.000 0.333 0.750 1.000 1.000 1.000 0.333 0.750 1.000 1.000 1.000 0.667 0.750 1.000 1.000 1.000 1.000 0.750 0.179 0.111 ־
0.750 0.625 0.500 0.500 0.375 1.000 1.000 1.000 1.000 0.833 1.000 1.000 1.000 1.000 1.000 1.000 1.000 1.000 1.000 1.000 0.875 1.000 1.000 0.750 0.750 0.250 0.160 ־
0.667 0.917 0.889 0.667 0.833 1.000 1.000 1.000 1.000 1.000 1.000 1.000 1.000 1.000 1.000 1.000 1.000 1.000 1.000 1.000 0.583 0.583 0.556 0.750 0.583 0.300 0.180 ־
0.750 1.000 1.000 1.000 0.850 1.000 1.000 1.000 1.000 1.000 1.000 1.000 1.000 1.000 1.000 0.850 1.000 1.000 1.000 1.000 0.700 1.000 1.000 1.000 1.000 0.320 0.142 ־
0.000 0.700 0.250 0.200 1.000 0.125 0.900 0.250 0.500 1.000 0.562 0.800 0.062 0.700 1.000 0.938 0.700 0.375 0.950 0.750 0.812 0.500 0.438 0.750 0.375 0.444 0.308 “
0.250 0.812 0.350 0.312 0.800 0.550 1.000 0.550 0.688 1.000 0.640 0.900 0.200 0.800 0.680 0.850 0.562 0.250 1.000 0.300 0.750 0.250 0.250 0.688 0.100 0.447 0.340 „
0.000 0.562 0.350 0.000 0.650 0.200 0.900 0.360 0.250 0.880 0.600 1.000 0.350 0.750 0.850 0.960 1.000 0.680 1.000 0.640 0.700 0.625 0.300 0.812 0.450 0.474 0.346 “
0.050 0.750 0.500 0.312 0.850 0.400 1.000 0.440 0.650 1.000 0.750 1.000 0.450 1.000 0.850 1.000 1.000 0.600 1.000 0.720 0.800 0.625 0.300 0.750 0.350 0.474 0.353 “
0.222 0.778 1.000 0.778 0.222 0.667 1.000 1.000 1.000 0.667 0.833 1.000 1.000 1.000 0.833 0.556 1.000 1.000 0.889 0.444 0.111 0.778 1.000 0.556 0.000 0.500 0.238 .
0.111 0.500 0.889 0.833 0.333 0.500 1.000 1.000 1.000 0.833 0.889 1.000 1.000 1.000 1.000 0.667 1.000 1.000 1.000 1.000 0.111 0.500 0.889 1.000 0.667 0.500 0.188 .
0.111 0.444 0.778 0.222 0.000 0.444 1.000 1.000 0.667 0.111 0.889 1.000 1.000 1.000 0.778 0.556 1.000 1.000 1.000 0.556 0.111 0.556 1.000 0.889 0.222 0.500 0.224 .
0.000 0.222 0.833 0.667 0.111 0.222 0.667 1.000 1.000 0.667 0.778 1.000 1.000 1.000 1.000 0.222 0.778 1.000 1.000 0.667 0.000 0.333 0.833 0.667 0.111 0.545 0.212 .
0.000 0.444 1.000 0.778 0.222 0.333 0.889 1.000 1.000 0.778 0.889 1.000 1.000 1.000 0.889 0.444 0.889 1.000 0.889 0.333 0.000 0.222 0.667 0.444 0.000 0.545 0.262 .
0.000 0.333 0.778 0.333 0.000 0.556 0.833 1.000 0.833 0.444 1.000 1.000 1.000 1.000 0.833 0.556 1.000 1.000 0.833 0.444 0.111 0.333 0.667 0.333 0.000 0.550 0.227 .
0.000 0.167 0.667 0.500 0.111 0.444 0.833 1.000 1.000 0.556 1.000 1.000 1.000 1.000 1.000 0.667 1.000 1.000 1.000 1.000 0.111 0.500 0.889 1.000 0.556 0.550 0.227 .
0.125 0.562 0.900 0.625 0.188 0.800 1.000 1.000 1.000 0.850 1.000 1.000 1.000 1.000 1.000 0.900 1.000 1.000 1.000 1.000 0.375 0.938 1.000 1.000 0.625 0.553 0.183 .
0.167 0.556 1.000 0.889 0.500 0.750 1.000 1.000 1.000 1.000 0.833 1.000 1.000 1.000 1.000 0.250 0.833 1.000 1.000 0.750 0.000 0.333 0.833 0.667 0.167 0.556 0.184 .
0.881 0.286 0.119 0.929 0.595 0.619 0.952 0.500 0.738 0.810 0.722 0.583 0.972 0.722 0.083 0.905 0.619 0.333 0.857 0.762 0.714 0.810 0.143 0.143 0.786 0.567 0.600 א
0.333 0.776 0.667 0.694 0.310 0.143 0.776 0.571 0.571 0.643 0.000 0.536 0.000 0.000 0.625 0.310 0.673 0.000 0.000 0.643 0.810 0.551 0.000 0.000 0.643 0.562 0.653 ת
0.714 0.265 0.810 0.265 0.755 0.690 0.238 0.778 0.286 0.571 0.224 0.306 0.071 0.143 0.184 0.429 0.167 0.056 0.357 0.000 0.755 0.857 0.619 0.122 0.000 0.483 0.644 ש
0.694 0.238 0.694 0.190 0.735 0.633 0.286 0.816 0.310 0.694 0.245 0.310 0.082 0.143 0.286 0.551 0.214 0.163 0.405 0.000 0.735 0.643 0.653 0.071 0.000 0.532 0.633 ש
0.694 0.163 0.738 0.265 0.694 0.633 0.204 0.833 0.388 0.755 0.286 0.408 0.095 0.204 0.245 0.694 0.286 0.310 0.347 0.000 0.735 0.898 0.690 0.082 0.000 0.516 0.646 ש
0.694 0.167 0.714 0.190 0.714 0.816 0.190 0.776 0.262 0.714 0.286 0.389 0.119 0.194 0.405 0.510 0.214 0.082 0.500 0.061 0.776 0.833 0.694 0.095 0.000 0.517 0.612 ש
0.690 0.204 0.643 0.571 0.095 0.929 0.857 0.571 0.673 0.667 0.479 0.161 0.000 0.018 0.667 0.452 0.184 0.333 0.347 0.643 0.452 0.571 0.714 0.776 0.286 0.562 0.627 מ
0.667 0.286 0.643 0.653 0.167 0.881 0.837 0.595 0.653 0.810 0.500 0.286 0.000 0.018 0.729 0.548 0.204 0.429 0.408 0.714 0.429 0.531 0.714 0.714 0.357 0.562 0.627 מ
0.633 0.163 0.536 0.224 0.592 0.878 0.531 0.821 0.449 0.857 0.518 0.375 0.297 0.321 0.357 0.694 0.469 0.214 0.469 0.000 0.673 0.959 0.750 0.061 0.000 0.500 0.627 ש
0.694 0.163 0.625 0.347 0.714 0.898 0.327 0.911 0.490 0.857 0.551 0.408 0.268 0.469 0.286 0.612 0.367 0.357 0.449 0.000 0.755 0.714 0.750 0.041 0.000 0.484 0.646 ש
0.612 0.163 0.762 0.408 0.000 0.714 0.449 0.310 0.714 0.082 0.163 0.082 0.000 0.347 0.184 0.306 0.000 0.000 0.000 0.490 0.735 0.735 0.786 0.449 0.224 0.516 0.646 ט
0.612 0.163 0.762 0.408 0.000 0.714 0.449 0.310 0.714 0.082 0.163 0.082 0.000 0.347 0.184 0.306 0.000 0.000 0.000 0.490 0.735 0.735 0.786 0.449 0.224 0.516 0.646 ט
0.786 0.286 0.694 0.881 0.333 0.667 0.667 0.262 0.306 0.639 0.405 0.095 0.000 0.000 0.476 0.278 0.083 0.119 0.083 0.417 0.286 0.690 0.816 0.857 0.476 0.534 0.644 מ
0.735 0.524 0.633 0.786 0.265 0.837 0.881 0.510 0.524 0.612 0.571 0.214 0.000 0.000 0.612 0.449 0.238 0.429 0.405 0.531 0.490 0.714 0.857 0.857 0.388 0.532 0.620 מ
0.755 0.143 0.762 0.510 0.000 0.694 0.408 0.238 0.653 0.408 0.367 0.041 0.000 0.224 0.857 0.429 0.102 0.143 0.306 0.408 0.571 0.755 0.857 0.612 0.000 0.516 0.646 ט
0.673 0.184 0.738 0.163 0.673 0.735 0.306 0.786 0.490 0.816 0.327 0.265 0.190 0.184 0.367 0.490 0.327 0.167 0.449 0.041 0.755 0.980 0.857 0.163 0.000 0.516 0.646 ש
0.673 0.357 0.694 0.857 0.306 0.694 0.786 0.469 0.500 0.816 0.490 0.214 0.000 0.000 0.551 0.551 0.238 0.429 0.429 0.694 0.449 0.571 0.857 0.857 0.449 0.532 0.620 מ
0.833 0.306 0.714 0.816 0.262 0.857 0.878 0.500 0.531 0.833 0.595 0.286 0.000 0.000 0.690 0.619 0.204 0.405 0.408 0.810 0.643 0.612 0.857 0.857 0.500 0.548 0.633 מ
0.673 0.184 0.738 0.163 0.673 0.735 0.306 0.786 0.490 0.816 0.327 0.265 0.190 0.184 0.367 0.490 0.327 0.167 0.449 0.041 0.755 0.980 0.857 0.163 0.000 0.516 0.646 ש
0.633 0.476 0.469 0.857 0.367 0.571 0.833 0.327 0.262 0.694 0.238 0.306 0.000 0.000 0.429 0.286 0.024 0.143 0.143 0.408 0.306 0.405 0.878 0.857 0.551 0.517 0.625 מ
0.857 0.429 0.786 0.816 0.238 0.857 0.816 0.429 0.429 0.762 0.583 0.214 0.000 0.000 0.667 0.452 0.184 0.286 0.286 0.667 0.476 0.735 0.881 0.857 0.452 0.533 0.612 מ
0.411 0.364 0.575 0.731 0.186 0.419 0.447 0.347 0.522 0.711 0.242 0.000 0.000 0.000 0.428 0.325 0.311 0.392 0.408 0.483 0.461 0.792 0.903 0.892 0.664 0.552 0.632 מ
0.690 0.143 0.548 0.469 0.048 0.976 0.837 0.667 0.796 0.595 0.646 0.304 0.000 0.071 0.771 0.500 0.082 0.143 0.143 0.667 0.643 0.776 1.000 0.980 0.452 0.562 0.653 מ
0.762 0.262 0.367 0.714 0.167 0.857 0.643 0.510 0.714 0.714 0.619 0.143 0.143 0.048 0.714 0.738 0.190 0.143 0.143 0.690 0.810 1.000 1.000 1.000 0.476 0.565 0.620 ט
0.762 0.265 0.286 0.612 0.119 0.881 0.918 0.738 0.816 0.619 0.667 0.375 0.167 0.054 0.771 0.667 0.490 0.167 0.224 0.810 0.667 1.000 1.000 1.000 0.571 0.562 0.653 ט
0.653 0.122 0.633 0.327 0.000 0.796 0.490 0.429 0.755 0.306 0.469 0.122 0.000 0.449 0.878 0.531 0.143 0.143 0.408 0.490 0.694 0.980 1.000 0.612 0.000 0.500 0.646 ט
0.771 0.714 0.738 0.714 0.657 0.286 0.343 0.310 0.629 0.571 0.000 0.000 0.000 0.400 0.333 0.000 0.000 0.000 0.400 0.600 0.000 0.000 0.000 0.400 0.600 0.633 0.612 ד
0.771 0.750 0.750 0.667 0.292 0.188 0.250 0.250 0.271 0.542 0.000 0.000 0.000 0.000 0.548 0.000 0.000 0.000 0.000 0.667 0.000 0.000 0.000 0.021 0.750 0.643 0.636 ר
0.595 0.600 0.571 0.600 0.524 0.604 0.525 0.479 0.475 0.583 0.571 0.029 0.000 0.057 0.500 0.625 0.025 0.000 0.150 0.854 0.548 0.000 0.000 0.143 0.595 0.636 0.635 ח
0.743 0.714 0.714 0.686 0.686 0.286 0.429 0.429 0.429 0.657 0.067 0.000 0.000 0.000 0.400 0.600 0.000 0.000 0.000 0.400 0.629 0.000 0.000 0.000 0.486 0.650 0.625 ה
0.857 0.643 0.571 0.619 0.571 0.657 0.595 0.543 0.643 0.600 0.700 0.000 0.000 0.229 0.525 0.800 0.000 0.000 0.214 0.800 0.657 0.000 0.000 0.190 0.543 0.641 0.627 ח
0.507 0.567 0.776 0.827 0.661 0.184 0.415 0.378 0.449 0.543 0.000 0.000 0.000 0.000 0.326 0.000 0.000 0.000 0.000 0.477 0.000 0.000 0.000 0.000 0.516 0.571 0.599 ד
0.771 0.393 0.729 0.750 0.250 0.762 0.714 0.286 0.408 0.690 0.479 0.125 0.000 0.000 0.625 0.357 0.306 0.571 0.510 0.571 0.333 0.429 0.375 0.429 0.167 0.588 0.642 מ
0.667 0.167 0.000 0.714 0.690 0.643 0.905 0.371 0.595 0.881 0.595 0.452 0.886 0.833 0.190 0.833 0.595 0.171 0.643 0.905 0.524 0.667 0.114 0.024 0.571 0.597 0.633 א
0.762 0.190 0.000 0.786 0.595 0.548 0.857 0.286 0.619 0.810 0.500 0.389 0.800 0.806 0.139 0.857 0.381 0.257 0.762 0.714 0.690 0.690 0.000 0.048 0.714 0.583 0.577 א
0.514 0.771 0.714 0.629 0.200 0.114 0.371 0.381 0.514 0.600 0.000 0.000 0.000 0.200 0.533 0.000 0.000 0.000 0.200 0.400 0.686 0.714 0.690 0.714 0.629 0.633 0.638 ב
0.750 0.250 0.589 0.604 0.232 0.837 0.643 0.429 0.548 0.714 0.500 0.083 0.000 0.000 0.393 0.449 0.071 0.143 0.143 0.408 0.554 0.729 0.929 1.000 0.661 0.574 0.618 מ
0.829 0.310 0.000 0.667 0.829 0.486 0.929 0.429 0.452 0.771 0.486 0.333 0.829 0.786 0.143 0.829 0.619 0.143 0.667 0.914 0.629 0.786 0.114 0.071 0.657 0.629 0.633 א
0.667 0.167 0.000 0.690 0.595 0.714 0.905 0.400 0.667 1.000 0.667 0.619 0.971 0.857 0.262 0.905 0.595 0.257 0.762 0.833 0.690 0.810 0.229 0.048 0.762 0.597 0.620 א
0.743 1.000 0.952 0.886 0.914 0.067 0.167 0.111 0.233 0.633 0.000 0.000 0.000 0.200 0.686 0.000 0.000 0.000 0.233 0.967 0.000 0.000 0.000 0.257 0.686 0.621 0.617 ד
0.543 0.629 0.571 0.543 0.171 0.429 0.514 0.548 0.543 0.743 0.600 0.743 0.167 0.000 0.457 0.286 0.257 0.024 0.000 0.400 0.686 0.857 0.857 0.857 0.743 0.645 0.646 פ
0.800 0.238 0.000 0.714 0.771 0.567 0.917 0.300 0.444 0.900 0.457 0.476 0.886 0.643 0.114 0.867 0.389 0.267 0.833 0.733 0.686 0.857 0.086 0.190 0.829 0.603 0.644 א
0.371 0.643 0.571 0.500 0.229 0.229 0.690 0.714 0.762 0.714 0.000 0.000 0.000 0.021 0.675 0.029 0.071 0.086 0.167 0.657 0.686 0.857 0.914 0.976 0.429 0.641 0.640 כ
0.417 0.812 0.518 0.479 0.146 0.426 0.870 0.667 0.778 0.815 0.604 0.979 0.518 0.583 0.750 0.500 0.704 0.476 0.500 0.741 0.646 0.875 0.911 0.896 0.542 0.645 0.655 פּ
0.854 0.250 0.167 0.896 0.542 0.714 0.929 0.500 0.714 0.762 0.750 0.417 0.792 0.771 0.229 0.833 0.810 0.190 0.571 0.810 0.375 0.875 0.542 0.354 0.333 0.618 0.351 אַ
0.643 0.238 0.310 0.762 0.214 0.643 0.619 0.381 0.500 0.738 0.429 0.071 0.095 0.000 0.548 0.619 0.024 0.000 0.000 0.381 0.690 0.881 0.857 0.810 0.452 0.581 0.633 ט
0.643 0.143 0.479 0.571 0.071 0.679 0.375 0.646 0.696 0.571 0.464 0.232 0.229 0.000 0.554 0.500 0.286 0.250 0.250 0.571 0.536 0.893 0.917 0.875 0.714 0.583 0.655 ט
0.548 0.667 0.057 0.500 0.643 0.357 0.810 0.229 0.429 0.667 0.000 0.286 0.800 0.452 0.000 0.000 0.119 0.543 0.905 0.286 0.095 0.905 1.000 1.000 0.357 0.597 0.633 צ
0.886 0.381 0.086 0.857 0.543 0.486 0.571 0.057 0.571 0.514 0.000 0.500 0.714 0.333 0.000 0.029 0.190 0.743 0.881 0.114 0.400 0.929 0.886 0.786 0.114 0.629 0.596 צ
0.457 0.857 0.743 0.738 0.371 0.343 0.738 0.400 0.524 0.771 0.467 0.944 0.400 0.000 0.567 0.371 0.548 0.229 0.143 0.457 0.629 1.000 1.000 1.000 0.914 0.617 0.612 פ
0.881 0.343 0.143 0.886 0.571 0.690 0.714 0.071 0.829 0.762 0.000 0.600 0.786 0.457 0.000 0.024 0.229 0.833 0.914 0.262 0.333 1.000 1.000 1.000 0.381 0.613 0.633 צ
0.749 0.369 0.328 0.697 0.215 0.716 0.620 0.558 0.635 0.798 0.481 0.000 0.317 0.000 0.447 0.591 0.250 0.250 0.264 0.481 0.687 1.000 1.000 1.000 0.877 0.588 0.655 ט
0.714 0.238 0.000 0.667 0.486 0.686 0.643 0.000 0.667 0.686 0.000 0.583 0.700 0.417 0.000 0.029 0.286 0.829 0.929 0.257 0.400 1.000 0.971 0.881 0.200 0.641 0.653 צ
0.688 0.575 0.583 0.550 0.562 0.595 0.771 0.643 0.771 0.857 0.708 0.200 0.000 0.100 0.562 0.833 0.200 0.000 0.114 0.833 0.729 0.100 0.000 0.250 0.854 0.647 0.654 ח
0.333 0.881 0.714 0.738 0.548 0.071 0.643 0.429 0.429 0.738 0.238 0.548 0.000 0.000 0.500 0.333 0.762 0.000 0.000 0.500 0.762 0.595 0.000 0.000 0.524 0.581 0.633 ת
0.743 0.119 0.114 0.762 0.514 0.771 0.810 0.200 0.524 0.914 0.550 0.458 0.900 0.688 0.125 0.943 0.500 0.200 0.762 0.800 0.829 0.738 0.000 0.048 0.629 0.641 0.653 א
0.743 0.829 0.833 0.857 0.771 0.171 0.257 0.286 0.286 0.600 0.686 0.171 0.000 0.000 0.514 0.800 0.200 0.000 0.000 0.429 0.714 0.114 0.000 0.000 0.400 0.645 0.608 ה
0.707 0.200 0.000 0.664 0.606 0.687 0.927 0.391 0.709 0.939 0.535 0.718 0.964 0.973 0.333 0.919 0.682 0.173 0.791 0.939 0.939 0.945 0.109 0.282 0.828 0.600 0.598 א
0.833 0.333 0.343 0.952 0.476 0.639 0.556 0.400 0.222 0.722 0.452 0.095 0.057 0.000 0.381 0.583 0.000 0.000 0.000 0.417 0.786 0.762 0.771 0.738 0.548 0.569 0.580 ט
0.738 0.514 0.571 0.514 0.214 0.643 0.543 0.548 0.686 0.929 0.542 0.000 0.000 0.000 0.667 0.619 0.257 0.262 0.200 0.667 0.786 0.800 0.833 0.800 0.357 0.625 0.615 ס
0.524 0.743 0.714 0.629 0.143 0.262 0.571 0.571 0.714 0.667 0.000 0.000 0.000 0.200 0.667 0.095 0.143 0.167 0.314 0.714 0.762 0.886 0.857 0.886 0.690 0.625 0.653 ב
0.600 0.595 0.571 0.476 0.057 0.286 0.571 0.571 0.762 0.371 0.000 0.000 0.000 0.333 0.400 0.000 0.000 0.000 0.357 0.571 0.800 0.857 0.857 0.929 0.743 0.629 0.596 ב
0.543 0.690 0.571 0.476 0.114 0.457 0.595 0.571 0.643 0.600 0.550 0.750 0.250 0.021 0.500 0.371 0.476 0.343 0.238 0.600 0.743 0.857 0.857 0.857 0.629 0.641 0.615 פ
0.762 0.214 0.314 0.810 0.310 0.667 0.452 0.429 0.381 0.762 0.357 0.071 0.057 0.000 0.429 0.548 0.143 0.143 0.143 0.405 0.738 0.857 0.857 0.857 0.524 0.597 0.633 ט
0.690 0.800 0.619 0.486 0.095 0.500 0.600 0.571 0.686 0.548 0.646 0.775 0.438 0.600 0.542 0.452 0.514 0.333 0.286 0.500 0.714 0.857 0.881 0.857 0.548 0.625 0.640 פּ
0.857 0.619 0.629 0.548 0.286 0.686 0.595 0.714 0.738 0.886 0.600 0.000 0.000 0.000 0.625 0.629 0.024 0.057 0.024 0.543 0.914 0.810 0.886 0.762 0.314 0.641 0.640 ס
0.914 0.643 0.714 0.595 0.257 0.686 0.548 0.457 0.548 0.714 0.771 0.000 0.000 0.000 0.543 0.829 0.095 0.143 0.143 0.543 0.943 0.881 0.886 0.952 0.886 0.629 0.596 ם
0.571 0.690 0.571 0.548 0.143 0.171 0.476 0.571 0.738 0.600 0.000 0.000 0.000 0.312 0.550 0.171 0.286 0.229 0.429 0.543 0.714 0.905 0.914 0.929 0.657 0.641 0.653 ב
0.743 0.595 0.486 0.548 0.171 0.657 0.548 0.429 0.643 0.857 0.457 0.000 0.000 0.024 0.714 0.800 0.071 0.057 0.071 0.657 0.943 0.929 0.914 0.929 1.000 0.629 0.596 ם
0.771 0.595 0.600 0.548 0.171 0.629 0.524 0.571 0.643 0.686 0.525 0.000 0.000 0.000 0.425 0.829 0.119 0.086 0.024 0.429 1.000 0.929 0.943 0.881 0.829 0.641 0.653 ם
0.714 0.690 0.629 0.524 0.143 0.629 0.643 0.571 0.714 0.657 0.750 0.729 0.175 0.062 0.800 0.514 0.405 0.200 0.214 0.743 0.771 0.976 0.971 0.976 0.771 0.641 0.640 פ
0.810 0.600 0.500 0.457 0.238 0.729 0.600 0.667 0.775 0.917 0.714 0.000 0.000 0.000 0.643 0.792 0.250 0.208 0.250 0.708 0.952 1.000 0.976 0.914 0.524 0.636 0.635 ס
0.604 0.688 0.643 0.438 0.083 0.229 0.417 0.464 0.562 0.354 0.000 0.000 0.000 0.167 0.357 0.062 0.083 0.125 0.292 0.562 0.771 0.875 0.982 0.958 0.646 0.614 0.636 ב
0.571 0.667 0.571 0.548 0.229 0.314 0.643 0.686 0.762 0.771 0.000 0.000 0.000 0.021 0.825 0.086 0.286 0.257 0.238 0.771 0.743 1.000 1.000 0.952 0.429 0.641 0.653 כ
0.686 0.810 0.629 0.524 0.114 0.229 0.571 0.600 0.762 0.543 0.000 0.000 0.000 0.333 0.475 0.229 0.190 0.171 0.476 0.686 0.971 1.000 1.000 1.000 0.857 0.641 0.640 ב
0.643 0.657 0.619 0.543 0.143 0.643 0.629 0.571 0.771 0.619 0.762 0.829 0.500 0.600 0.667 0.476 0.400 0.286 0.343 0.643 0.905 1.000 1.000 1.000 0.690 0.613 0.620 פּ
0.500 0.690 0.571 0.452 0.143 0.500 0.810 0.714 0.810 0.690 0.521 0.875 0.350 0.062 0.646 0.524 0.643 0.343 0.238 0.667 0.738 1.000 1.000 1.000 0.690 0.609 0.604 פ
0.000 0.000 0.125 0.583 1.000 0.000 0.000 0.500 1.000 1.000 0.000 0.500 0.875 1.000 1.000 0.625 0.917 1.000 1.000 1.000 0.625 0.917 0.875 0.667 0.375 0.750 0.302 '
0.000 0.000 0.250 0.833 1.000 0.000 0.167 0.750 1.000 0.625 0.125 0.667 1.000 0.917 0.375 0.875 1.000 1.000 0.667 0.000 0.875 1.000 1.000 0.583 0.000 0.750 0.320 '
0.000 0.000 0.250 0.833 1.000 0.000 0.250 0.875 1.000 0.625 0.000 0.556 1.000 1.000 0.500 0.375 0.833 1.000 1.000 0.500 0.875 1.000 1.000 0.750 0.250 0.733 0.283 '
0.000 0.000 0.250 0.750 0.833 0.083 0.250 0.750 1.000 0.750 0.333 1.000 1.000 1.000 0.444 0.583 1.000 1.000 1.000 0.417 1.000 1.000 1.000 0.750 0.167 0.700 0.294 '
0.000 0.000 0.417 0.875 0.917 0.083 0.250 0.750 1.000 0.750 0.400 1.000 1.000 1.000 0.600 0.917 1.000 1.000 1.000 0.417 0.833 1.000 0.917 0.625 0.167 0.735 0.327 '
0.000 0.083 0.375 0.833 0.917 0.000 0.333 1.000 1.000 0.833 0.333 0.733 1.000 1.000 0.667 0.917 1.000 1.000 1.000 0.500 0.583 1.000 0.875 0.583 0.250 0.706 0.347 '
0.000 0.000 0.583 1.000 1.000 0.083 0.375 0.833 1.000 0.667 0.600 1.000 1.000 1.000 0.333 1.000 1.000 1.000 1.000 0.333 0.833 1.000 0.917 0.500 0.083 0.735 0.347 '
0.000 0.167 0.625 0.917 0.875 0.125 0.500 1.000 1.000 0.625 0.600 1.000 1.000 1.000 0.500 1.000 1.000 1.000 1.000 0.500 0.875 1.000 1.000 0.583 0.125 0.765 0.327 '
0.000 0.133 0.600 0.933 0.800 0.000 0.583 1.000 1.000 0.917 0.067 0.733 1.000 0.800 0.267 0.500 1.000 0.750 0.167 0.000 0.800 0.533 0.100 0.000 0.000 0.737 0.373 '
0.000 0.417 0.875 1.000 0.875 0.000 0.667 1.000 1.000 0.500 0.000 0.667 1.000 0.750 0.250 0.333 0.889 1.000 0.333 0.000 0.625 0.833 0.500 0.083 0.000 0.714 0.280 ,
0.000 0.556 1.000 1.000 1.000 0.000 0.667 1.000 1.000 0.875 0.167 0.778 1.000 0.778 0.167 0.750 1.000 0.875 0.333 0.000 1.000 0.889 0.333 0.000 0.000 0.692 0.277 ,
0.000 0.200 0.800 1.000 0.867 0.167 0.667 1.000 1.000 0.667 0.333 1.000 1.000 0.600 0.067 0.583 0.833 0.375 0.083 0.000 0.933 0.400 0.000 0.000 0.000 0.737 0.380 '
0.000 0.556 1.000 1.000 0.667 0.000 0.667 1.000 1.000 1.000 0.250 0.833 1.000 0.750 0.375 0.667 0.889 0.500 0.111 0.000 1.000 0.667 0.000 0.000 0.000 0.667 0.235 ,
0.000 0.257 0.857 0.971 0.821 0.000 0.675 1.000 1.000 0.969 0.219 0.975 1.000 0.850 0.250 0.531 1.000 0.969 0.350 0.000 0.893 0.914 0.357 0.000 0.000 0.735 0.301 ,
0.000 0.333 0.833 0.889 0.667 0.125 0.750 1.000 1.000 0.875 0.500 1.000 1.000 0.778 0.167 0.625 1.000 0.875 0.417 0.000 1.000 0.778 0.167 0.000 0.000 0.692 0.277 ,
0.000 0.583 1.000 1.000 0.875 0.125 0.750 1.000 0.917 0.625 0.833 1.000 1.000 0.556 0.000 1.000 1.000 0.750 0.167 0.000 1.000 0.750 0.250 0.000 0.000 0.733 0.283 ,
0.000 0.333 0.833 0.889 0.667 0.125 0.750 1.000 1.000 1.000 0.500 1.000 1.000 1.000 0.833 0.500 1.000 1.000 0.750 0.125 0.667 1.000 1.000 0.556 0.000 0.692 0.271 ,
0.000 0.100 0.667 1.000 1.000 0.167 0.750 1.000 1.000 0.917 0.533 1.000 0.933 0.700 0.267 0.667 1.000 0.500 0.000 0.000 0.733 0.300 0.067 0.000 0.000 0.763 0.396 '
0.000 0.500 1.000 1.000 1.000 0.250 0.750 1.000 1.000 1.000 0.667 1.000 1.000 1.000 0.833 1.000 1.000 0.667 0.375 0.125 1.000 0.833 0.222 0.000 0.000 0.731 0.277 ,
0.000 0.467 0.900 1.000 0.867 0.167 0.833 1.000 1.000 0.667 0.467 1.000 0.900 0.533 0.067 0.667 0.750 0.250 0.000 0.000 0.667 0.133 0.000 0.000 0.000 0.737 0.380 '
0.000 0.417 0.938 1.000 0.750 0.400 0.933 1.000 1.000 1.000 0.667 1.000 1.000 0.933 0.533 0.933 1.000 0.950 0.400 0.000 1.000 1.000 0.625 0.000 0.000 0.684 0.202 ,
0.083 0.500 0.917 1.000 0.417 0.667 1.000 1.000 1.000 0.833 0.067 0.500 0.933 1.000 0.400 0.083 0.625 0.917 0.750 0.250 0.667 0.875 0.417 0.000 0.000 0.735 0.333 '
0.125 0.500 0.833 1.000 1.000 0.750 1.000 1.000 1.000 1.000 1.000 1.000 1.000 1.000 1.000 1.000 1.000 1.000 0.750 0.375 0.875 1.000 0.667 0.125 0.000 0.767 0.288 ,
0.167 0.500 0.833 0.875 0.583 0.667 1.000 1.000 1.000 1.000 0.667 1.000 1.000 1.000 0.467 0.917 1.000 0.833 0.375 0.083 0.833 0.750 0.417 0.000 0.000 0.735 0.327 ,
0.167 0.500 0.667 0.375 0.083 0.667 1.000 1.000 1.000 0.667 0.083 0.500 0.917 0.875 0.250 0.200 0.700 0.733 0.300 0.000 0.750 0.625 0.167 0.000 0.000 0.750 0.346 '
0.083 0.417 0.750 0.833 0.667 0.333 1.000 1.000 1.000 0.833 0.400 1.000 1.000 0.933 0.333 0.750 1.000 1.000 0.500 0.000 0.667 0.833 0.500 0.083 0.000 0.706 0.354 ,
0.250 0.750 1.000 0.750 0.333 0.417 0.667 0.750 0.750 0.417 0.000 0.400 1.000 0.600 0.000 0.083 0.750 0.875 0.250 0.000 0.583 0.667 0.250 0.000 0.000 0.706 0.347 '
0.400 0.800 1.000 0.800 0.333 0.750 1.000 1.000 1.000 0.667 0.067 0.467 1.000 0.867 0.200 0.167 0.750 1.000 0.500 0.000 0.667 0.733 0.400 0.133 0.000 0.737 0.373 '
0.333 0.750 1.000 0.667 0.250 0.733 1.000 1.000 1.000 0.667 0.083 0.583 1.000 1.000 0.333 0.400 0.800 1.000 0.600 0.067 1.000 0.750 0.375 0.083 0.000 0.722 0.360 '
0.583 1.000 1.000 0.750 0.250 0.800 1.000 1.000 1.000 0.733 0.083 0.583 1.000 0.917 0.250 0.267 0.800 0.900 0.400 0.000 0.917 0.667 0.125 0.000 0.000 0.722 0.360 '
1.000 1.000 0.800 0.600 0.467 0.800 0.900 1.000 1.000 1.000 0.083 0.250 0.417 0.750 1.000 0.000 0.000 0.000 0.500 0.933 0.000 0.000 0.000 0.500 0.533 0.775 0.385 י
0.600 0.933 0.700 0.600 0.500 0.500 1.000 1.000 1.000 1.000 0.100 0.400 0.600 0.867 1.000 0.000 0.000 0.000 0.417 1.000 0.000 0.000 0.000 0.533 0.900 0.789 0.380 י
0.867 0.867 0.600 0.600 0.267 0.733 1.000 1.000 1.000 0.933 0.133 0.467 0.600 0.800 0.867 0.000 0.000 0.100 0.533 0.667 0.000 0.000 0.400 0.933 0.467 0.762 0.429 י
0.333 0.750 1.000 0.583 0.083 0.867 1.000 1.000 1.000 0.667 0.167 0.833 1.000 0.833 0.250 0.200 0.800 1.000 0.533 0.000 0.917 0.750 0.375 0.083 0.000 0.722 0.360 '
1.000 1.000 0.833 0.750 0.500 0.933 1.000 1.000 1.000 1.000 0.167 0.375 0.667 1.000 1.000 0.000 0.000 0.200 0.800 0.733 0.000 0.000 0.333 1.000 0.500 0.750 0.367 י
0.733 0.800 0.600 0.467 0.200 0.867 1.000 1.000 1.000 0.933 0.200 0.467 0.600 0.867 1.000 0.000 0.000 0.000 0.533 0.867 0.000 0.000 0.000 0.667 0.467 0.762 0.412 י
0.800 0.800 0.533 0.333 0.067 0.867 1.000 1.000 1.000 0.733 0.200 0.467 0.733 0.933 1.000 0.000 0.000 0.067 0.733 0.467 0.000 0.000 0.267 0.800 0.200 0.738 0.420 י
0.933 0.900 0.667 0.500 0.333 0.667 1.000 1.000 1.000 1.000 0.200 0.400 0.533 0.800 1.000 0.000 0.000 0.000 0.500 0.750 0.000 0.000 0.000 0.500 0.667 0.763 0.396 י
0.667 0.800 0.600 0.533 0.200 0.667 1.000 1.000 1.000 0.833 0.200 0.467 0.600 0.800 0.933 0.000 0.000 0.000 0.417 0.667 0.000 0.000 0.000 0.600 0.400 0.737 0.388 י
0.933 0.733 0.600 0.467 0.067 1.000 1.000 1.000 1.000 0.800 0.267 0.467 0.600 0.867 0.733 0.000 0.000 0.000 0.667 0.400 0.000 0.000 0.000 0.667 0.333 0.762 0.404 י
1.000 0.800 0.600 0.533 0.200 1.000 1.000 1.000 1.000 0.833 0.267 0.533 0.700 0.933 0.733 0.000 0.000 0.000 0.667 0.500 0.000 0.000 0.300 0.800 0.267 0.737 0.388 י
0.494 0.682 0.844 0.568 0.273 0.792 0.761 0.883 0.830 0.818 0.286 0.500 0.688 0.852 0.779 0.000 0.000 0.000 0.170 0.870 0.000 0.000 0.000 0.034 0.494 0.676 0.336 י
1.000 0.800 0.600 0.533 0.267 1.000 1.000 1.000 1.000 0.933 0.333 0.583 0.750 0.917 1.000 0.000 0.000 0.000 0.667 0.933 0.000 0.000 0.000 0.667 0.667 0.750 0.400 י
0.933 0.700 0.467 0.400 0.267 1.000 1.000 1.000 1.000 1.000 0.333 0.600 0.600 0.800 1.000 0.000 0.000 0.000 0.500 1.000 0.000 0.000 0.000 0.500 0.667 0.786 0.396 י
0.688 0.950 0.650 0.400 0.094 0.938 1.000 1.000 1.000 0.906 0.344 0.775 0.975 1.000 1.000 0.000 0.000 0.300 0.925 0.875 0.000 0.000 0.150 0.950 0.438 0.736 0.391 י
0.286 0.800 1.000 0.800 0.429 0.938 1.000 1.000 1.000 1.000 0.406 0.725 0.975 1.000 0.938 0.000 0.175 0.850 0.850 0.281 0.536 0.914 0.571 0.086 0.000 0.721 0.318 '
0.933 0.700 0.467 0.400 0.267 1.000 1.000 1.000 1.000 1.000 0.467 0.600 0.667 0.900 1.000 0.000 0.000 0.267 0.900 1.000 0.000 0.000 0.333 1.000 0.933 0.786 0.429 י
0.889 0.556 0.244 0.130 0.000 1.000 1.000 1.000 0.981 0.644 0.540 0.867 0.980 1.000 1.000 0.000 0.000 0.133 0.611 0.956 0.000 0.000 0.000 0.426 0.689 0.726 0.438 י
0.250 0.875 1.000 1.000 0.833 0.500 1.000 1.000 1.000 0.667 0.667 1.000 1.000 0.875 0.250 0.833 1.000 0.750 0.125 0.000 0.917 0.750 0.250 0.000 0.000 0.719 0.308 ,
0.333 0.750 0.917 0.875 0.500 0.667 1.000 1.000 1.000 0.667 0.833 1.000 0.917 0.625 0.167 1.000 1.000 0.583 0.000 0.000 0.917 0.625 0.167 0.000 0.000 0.719 0.327 ,
0.375 0.917 1.000 1.000 0.875 0.750 1.000 1.000 1.000 0.750 1.000 1.000 1.000 0.667 0.125 1.000 1.000 0.750 0.167 0.000 1.000 0.667 0.125 0.000 0.000 0.750 0.308 ,
0.000 0.000 0.657 0.643 0.429 0.000 0.000 0.371 0.714 1.000 0.000 0.000 0.000 0.250 1.000 0.000 0.143 0.257 0.536 1.000 0.571 0.964 0.971 0.964 0.643 0.734 0.593 נ
0.000 0.190 0.821 0.810 0.643 0.000 0.000 0.286 0.524 0.679 0.000 0.000 0.000 0.000 0.500 0.036 0.190 0.429 0.429 0.714 0.536 0.810 1.000 0.762 0.714 0.767 0.600 ג
0.000 0.357 0.829 0.571 0.429 0.000 0.219 0.650 0.875 0.875 0.000 0.000 0.000 0.500 0.750 0.094 0.281 0.300 0.719 0.875 0.786 0.929 0.886 0.857 0.429 0.742 0.635 נ
0.000 0.455 0.561 0.410 0.222 0.000 0.124 0.360 0.462 0.328 0.000 0.000 0.000 0.000 0.411 0.196 0.295 0.249 0.300 0.847 0.839 0.835 0.650 0.625 0.344 0.781 0.645 נ
0.657 0.457 0.452 0.571 0.457 0.400 0.500 0.479 0.550 0.825 0.600 0.143 0.000 0.000 0.657 0.800 0.200 0.000 0.000 0.800 0.714 0.143 0.000 0.000 0.571 0.667 0.647 ה
0.000 0.575 0.781 0.650 0.350 0.000 0.250 0.500 0.700 0.650 0.000 0.000 0.000 0.275 0.525 0.150 0.375 0.375 0.650 0.750 0.625 0.900 0.625 0.450 0.750 0.722 0.655 ג
0.514 0.600 0.571 0.571 0.371 0.343 0.571 0.571 0.571 0.829 0.000 0.000 0.000 0.000 0.475 0.057 0.143 0.107 0.086 0.486 0.743 0.886 0.929 0.886 0.514 0.688 0.640 כ
0.657 0.600 0.571 0.571 0.400 0.314 0.543 0.571 0.600 0.600 0.350 0.000 0.000 0.000 0.325 0.457 0.000 0.000 0.000 0.400 0.543 0.000 0.000 0.000 0.400 0.672 0.627 ה
0.000 0.649 0.848 0.610 0.455 0.000 0.321 0.639 0.881 0.861 0.000 0.000 0.000 0.310 0.722 0.083 0.321 0.333 0.595 0.931 0.727 1.000 0.894 0.610 0.894 0.741 0.587 ג
0.000 0.679 0.905 0.607 0.500 0.000 0.250 0.571 0.679 0.893 0.000 0.000 0.000 0.219 0.781 0.071 0.143 0.143 0.393 1.000 0.679 0.964 0.905 0.964 0.607 0.766 0.653 נ
0.000 0.712 0.909 0.758 0.545 0.000 0.264 0.619 0.944 0.750 0.000 0.000 0.000 0.611 0.639 0.056 0.236 0.274 0.750 0.986 0.773 1.000 0.987 0.955 0.848 0.750 0.587 נ
0.543 0.714 0.679 0.686 0.514 0.171 0.429 0.429 0.429 0.686 0.000 0.000 0.000 0.000 0.267 0.000 0.000 0.000 0.000 0.229 0.543 0.714 0.714 0.800 0.686 0.667 0.625 כ
0.571 0.810 0.464 0.238 0.048 0.571 0.857 1.000 1.000 0.333 0.000 0.042 0.312 0.917 0.333 0.000 0.000 0.107 0.810 0.524 0.000 0.000 0.286 1.000 0.714 0.812 0.627 ו
0.250 0.857 0.643 0.524 0.357 0.214 0.619 0.786 0.905 0.750 0.000 0.000 0.000 0.375 0.719 0.143 0.286 0.357 0.762 1.000 0.750 1.000 0.857 0.333 0.786 0.781 0.653 ג
0.619 0.857 1.000 0.762 0.381 0.238 0.571 0.714 0.571 0.333 0.000 0.000 0.000 0.000 0.000 0.143 0.429 0.643 0.571 0.333 0.429 0.762 0.929 0.905 0.667 0.839 0.620 :
0.455 0.886 1.000 0.955 0.659 0.250 0.705 0.727 0.727 0.500 0.000 0.000 0.000 0.000 0.000 0.386 0.659 0.818 0.773 0.477 0.705 0.977 1.000 1.000 0.750 0.804 0.477 :
0.238 0.893 0.857 0.679 0.333 0.048 0.357 0.619 0.821 0.429 0.000 0.000 0.000 0.429 0.333 0.286 0.429 0.381 0.643 0.571 0.952 0.786 0.381 0.464 0.429 0.790 0.646 ג
0.179 0.905 0.786 0.619 0.536 0.071 0.429 0.679 0.810 0.964 0.000 0.000 0.000 0.208 0.906 0.357 0.571 0.571 0.714 1.000 0.893 0.905 0.679 0.476 0.964 0.781 0.627 ג
0.179 0.905 0.786 0.571 0.429 0.071 0.381 0.571 0.810 0.786 0.000 0.000 0.000 0.095 0.643 0.179 0.429 0.429 0.476 0.750 0.893 0.857 0.607 0.143 0.607 0.774 0.646 ג
0.048 0.914 0.743 0.476 0.057 0.036 0.634 0.857 0.946 0.321 0.000 0.000 0.000 0.571 0.543 0.045 0.348 0.312 0.732 0.875 0.676 1.000 0.990 0.486 0.810 0.760 0.646 ג
0.667 0.929 0.571 0.429 0.238 0.375 0.844 1.000 0.938 0.667 0.000 0.500 1.000 0.321 0.000 0.000 0.656 1.000 0.469 0.000 0.000 0.571 0.857 0.357 0.000 0.803 0.635 ז
0.667 0.933 0.550 0.267 0.067 0.867 1.000 1.000 1.000 0.667 0.222 0.556 0.833 1.000 0.944 0.000 0.000 0.450 1.000 0.467 0.000 0.000 0.450 0.933 0.267 0.727 0.512 י
0.464 1.000 0.893 0.714 0.607 0.143 0.524 0.821 0.857 0.964 0.000 0.000 0.000 0.042 0.781 0.357 0.524 0.429 0.619 0.964 0.929 1.000 0.821 0.476 0.857 0.781 0.615 ג
0.667 1.000 0.714 0.571 0.333 0.190 0.476 0.786 0.714 0.476 0.000 0.238 0.679 0.095 0.000 0.000 0.333 1.000 0.333 0.000 0.000 0.190 0.893 0.333 0.000 0.806 0.633 ז
0.250 1.000 0.857 0.714 0.571 0.071 0.393 0.619 0.821 1.000 0.000 0.000 0.000 0.281 1.000 0.321 0.571 0.571 0.750 1.000 0.857 0.857 0.714 0.607 0.929 0.766 0.627 ג
0.743 0.514 0.543 0.571 0.514 0.400 0.343 0.400 0.457 0.686 0.525 0.000 0.000 0.000 0.475 0.800 0.000 0.000 0.029 0.657 0.600 0.000 0.000 0.086 0.486 0.672 0.627 ה
0.771 0.571 0.643 0.629 0.343 0.400 0.571 0.571 0.571 0.657 0.000 0.000 0.000 0.000 0.550 0.000 0.000 0.000 0.000 0.714 0.000 0.000 0.000 0.000 0.686 0.688 0.653 ר
0.800 0.714 0.686 0.679 0.457 0.400 0.500 0.500 0.667 0.967 0.000 0.000 0.000 0.000 0.629 0.000 0.000 0.067 0.375 0.700 0.000 0.321 0.571 0.464 0.143 0.672 0.569 ק
0.829 0.643 0.514 0.536 0.314 0.433 0.500 0.500 0.625 0.933 0.000 0.000 0.000 0.000 0.657 0.000 0.000 0.067 0.333 0.600 0.057 0.429 0.514 0.321 0.057 0.672 0.580 ק
0.854 0.778 0.667 0.667 0.365 0.333 0.565 0.556 0.630 0.906 0.000 0.000 0.000 0.000 0.760 0.000 0.000 0.000 0.000 0.646 0.000 0.000 0.000 0.000 0.656 0.652 0.609 ר
0.857 0.643 0.629 0.571 0.343 0.400 0.429 0.429 0.536 0.914 0.000 0.000 0.000 0.000 0.600 0.000 0.000 0.114 0.393 0.657 0.000 0.321 0.514 0.250 0.057 0.683 0.625 ק
0.886 0.750 0.829 0.786 0.800 0.257 0.321 0.314 0.286 0.543 0.000 0.000 0.000 0.000 0.467 0.000 0.000 0.000 0.000 0.571 0.000 0.000 0.000 0.000 0.514 0.683 0.612 ד
0.905 0.905 0.714 0.619 0.381 0.429 0.667 0.905 0.762 0.524 0.000 0.333 0.667 0.000 0.000 0.000 0.333 0.952 0.381 0.000 0.000 0.333 0.952 0.429 0.000 0.823 0.646 ז
0.762 0.857 0.524 0.429 0.333 0.429 0.643 0.762 0.929 1.000 0.000 0.000 0.000 0.071 0.714 0.000 0.000 0.000 0.000 0.667 0.000 0.000 0.000 0.000 0.667 0.855 0.646 ו
0.800 0.657 0.643 0.600 0.400 0.371 0.429 0.452 0.600 0.771 0.450 0.000 0.000 0.175 0.775 0.600 0.000 0.000 0.086 0.857 0.686 0.000 0.000 0.200 0.829 0.656 0.615 ה
0.829 0.629 0.571 0.571 0.514 0.371 0.514 0.429 0.686 0.686 0.000 0.000 0.000 0.400 0.575 0.000 0.000 0.000 0.400 0.800 0.000 0.000 0.000 0.400 0.543 0.656 0.615 ד
0.708 0.719 0.625 0.625 0.250 0.208 0.469 0.500 0.781 0.333 0.000 0.000 0.000 0.500 0.333 0.000 0.000 0.000 0.594 0.750 0.000 0.000 0.000 0.688 0.792 0.819 0.655 ו
0.905 0.714 0.619 0.500 0.333 0.524 0.571 0.714 0.929 0.857 0.000 0.000 0.000 0.500 0.667 0.000 0.000 0.000 0.500 0.952 0.000 0.000 0.000 0.429 0.905 0.855 0.620 ו
1.000 0.857 0.619 0.571 0.381 0.381 0.571 0.762 0.929 1.000 0.000 0.000 0.000 0.500 1.000 0.000 0.000 0.000 0.357 0.905 0.000 0.000 0.000 0.500 1.000 0.855 0.646 ו
0.771 0.629 0.571 0.543 0.143 0.571 0.486 0.476 0.571 0.571 0.550 0.675 0.292 0.525 0.600 0.371 0.343 0.190 0.314 0.514 0.829 0.971 1.000 1.000 0.771 0.656 0.640 פּ
0.905 0.643 0.571 0.500 0.238 0.571 0.714 0.810 1.000 0.810 0.000 0.000 0.048 0.571 0.667 0.000 0.000 0.000 0.500 0.905 0.000 0.000 0.048 0.571 0.952 0.855 0.620 ו
0.952 0.810 0.500 0.429 0.286 0.714 0.905 1.000 1.000 0.952 0.000 0.042 0.125 0.583 0.708 0.000 0.000 0.071 0.714 1.000 0.000 0.000 0.429 0.952 0.952 0.844 0.640 ו
0.686 0.514 0.548 0.514 0.143 0.486 0.571 0.548 0.629 0.686 0.625 0.800 0.500 0.650 0.650 0.343 0.400 0.310 0.314 0.571 0.771 0.914 0.929 0.914 0.800 0.656 0.653 פּ
0.762 0.952 0.643 0.429 0.095 0.292 0.583 0.812 1.000 0.583 0.000 0.000 0.036 0.714 0.667 0.000 0.000 0.000 0.667 0.833 0.000 0.000 0.000 0.619 0.571 0.818 0.559 ו
0.762 0.810 0.524 0.381 0.143 0.625 0.792 0.958 1.000 0.917 0.000 0.000 0.143 0.762 1.000 0.000 0.000 0.042 0.708 1.000 0.000 0.000 0.333 0.952 0.762 0.833 0.647 ו
0.778 0.481 0.444 0.259 0.000 0.796 1.000 1.000 0.963 0.537 0.370 0.870 0.889 0.944 0.815 0.000 0.000 0.000 0.167 0.833 0.000 0.000 0.000 0.074 0.704 0.683 0.466 י
0.778 0.500 0.167 0.056 0.000 1.000 1.000 1.000 0.867 0.600 0.611 0.778 0.944 1.000 0.944 0.000 0.000 0.667 1.000 0.533 0.000 0.000 0.667 0.889 0.278 0.771 0.490 י
0.952 0.857 0.524 0.381 0.143 0.619 0.762 0.952 1.000 0.667 0.000 0.000 0.417 1.000 0.667 0.000 0.000 0.381 1.000 0.905 0.000 0.000 0.476 1.000 0.714 0.828 0.640 ו
0.905 1.000 0.643 0.286 0.048 0.619 0.714 0.929 1.000 0.333 0.000 0.000 0.312 1.000 0.417 0.000 0.000 0.286 1.000 0.952 0.000 0.000 0.393 1.000 0.619 0.812 0.653 ו
0.933 0.600 0.400 0.267 0.067 1.000 1.000 1.000 1.000 0.733 0.333 0.600 0.733 1.000 0.733 0.000 0.000 0.333 1.000 0.333 0.000 0.000 0.333 0.933 0.267 0.738 0.488 י
0.842 0.691 0.632 0.428 0.513 0.993 0.980 0.967 0.901 0.901 1.000 1.000 1.000 0.987 1.000 0.783 0.809 0.901 0.816 0.882 0.289 0.309 0.401 0.336 0.382 0.009 1.000 ―――
0.444 0.637 0.613 0.338 0.250 0.275 0.000 0.012 0.224 0.694 0.235 0.000 0.000 0.471 1.000 0.200 0.000 0.000 0.353 1.000 0.282 0.000 0.000 0.500 0.913 0.325 0.867 X
0.411 0.393 0.429 0.643 0.018 0.250 0.625 0.327 0.589 0.500 0.292 0.250 0.024 0.146 0.917 0.554 0.232 0.000 0.161 0.571 0.571 0.893 0.857 0.786 0.089 0.429 0.682 ט
0.411 0.393 0.429 0.643 0.018 0.250 0.625 0.327 0.589 0.500 0.292 0.250 0.024 0.146 0.917 0.554 0.232 0.000 0.161 0.571 0.571 0.893 0.857 0.786 0.089 0.429 0.682 ט
0.714 0.143 0.694 0.449 0.000 0.612 0.469 0.306 0.694 0.429 0.429 0.048 0.000 0.310 0.905 0.490 0.000 0.000 0.286 0.510 0.653 0.857 0.857 0.653 0.000 0.484 0.682 ט
0.755 0.184 0.661 0.286 0.735 0.857 0.531 0.893 0.531 0.939 0.536 0.375 0.281 0.339 0.357 0.673 0.592 0.339 0.510 0.000 0.694 1.000 0.875 0.122 0.000 0.500 0.744 ש
0.689 0.227 0.662 0.120 0.591 0.827 0.662 0.853 0.493 0.947 0.462 0.129 0.307 0.044 0.391 0.449 0.520 0.271 0.631 0.076 0.320 1.000 1.000 0.680 0.000 0.500 0.765 ש
0.694 0.163 0.653 0.245 0.714 0.673 0.306 0.694 0.327 0.714 0.306 0.265 0.143 0.245 0.265 0.551 0.347 0.204 0.429 0.000 0.694 1.000 0.796 0.082 0.000 0.500 0.660 ש
0.653 0.184 0.786 0.245 0.714 0.776 0.306 0.857 0.429 0.796 0.306 0.367 0.167 0.224 0.327 0.633 0.347 0.190 0.469 0.020 0.816 0.980 0.810 0.122 0.000 0.516 0.705 ש
0.857 0.408 0.619 0.939 0.286 0.500 0.304 0.438 0.429 0.643 0.469 0.224 0.214 0.000 0.367 0.571 0.339 0.229 0.286 0.446 0.571 1.000 0.905 1.000 0.776 0.545 0.673 ט
0.810 0.327 0.786 0.755 0.214 0.881 0.857 0.381 0.490 0.762 0.524 0.224 0.000 0.000 0.643 0.548 0.163 0.310 0.347 0.643 0.476 0.694 0.857 0.837 0.357 0.548 0.721 מ
0.476 0.755 0.690 0.694 0.286 0.190 0.755 0.452 0.531 0.738 0.167 0.571 0.000 0.018 0.688 0.381 0.571 0.000 0.061 0.762 0.786 0.490 0.000 0.143 0.738 0.562 0.681 ת
0.503 0.386 0.174 0.643 0.108 0.822 0.946 0.510 0.853 0.745 0.133 0.414 0.000 0.010 0.574 0.452 0.205 0.250 0.223 0.438 0.462 0.462 1.000 0.952 0.774 0.568 0.745 מ
0.786 0.333 0.286 0.619 0.214 0.792 0.792 0.464 0.688 0.750 0.619 0.167 0.000 0.000 0.667 0.771 0.375 0.250 0.250 0.604 0.667 0.857 0.857 0.905 0.500 0.591 0.673 ט
0.577 0.197 0.451 0.538 0.087 0.788 0.774 0.585 0.774 0.639 0.346 0.067 0.000 0.010 0.553 0.505 0.115 0.201 0.192 0.356 0.433 0.769 0.955 0.962 0.558 0.592 0.864 מ
0.630 0.274 0.371 0.505 0.058 0.668 0.553 0.567 0.668 0.611 0.332 0.101 0.170 0.000 0.510 0.543 0.207 0.254 0.250 0.365 0.788 0.894 0.924 0.971 0.452 0.592 0.864 ט
0.738 0.143 0.095 0.833 0.452 0.738 0.833 0.357 0.810 0.857 0.625 0.688 0.958 0.729 0.229 0.952 0.595 0.381 0.881 0.690 0.738 0.786 0.095 0.167 0.690 0.594 0.744 א
0.476 0.762 0.595 0.571 0.357 0.167 0.643 0.476 0.524 0.619 0.229 0.479 0.000 0.000 0.396 0.381 0.619 0.000 0.000 0.476 0.857 0.500 0.000 0.000 0.571 0.594 0.667 ת
0.667 0.119 0.029 0.714 0.595 0.643 0.810 0.257 0.500 0.786 0.500 0.476 0.857 0.714 0.095 0.857 0.405 0.229 0.762 0.619 0.810 0.810 0.057 0.071 0.571 0.597 0.660 א
0.810 0.743 0.714 0.686 0.357 0.548 0.429 0.476 0.600 0.786 0.444 0.000 0.000 0.000 0.444 0.452 0.000 0.000 0.000 0.500 0.786 0.857 0.857 0.800 0.405 0.600 0.714 ס
0.786 0.171 0.381 0.857 0.286 0.738 0.429 0.405 0.343 0.548 0.417 0.067 0.028 0.000 0.306 0.476 0.000 0.000 0.000 0.262 0.810 0.829 0.857 0.857 0.524 0.600 0.667 ט
0.854 0.875 0.946 0.917 0.938 0.381 0.143 0.143 0.190 0.476 0.417 0.021 0.000 0.000 0.562 0.714 0.167 0.000 0.000 0.810 0.604 0.104 0.000 0.000 0.708 0.603 0.694 ח
0.750 0.438 0.196 0.917 0.542 0.524 1.000 0.592 0.810 0.786 0.729 0.562 0.786 0.729 0.208 0.714 0.905 0.184 0.643 0.810 0.333 0.729 0.625 0.438 0.375 0.603 0.810 אַ
0.310 0.738 0.571 0.571 0.405 0.083 0.646 0.396 0.458 0.750 0.071 0.476 0.000 0.000 0.500 0.292 0.667 0.000 0.000 0.583 0.667 0.452 0.000 0.000 0.571 0.606 0.688 ת
0.762 0.571 0.595 0.571 0.452 0.405 0.429 0.429 0.657 0.476 0.000 0.000 0.000 0.400 0.167 0.000 0.000 0.000 0.400 0.310 0.000 0.000 0.000 0.457 0.310 0.613 0.660 ד
0.690 0.571 0.571 0.571 0.286 0.571 0.571 0.571 0.571 0.714 0.452 0.000 0.000 0.000 0.476 0.476 0.000 0.000 0.000 0.500 0.667 0.714 0.786 0.771 0.452 0.613 0.660 ס
0.905 0.714 0.714 0.657 0.262 0.643 0.429 0.429 0.600 0.833 0.476 0.000 0.000 0.000 0.667 0.714 0.200 0.143 0.257 0.667 0.905 0.857 0.905 0.857 0.310 0.613 0.721 ס
0.244 0.744 0.594 0.483 0.083 0.146 0.714 0.755 0.854 0.562 0.000 0.000 0.000 0.050 0.528 0.099 0.234 0.224 0.208 0.615 0.772 1.000 1.000 1.000 0.883 0.616 0.768 ב
0.810 0.571 0.571 0.543 0.143 0.762 0.600 0.571 0.657 0.738 0.625 0.000 0.000 0.000 0.646 0.810 0.229 0.190 0.229 0.762 0.952 0.914 0.881 0.886 0.905 0.625 0.744 ם
0.571 0.643 0.571 0.524 0.171 0.200 0.429 0.514 0.762 0.600 0.000 0.000 0.000 0.190 0.429 0.000 0.000 0.000 0.167 0.343 0.629 0.857 0.829 0.786 0.714 0.629 0.738 ב
0.686 0.619 0.571 0.595 0.200 0.429 0.429 0.429 0.452 0.657 0.543 0.000 0.000 0.000 0.429 0.600 0.024 0.000 0.024 0.343 0.771 0.786 0.743 0.738 0.771 0.629 0.660 ם
0.756 0.648 0.667 0.655 0.544 0.469 0.477 0.500 0.528 0.583 0.000 0.000 0.000 0.030 0.400 0.000 0.000 0.000 0.000 0.589 0.000 0.000 0.000 0.000 0.494 0.630 0.830 ד
0.917 0.896 0.850 0.833 0.396 0.548 0.167 0.200 0.286 0.690 0.646 0.000 0.000 0.000 0.396 0.714 0.214 0.286 0.286 0.571 0.917 0.896 0.825 0.812 0.354 0.632 0.694 ס
0.738 0.714 0.667 0.514 0.095 0.292 0.500 0.521 0.825 0.333 0.000 0.000 0.000 0.543 0.357 0.250 0.300 0.292 0.725 0.583 0.762 0.857 0.857 0.943 0.524 0.636 0.767 ב
0.690 0.571 0.571 0.571 0.333 0.667 0.625 0.625 0.775 0.438 0.619 0.000 0.000 0.514 0.286 0.667 0.000 0.000 0.500 0.625 0.571 0.000 0.000 0.571 0.429 0.636 0.688 ח
0.629 0.571 0.571 0.571 0.400 0.314 0.571 0.571 0.643 0.743 0.400 0.000 0.000 0.167 0.575 0.571 0.000 0.000 0.024 0.429 0.686 0.000 0.000 0.048 0.286 0.641 0.727 ה
0.829 0.686 0.524 0.543 0.343 0.514 0.400 0.405 0.543 0.743 0.371 0.000 0.000 0.000 0.571 0.457 0.114 0.024 0.057 0.543 0.771 0.857 0.690 0.657 0.371 0.645 0.689 ס
0.656 0.863 0.882 0.853 0.403 0.162 0.185 0.171 0.176 0.453 0.371 0.000 0.000 0.064 0.362 0.641 0.245 0.521 0.491 0.167 0.579 0.054 0.000 0.000 0.000 0.645 0.943 ק
0.740 0.672 0.683 0.635 0.599 0.422 0.625 0.625 0.604 0.677 0.417 0.089 0.000 0.000 0.552 0.812 0.062 0.000 0.000 0.786 0.807 0.078 0.000 0.000 0.672 0.625 0.673 ה
0.729 0.604 0.575 0.542 0.167 0.738 0.738 0.543 0.667 0.786 0.729 0.146 0.000 0.021 0.688 0.833 0.405 0.286 0.286 0.762 0.750 0.875 0.875 0.875 0.875 0.632 0.791 ם
0.704 0.159 0.000 0.667 0.574 0.537 0.841 0.519 0.476 0.537 0.604 0.214 0.646 0.857 0.438 0.722 0.683 0.000 0.317 0.852 0.333 0.524 0.389 0.444 0.278 0.650 0.727 אַ
0.829 0.190 0.057 0.762 0.571 0.629 0.905 0.429 0.429 0.743 0.567 0.389 0.933 0.667 0.033 0.971 0.476 0.286 0.762 0.686 0.714 0.738 0.086 0.048 0.743 0.617 0.667 א
0.478 0.152 0.000 0.570 0.539 0.708 0.879 0.604 0.556 0.662 0.588 0.403 0.720 0.850 0.475 0.855 0.761 0.012 0.309 0.809 0.350 0.461 0.357 0.302 0.145 0.616 0.737 אַ
0.792 0.188 0.025 0.729 0.562 0.690 0.905 0.400 0.690 0.786 0.771 0.417 0.850 0.833 0.229 0.881 0.667 0.086 0.500 0.762 0.438 0.833 0.500 0.479 0.312 0.632 0.667 אַ
0.750 0.312 0.161 0.917 0.438 0.542 0.979 0.571 0.750 0.688 0.786 0.452 0.796 0.762 0.167 0.875 0.854 0.232 0.708 0.750 0.417 0.833 0.661 0.542 0.375 0.614 0.833 אַ
0.762 0.343 0.095 0.829 0.405 0.714 0.800 0.071 0.771 0.738 0.000 0.550 0.833 0.425 0.000 0.048 0.171 0.786 0.971 0.286 0.381 0.914 0.857 0.829 0.262 0.625 0.744 צ
0.743 0.714 0.714 0.629 0.171 0.457 0.371 0.400 0.514 0.571 0.767 0.667 0.367 0.600 0.300 0.457 0.286 0.086 0.229 0.343 0.714 0.857 0.857 0.857 0.657 0.650 0.714 פּ
0.115 0.097 0.000 0.733 0.455 0.307 0.801 0.199 0.716 0.983 0.212 0.709 0.939 0.703 0.297 0.824 0.403 0.426 0.943 0.693 0.861 0.636 0.048 0.164 0.788 0.623 0.676 א
0.457 0.886 0.810 0.743 0.257 0.300 0.333 0.167 0.333 0.533 0.543 0.857 0.238 0.686 0.514 0.200 0.267 0.056 0.233 0.433 0.600 0.743 0.714 0.686 0.600 0.621 0.659 פּ
0.625 0.750 0.646 0.575 0.188 0.595 0.657 0.571 0.686 0.786 0.604 0.875 0.562 0.700 0.708 0.500 0.629 0.452 0.486 0.643 0.708 0.775 0.854 0.875 0.750 0.647 0.810 פּ
0.190 0.800 0.571 0.571 0.286 0.214 0.771 0.571 0.571 0.762 0.375 0.875 0.438 0.550 0.604 0.524 0.486 0.262 0.314 0.452 0.310 0.857 0.881 0.886 0.786 0.625 0.667 פּ
0.438 0.693 0.630 0.510 0.057 0.380 0.401 0.344 0.594 0.464 0.644 0.889 0.389 0.000 0.389 0.354 0.458 0.276 0.198 0.406 0.729 0.911 0.927 0.917 0.266 0.627 0.852 פ
0.476 0.952 0.914 0.786 0.286 0.417 0.417 0.275 0.375 0.583 0.571 1.000 0.629 0.000 0.548 0.292 0.333 0.300 0.250 0.500 0.738 0.929 1.000 1.000 0.452 0.621 0.673 פ
0.648 0.667 0.648 0.574 0.611 0.458 0.000 0.000 0.438 0.188 0.000 0.000 0.426 0.426 0.000 0.000 0.104 0.854 0.188 0.000 0.000 0.167 0.963 0.130 0.000 0.667 0.696 7
0.741 0.704 0.685 0.796 0.778 0.562 0.000 0.021 0.521 0.146 0.000 0.000 0.481 0.426 0.000 0.000 0.188 0.979 0.208 0.000 0.000 0.278 0.944 0.278 0.000 0.667 0.750 7
0.759 0.487 0.032 0.781 0.551 0.566 0.869 0.056 0.697 0.692 0.005 0.495 0.364 0.187 0.000 0.061 0.889 0.167 0.000 0.000 0.064 0.904 0.000 0.000 0.000 0.673 0.840 ץ
0.850 0.667 0.225 0.792 0.550 0.450 0.729 0.125 0.625 0.650 0.086 0.643 0.400 0.095 0.000 0.200 0.833 0.000 0.000 0.000 0.200 0.792 0.000 0.000 0.000 0.671 0.833 ץ
0.776 0.564 0.106 0.758 0.473 0.576 0.836 0.378 0.600 0.976 0.000 0.073 0.894 0.733 0.030 0.000 0.206 0.411 0.982 0.679 0.291 0.994 1.000 0.988 0.818 0.653 0.664 צ
0.463 0.444 0.422 0.500 0.352 0.542 0.208 0.000 0.396 0.688 0.037 0.333 0.333 0.667 0.204 0.479 0.146 0.000 0.229 0.875 0.611 0.426 0.333 0.500 0.556 0.679 0.796 3
0.396 0.708 0.175 0.333 0.729 0.042 0.625 0.200 0.146 0.667 0.000 0.542 0.025 0.312 0.208 0.000 0.417 0.750 0.750 0.104 0.604 0.688 0.525 0.229 0.000 0.653 0.735 ע
0.500 0.729 0.225 0.458 0.700 0.050 0.542 0.175 0.229 0.650 0.000 0.429 0.029 0.381 0.229 0.000 0.396 0.650 0.667 0.000 0.500 0.625 0.475 0.250 0.000 0.671 0.714 ע
0.370 0.463 0.444 0.574 0.574 0.667 0.438 0.062 0.417 0.729 0.222 0.907 0.833 0.889 0.241 0.792 0.312 0.021 0.438 0.917 0.648 0.556 0.333 0.463 0.685 0.667 0.796 8
0.352 0.648 0.381 0.370 0.759 0.396 0.333 0.375 0.125 0.562 0.426 0.259 0.397 0.407 0.259 0.396 0.229 0.804 0.771 0.021 0.630 0.611 0.317 0.074 0.000 0.654 0.796 ע
0.764 0.690 0.093 0.676 0.579 0.278 0.593 0.083 0.278 0.644 0.015 0.485 0.000 0.196 0.284 0.042 0.505 0.546 0.764 0.037 0.546 0.829 0.602 0.282 0.000 0.671 0.966 ע
0.514 0.714 0.657 0.600 0.286 0.171 0.429 0.429 0.457 0.600 0.000 0.000 0.000 0.000 0.286 0.000 0.000 0.000 0.000 0.400 0.657 0.829 0.829 0.857 0.800 0.661 0.689 ב
0.471 0.128 0.000 0.733 0.497 0.647 0.888 0.305 0.674 0.952 0.647 0.524 0.957 0.850 0.294 0.995 0.845 0.176 0.706 0.850 0.476 0.604 0.374 0.230 0.369 0.660 0.692 אַ
0.729 0.775 0.271 0.675 0.646 0.417 0.900 0.271 0.450 0.729 0.229 0.825 0.146 0.700 0.354 0.146 0.850 0.938 0.875 0.083 0.854 0.725 0.500 0.225 0.000 0.667 0.837 ע
0.312 0.850 0.396 0.250 0.854 0.021 0.700 0.396 0.050 0.625 0.000 0.629 0.262 0.229 0.357 0.000 0.375 0.750 0.850 0.188 0.604 0.750 0.542 0.275 0.021 0.657 0.700 ע
0.708 0.171 0.000 0.594 0.477 0.662 0.940 0.472 0.513 0.667 0.699 0.338 0.731 0.902 0.361 0.787 0.876 0.074 0.286 0.829 0.269 0.436 0.412 0.226 0.153 0.663 0.977 אָ
0.800 0.743 0.714 0.600 0.514 0.371 0.429 0.457 0.457 0.600 0.400 0.000 0.000 0.143 0.371 0.600 0.000 0.000 0.000 0.000 0.600 0.000 0.000 0.000 0.000 0.661 0.705 ה
0.333 0.521 0.396 0.625 0.458 0.611 0.593 0.000 0.315 0.981 0.083 0.125 0.167 0.625 0.375 0.074 0.463 0.370 0.093 0.556 0.771 0.854 0.688 0.729 0.917 0.658 0.679 2
0.710 0.682 0.675 0.631 0.420 0.376 0.430 0.460 0.370 0.655 0.000 0.000 0.000 0.000 0.381 0.000 0.000 0.000 0.000 0.364 0.000 0.000 0.000 0.000 0.284 0.662 0.841 ר
0.259 0.370 0.296 0.500 0.463 0.542 0.542 0.000 0.167 0.958 0.019 0.074 0.204 0.556 0.407 0.062 0.396 0.312 0.021 0.562 0.667 0.685 0.519 0.593 0.778 0.667 0.696 2
0.914 0.657 0.571 0.571 0.257 0.343 0.543 0.429 0.543 0.543 0.000 0.000 0.000 0.000 0.525 0.000 0.000 0.000 0.057 0.857 0.000 0.000 0.000 0.114 0.600 0.656 0.762 ר
0.743 0.686 0.690 0.714 0.629 0.286 0.400 0.405 0.514 0.629 0.000 0.000 0.000 0.200 0.550 0.000 0.000 0.000 0.200 0.800 0.000 0.000 0.000 0.200 0.629 0.656 0.681 ד
0.600 0.829 0.714 0.686 0.343 0.286 0.457 0.429 0.543 0.943 0.000 0.000 0.000 0.000 0.675 0.086 0.286 0.286 0.286 0.743 0.800 0.914 0.857 0.857 0.486 0.656 0.744 כ
0.886 0.714 0.714 0.714 0.343 0.200 0.429 0.429 0.457 0.857 0.000 0.000 0.000 0.000 0.743 0.000 0.000 0.000 0.000 0.800 0.000 0.000 0.000 0.000 0.771 0.661 0.674 ר
0.278 0.500 0.289 0.426 0.333 0.854 0.167 0.000 0.167 0.875 0.981 0.167 0.000 0.167 1.000 0.771 0.208 0.000 0.167 0.854 0.222 0.556 0.444 0.481 0.259 0.679 0.696 0
0.333 0.500 0.370 0.481 0.315 0.907 0.278 0.000 0.426 0.870 0.479 0.562 0.312 0.729 1.000 0.296 0.333 0.148 0.481 0.704 0.519 0.722 0.426 0.593 0.130 0.675 0.800 9
0.914 0.619 0.571 0.571 0.571 0.775 0.646 0.500 0.646 0.825 0.914 0.167 0.000 0.310 0.600 1.000 0.167 0.000 0.333 0.900 0.829 0.048 0.000 0.333 0.800 0.652 0.767 ח
0.829 0.600 0.571 0.571 0.486 0.450 0.500 0.542 0.650 0.875 0.657 0.000 0.000 0.200 0.800 0.800 0.000 0.000 0.050 0.825 0.686 0.000 0.000 0.200 0.743 0.667 0.660 ה
0.729 0.500 0.525 0.500 0.292 0.463 0.556 0.556 0.778 0.556 0.771 0.000 0.000 0.458 0.604 0.870 0.037 0.000 0.463 0.870 0.354 0.000 0.000 0.354 0.833 0.671 0.717 ה
0.743 0.543 0.548 0.571 0.486 0.314 0.571 0.571 0.657 0.857 0.000 0.000 0.000 0.175 0.650 0.000 0.000 0.000 0.000 0.600 0.000 0.000 0.000 0.114 0.686 0.656 0.727 ד
0.486 0.771 0.571 0.571 0.286 0.229 0.571 0.571 0.600 0.714 0.000 0.000 0.000 0.000 0.450 0.057 0.143 0.143 0.143 0.600 0.657 0.857 0.857 0.857 0.543 0.672 0.727 כ
0.914 0.629 0.571 0.600 0.571 0.514 0.571 0.571 0.686 0.743 0.000 0.000 0.000 0.200 0.625 0.000 0.000 0.000 0.200 0.629 0.000 0.000 0.000 0.200 0.543 0.656 0.727 ד
0.514 0.714 0.571 0.486 0.200 0.229 0.543 0.571 0.743 0.600 0.000 0.000 0.000 0.175 0.575 0.000 0.086 0.024 0.200 0.600 0.657 0.943 0.881 0.886 0.857 0.656 0.727 ב
0.800 0.690 0.657 0.619 0.486 0.400 0.521 0.575 0.604 0.850 0.743 0.310 0.000 0.095 0.714 0.800 0.333 0.000 0.104 0.875 0.657 0.214 0.000 0.167 0.771 0.652 0.688 ה
0.829 0.629 0.500 0.543 0.171 0.450 0.600 0.583 0.625 0.625 0.000 0.000 0.000 0.171 0.743 0.000 0.000 0.000 0.250 0.900 0.000 0.000 0.000 0.343 0.771 0.667 0.660 ר
0.413 0.715 0.673 0.679 0.300 0.167 0.552 0.600 0.655 0.900 0.000 0.000 0.000 0.000 0.440 0.147 0.230 0.200 0.200 0.480 0.853 1.000 1.000 0.994 0.453 0.662 0.689 כ
0.600 0.548 0.429 0.429 0.171 0.375 0.604 0.625 0.562 0.650 0.429 0.000 0.000 0.000 0.629 0.400 0.000 0.000 0.042 0.850 0.029 0.000 0.000 0.000 0.600 0.652 0.688 ר
0.857 0.500 0.514 0.524 0.343 0.575 0.625 0.625 0.750 0.750 0.714 0.143 0.000 0.310 0.600 1.000 0.333 0.000 0.292 0.800 0.971 0.286 0.000 0.333 0.629 0.652 0.943 ה
0.833 0.667 0.667 0.680 0.387 0.767 0.707 0.700 0.733 0.913 0.669 0.000 0.000 0.000 0.387 0.920 0.340 0.327 0.333 0.540 0.953 1.000 1.000 0.993 0.420 0.653 0.713 ס
0.743 0.743 0.643 0.600 0.114 0.314 0.514 0.476 0.743 0.486 0.000 0.000 0.000 0.250 0.575 0.114 0.143 0.143 0.457 0.429 0.800 0.857 0.929 0.971 0.771 0.656 0.667 ב
0.629 0.514 0.476 0.400 0.086 0.575 0.525 0.500 0.675 0.625 0.657 0.714 0.167 0.000 0.543 0.375 0.325 0.146 0.125 0.475 0.886 0.943 0.929 0.914 0.657 0.667 0.688 פ
0.781 0.725 0.711 0.686 0.198 0.610 0.593 0.492 0.539 0.642 0.828 0.519 0.389 0.000 0.591 0.727 0.779 0.615 0.000 0.717 0.043 0.000 0.000 0.000 0.845 0.677 0.766 ף
0.753 0.620 0.633 0.587 0.173 0.647 0.647 0.660 0.820 0.860 0.825 0.887 0.444 0.006 0.562 0.487 0.593 0.307 0.207 0.520 0.860 1.000 1.000 1.000 0.673 0.653 0.766 פ
0.815 0.333 0.074 0.759 0.463 0.574 0.852 0.648 0.611 0.519 0.938 0.417 0.500 0.875 0.375 0.759 0.519 0.481 0.519 0.481 0.000 0.000 0.648 0.185 0.000 0.675 0.930 אָ
0.704 0.259 0.111 0.796 0.648 0.562 0.917 0.575 0.604 0.667 0.704 0.370 0.511 0.833 0.463 0.750 0.792 0.575 0.708 0.854 0.019 0.000 0.600 0.333 0.037 0.679 0.696 אָ
0.741 0.426 0.056 0.796 0.667 0.542 0.938 0.667 0.604 0.604 0.870 0.407 0.537 0.852 0.389 0.812 0.729 0.604 0.729 0.750 0.019 0.000 0.741 0.167 0.056 0.667 0.722 אָ
0.553 0.733 0.660 0.587 0.247 0.440 0.693 0.627 0.740 0.920 0.700 0.938 0.556 0.325 0.512 0.487 0.640 0.367 0.293 0.460 0.833 1.000 1.000 1.000 0.687 0.653 0.699 פּ
0.344 0.348 0.038 0.842 0.498 0.423 0.950 0.514 0.804 0.773 0.595 0.563 0.793 0.939 0.409 0.735 0.915 0.182 0.527 0.873 0.296 0.413 0.620 0.449 0.385 0.667 0.861 אַ
0.426 0.500 0.889 0.333 0.000 0.000 0.229 1.000 0.333 0.000 0.000 0.148 0.978 0.333 0.000 0.000 0.146 0.975 0.292 0.000 0.296 0.481 0.889 0.426 0.352 0.679 0.796 1
0.481 0.463 0.815 0.296 0.000 0.130 0.315 1.000 0.278 0.000 0.000 0.167 1.000 0.333 0.000 0.000 0.167 1.000 0.278 0.000 0.463 0.611 0.981 0.630 0.481 0.675 0.690 1
0.426 0.574 0.933 0.185 0.000 0.083 0.396 1.000 0.167 0.000 0.000 0.333 1.000 0.222 0.000 0.000 0.292 1.000 0.229 0.000 0.407 0.667 1.000 0.556 0.407 0.679 0.796 1
0.289 0.773 0.747 0.740 0.207 0.919 0.547 0.000 0.353 0.881 0.674 0.788 0.400 0.712 1.000 0.148 0.327 0.307 0.427 0.911 0.378 0.847 0.620 0.807 0.341 0.694 0.766 9
0.625 0.600 0.083 0.700 0.600 0.300 0.775 0.104 0.475 0.575 0.200 0.711 0.056 0.422 0.089 0.075 0.625 0.708 0.550 0.000 0.900 0.650 0.417 0.150 0.000 0.703 0.755 ע
0.575 0.750 0.200 0.521 0.800 0.100 0.667 0.175 0.333 0.675 0.025 0.625 0.075 0.479 0.250 0.025 0.583 0.700 0.667 0.025 0.725 0.646 0.400 0.167 0.000 0.681 0.706 ע
0.700 0.562 0.575 0.562 0.350 0.350 0.250 0.200 0.250 0.525 0.629 0.929 0.543 0.000 0.400 0.300 0.188 0.050 0.000 0.400 0.000 0.000 0.000 0.000 0.475 0.729 0.745 ף
0.625 0.625 0.167 0.625 0.625 0.325 0.850 0.229 0.450 0.800 0.133 0.644 0.037 0.444 0.289 0.025 0.625 0.708 0.775 0.000 0.725 0.700 0.458 0.200 0.000 0.703 0.755 ע
0.725 0.775 0.250 0.425 0.750 0.250 0.800 0.229 0.175 0.775 0.171 0.829 0.048 0.343 0.400 0.000 0.550 0.688 0.800 0.125 0.800 0.775 0.500 0.250 0.000 0.686 0.745 ע
0.475 0.625 0.225 0.417 0.575 0.125 0.688 0.300 0.250 0.750 0.000 0.519 0.089 0.333 0.289 0.025 0.583 0.675 0.667 0.000 0.800 0.688 0.475 0.146 0.000 0.689 0.755 ע
0.725 0.650 0.625 0.550 0.375 0.350 0.375 0.375 0.475 0.875 0.622 0.022 0.000 0.133 0.667 0.650 0.275 0.656 0.525 0.175 0.750 0.400 0.094 0.000 0.000 0.730 0.787 ק
0.675 0.525 0.500 0.500 0.325 0.489 0.356 0.417 0.533 0.911 0.600 0.000 0.000 0.075 0.750 0.622 0.222 0.472 0.489 0.244 0.700 0.200 0.000 0.000 0.000 0.737 0.776 ק
0.000 0.667 0.893 0.714 0.500 0.000 0.238 0.464 0.619 0.607 0.000 0.000 0.000 0.000 0.458 0.143 0.333 0.393 0.571 0.929 0.571 0.905 0.750 0.333 0.571 0.767 0.667 ג
0.000 0.714 0.762 0.571 0.429 0.000 0.281 0.500 0.594 0.875 0.000 0.000 0.000 0.107 0.786 0.094 0.281 0.333 0.531 1.000 0.643 0.857 0.857 0.964 0.750 0.773 0.673 נ
0.000 0.429 0.886 0.643 0.464 0.000 0.156 0.525 0.750 0.938 0.000 0.000 0.000 0.250 0.857 0.094 0.344 0.375 0.625 0.938 0.679 0.929 0.914 0.857 0.571 0.742 0.767 נ
0.000 0.536 0.929 0.750 0.571 0.000 0.214 0.536 0.679 0.786 0.000 0.000 0.000 0.286 0.821 0.000 0.393 0.500 0.571 0.929 0.500 0.821 0.750 0.357 0.714 0.742 0.705 ג
0.625 0.750 0.719 0.700 0.525 0.375 0.250 0.250 0.350 0.800 0.657 0.057 0.000 0.057 0.600 0.675 0.200 0.469 0.550 0.325 0.750 0.300 0.094 0.000 0.000 0.714 0.729 ק
0.179 0.857 0.714 0.571 0.500 0.031 0.333 0.562 0.625 0.906 0.000 0.000 0.000 0.238 0.929 0.156 0.333 0.250 0.333 0.875 0.643 0.762 0.750 0.810 0.500 0.788 0.750 נ
0.657 0.686 0.571 0.571 0.286 0.343 0.571 0.571 0.600 0.714 0.000 0.000 0.000 0.000 0.450 0.086 0.143 0.143 0.143 0.600 0.771 0.857 0.857 0.857 0.543 0.688 0.727 כ
0.657 0.686 0.571 0.571 0.286 0.343 0.571 0.571 0.600 0.714 0.000 0.000 0.000 0.000 0.450 0.086 0.143 0.143 0.143 0.600 0.771 0.857 0.857 0.857 0.543 0.688 0.727 כ
0.000 0.679 0.714 0.571 0.429 0.000 0.286 0.571 0.607 0.750 0.000 0.000 0.000 0.000 0.500 0.036 0.071 0.048 0.286 0.786 0.643 0.929 0.905 0.964 0.607 0.758 0.689 נ
0.622 0.600 0.111 0.000 0.000 0.889 0.556 0.578 0.600 0.522 0.302 0.344 0.365 0.365 0.948 0.000 0.000 0.167 0.511 0.467 0.000 0.378 0.867 0.078 0.000 0.792 0.783 ל
0.333 0.467 0.481 0.089 0.000 0.778 0.667 0.611 0.511 0.200 0.000 0.000 0.125 0.725 0.550 0.000 0.178 0.333 0.489 0.156 0.267 0.667 0.074 0.000 0.000 0.725 0.769 ל
0.511 0.311 0.000 0.000 0.000 0.750 0.575 0.688 0.775 0.475 0.000 0.000 0.000 0.267 0.778 0.000 0.050 0.312 0.475 0.375 0.200 0.578 0.111 0.022 0.000 0.744 0.780 ל
0.286 0.857 0.667 0.464 0.250 0.143 0.607 0.762 0.893 0.714 0.000 0.000 0.000 0.438 0.719 0.429 0.571 0.524 0.714 0.929 1.000 0.964 0.667 0.714 0.821 0.766 0.744 ג
0.725 0.812 0.625 0.587 0.262 0.435 0.718 0.812 0.941 0.753 0.000 0.000 0.000 0.600 0.600 0.000 0.000 0.000 0.765 0.765 0.000 0.000 0.112 0.950 0.775 0.840 0.690 ו
0.678 0.933 0.689 0.533 0.344 0.344 0.667 0.938 0.979 0.938 0.000 0.322 0.944 0.489 0.033 0.000 0.552 1.000 0.917 0.104 0.000 0.356 0.967 0.533 0.022 0.822 0.676 ז
0.458 0.450 0.833 0.200 0.000 0.167 0.311 0.963 0.222 0.000 0.000 0.175 0.917 0.125 0.000 0.000 0.200 0.907 0.089 0.000 0.375 0.500 0.979 0.475 0.375 0.684 0.776 1
0.630 1.000 0.944 0.778 0.593 0.042 0.458 1.000 1.000 0.500 0.074 0.704 1.000 1.000 0.333 0.083 0.750 1.000 1.000 0.333 0.037 0.667 1.000 0.963 0.333 0.872 0.780 ן
0.762 0.810 0.571 0.524 0.333 0.429 0.571 0.643 0.857 0.810 0.000 0.000 0.000 0.333 0.667 0.000 0.000 0.000 0.333 0.857 0.000 0.000 0.000 0.333 1.000 0.833 0.667 ו
0.857 0.905 0.393 0.095 0.000 0.625 0.792 0.594 0.708 0.458 0.000 0.000 0.071 0.714 0.667 0.000 0.000 0.125 0.792 0.708 0.000 0.000 0.143 0.762 0.524 0.818 0.767 ו
0.875 0.917 0.583 0.417 0.250 0.524 0.714 0.952 1.000 1.000 0.000 0.000 0.125 0.750 1.000 0.000 0.000 0.238 0.905 1.000 0.000 0.000 0.250 0.917 0.833 0.838 0.680 ו
0.905 0.714 0.500 0.381 0.095 0.476 0.714 0.857 0.952 0.476 0.000 0.000 0.000 0.381 0.333 0.000 0.000 0.000 0.333 0.571 0.000 0.000 0.000 0.571 0.762 0.839 0.738 ו
0.943 0.657 0.686 0.714 0.429 0.400 0.500 0.550 0.550 0.775 0.000 0.000 0.000 0.000 0.743 0.000 0.000 0.000 0.000 0.725 0.000 0.000 0.000 0.000 0.771 0.682 0.767 ר
1.000 0.875 0.875 0.708 0.156 0.250 0.375 0.438 0.875 0.250 0.000 0.000 0.000 0.667 0.250 0.000 0.000 0.125 0.833 0.469 0.000 0.000 0.219 0.958 0.500 0.800 0.714 ו
1.000 1.000 0.917 0.719 0.167 0.167 0.281 0.375 0.781 0.208 0.000 0.000 0.000 0.750 0.429 0.000 0.000 0.000 0.750 0.542 0.000 0.000 0.042 0.750 0.583 0.814 0.714 ו
0.743 0.571 0.571 0.571 0.314 0.350 0.500 0.500 0.500 0.625 0.000 0.000 0.000 0.000 0.657 0.000 0.000 0.000 0.000 0.650 0.000 0.000 0.000 0.000 0.371 0.697 0.688 ר
0.844 0.867 0.833 0.985 0.970 0.000 0.000 0.240 0.970 0.393 0.000 0.015 0.767 0.689 0.007 0.000 0.304 1.000 0.267 0.000 0.000 0.556 0.960 0.074 0.000 0.704 0.755 7
0.758 0.752 0.444 0.366 0.562 0.920 0.975 0.944 0.944 0.840 0.080 0.123 0.111 0.123 0.611 0.000 0.000 0.019 0.284 0.451 0.000 0.183 0.784 0.301 0.000 0.732 0.785 ל
0.900 0.775 0.750 0.675 0.500 0.571 0.400 0.321 0.429 0.914 0.900 0.200 0.000 0.200 0.825 0.971 0.400 0.679 0.686 0.257 0.825 0.400 0.156 0.000 0.000 0.706 0.708 ק
0.800 0.675 0.650 0.600 0.325 0.400 0.425 0.350 0.550 0.775 0.775 0.200 0.025 0.300 0.750 0.800 0.425 0.650 0.475 0.125 0.750 0.300 0.075 0.000 0.000 0.708 0.720 ק
0.857 1.000 0.821 0.571 0.333 0.571 0.857 1.000 0.905 0.714 0.042 0.500 0.875 0.167 0.000 0.190 0.857 1.000 0.333 0.000 0.190 0.857 0.893 0.190 0.000 0.812 0.667 ז
0.905 0.857 0.643 0.571 0.429 0.381 0.762 1.000 0.857 0.762 0.000 0.542 1.000 0.458 0.000 0.000 0.667 1.000 0.762 0.095 0.000 0.571 0.929 0.714 0.095 0.844 0.711 ז
0.815 1.000 0.889 0.722 0.593 0.042 0.250 0.792 0.750 0.292 0.037 0.556 1.000 0.556 0.037 0.125 0.688 1.000 0.938 0.292 0.000 0.500 1.000 0.944 0.296 0.885 0.750 ן
0.857 0.556 0.136 0.619 0.770 0.421 0.905 0.343 0.159 0.778 0.000 0.643 0.036 0.262 0.508 0.008 0.516 0.893 0.929 0.167 0.571 0.921 0.486 0.048 0.000 0.700 0.761 ע
0.762 0.905 0.714 0.476 0.429 0.625 0.917 1.000 1.000 0.958 0.000 0.667 1.000 0.476 0.095 0.000 0.667 1.000 0.542 0.000 0.000 0.619 0.952 0.476 0.000 0.833 0.660 ז
0.850 0.700 0.188 0.575 0.800 0.325 0.825 0.208 0.350 0.800 0.171 0.714 0.024 0.571 0.286 0.000 0.675 0.729 0.800 0.050 0.775 0.725 0.479 0.200 0.000 0.686 0.673 ע
0.850 0.600 0.146 0.750 0.600 0.475 0.775 0.229 0.700 0.700 0.114 0.771 0.500 0.086 0.000 0.375 0.825 0.042 0.000 0.000 0.400 0.775 0.000 0.000 0.000 0.686 0.714 ץ
0.852 1.000 0.889 0.722 0.630 0.222 0.444 0.852 0.944 0.519 0.250 0.812 0.958 0.750 0.167 0.000 0.167 0.778 1.000 0.407 0.074 0.389 0.852 0.944 0.370 0.887 0.702 ן
0.800 0.725 0.562 0.500 0.225 0.725 0.600 0.500 0.625 0.575 0.650 0.900 0.625 0.175 0.700 0.375 0.450 0.083 0.275 0.775 0.000 0.000 0.000 0.225 0.875 0.694 0.720 ף
0.952 0.905 0.667 0.524 0.381 0.542 0.875 1.000 1.000 0.833 0.238 0.905 1.000 0.524 0.048 0.458 1.000 1.000 0.667 0.000 0.429 1.000 0.952 0.524 0.000 0.833 0.688 ז
0.926 1.000 0.778 0.611 0.481 0.296 0.667 0.926 0.722 0.370 0.333 1.000 1.000 0.500 0.000 0.333 1.000 1.000 0.944 0.296 0.296 0.944 0.963 0.889 0.333 0.887 0.769 ן
0.852 0.944 0.778 0.611 0.481 0.407 0.889 0.815 0.444 0.370 0.333 1.000 0.815 0.222 0.000 0.333 1.000 0.741 0.111 0.000 0.333 0.944 1.000 0.722 0.148 0.890 0.759 ן
0.464 0.254 0.000 0.675 0.560 0.526 0.971 0.526 0.603 0.866 0.795 0.518 0.727 0.923 0.377 0.923 0.895 0.062 0.292 0.789 0.038 0.268 0.713 0.239 0.029 0.701 0.968 אָ
0.722 0.289 0.000 0.511 0.630 0.500 0.775 0.625 0.425 0.458 0.796 0.311 0.407 0.778 0.389 0.750 0.550 0.542 0.500 0.542 0.000 0.000 0.537 0.244 0.000 0.692 0.812 אָ
0.054 0.000 0.135 0.289 0.111 0.591 0.529 0.606 0.669 0.491 0.165 0.245 0.263 0.341 0.791 0.000 0.000 0.031 0.243 0.229 0.000 0.003 0.575 0.106 0.000 0.734 0.803 ל
0.000 0.091 0.364 0.455 0.341 0.341 0.750 0.424 0.023 0.000 0.775 0.750 0.000 0.000 0.000 0.386 0.864 0.364 0.000 0.000 0.000 0.114 0.364 0.455 0.341 0.850 0.980 (
0.409 0.455 0.394 0.136 0.000 0.000 0.023 0.303 0.886 0.523 0.000 0.000 0.000 0.750 0.979 0.000 0.023 0.364 0.841 0.455 0.409 0.500 0.455 0.136 0.000 0.856 1.000 )
0.361 0.306 0.422 0.278 0.000 0.806 0.528 0.556 0.556 0.389 0.028 0.056 0.111 0.417 1.000 0.000 0.111 0.311 0.444 0.444 0.500 0.556 0.089 0.000 0.000 0.793 0.837 ל
0.000 0.182 0.424 0.386 0.250 0.523 0.773 0.152 0.000 0.000 0.950 0.750 0.000 0.000 0.000 0.545 0.795 0.212 0.000 0.000 0.000 0.182 0.424 0.409 0.318 0.850 0.943 (
0.000 0.114 0.432 0.591 0.386 0.409 0.909 0.455 0.023 0.000 0.833 1.000 0.250 0.000 0.000 0.477 0.932 0.364 0.000 0.000 0.000 0.136 0.432 0.523 0.386 0.846 1.000 (
0.289 0.352 0.435 0.963 0.922 0.000 0.000 0.333 1.000 1.000 0.000 0.000 0.306 1.000 1.000 0.000 0.000 0.167 1.000 1.000 0.189 0.250 0.417 1.000 0.989 0.867 0.957 ]
0.593 0.500 0.444 0.630 0.352 0.556 0.167 0.044 0.630 0.611 0.146 0.500 0.550 0.667 0.188 0.574 0.148 0.000 0.370 0.907 0.630 0.519 0.400 0.630 0.481 0.688 0.816 3
0.333 0.378 0.444 0.244 0.000 1.000 0.644 0.556 0.556 0.389 0.200 0.120 0.150 0.320 0.900 0.000 0.200 0.361 0.400 0.417 0.389 0.756 0.083 0.000 0.000 0.786 0.840 ל
0.333 0.417 0.467 0.278 0.000 0.806 0.667 0.644 0.583 0.444 0.083 0.111 0.111 0.194 0.750 0.000 0.056 0.222 0.222 0.389 0.333 0.722 0.156 0.000 0.000 0.793 0.837 ל
0.472 0.511 0.500 0.311 0.000 1.000 0.733 0.667 0.667 0.528 0.111 0.111 0.111 0.289 0.944 0.000 0.200 0.389 0.422 0.444 0.361 0.778 0.167 0.000 0.000 0.780 0.820 ל
0.594 0.910 0.535 0.854 0.609 0.352 0.424 0.236 0.979 0.695 0.000 0.092 0.660 0.209 0.007 0.000 0.250 0.340 0.000 0.000 0.062 0.875 0.965 0.201 0.000 0.747 0.802 ?
0.289 0.444 0.583 0.444 0.000 0.756 0.733 0.667 0.578 0.289 0.089 0.156 0.222 0.378 0.867 0.000 0.067 0.222 0.400 0.467 0.200 0.867 0.389 0.067 0.000 0.756 0.837 ל
0.630 0.644 0.593 0.600 0.407 0.481 0.178 0.278 0.178 0.019 0.708 0.350 0.208 0.525 0.667 0.685 0.133 0.000 0.200 1.000 0.574 0.422 0.426 0.533 0.574 0.700 0.816 5
0.708 0.958 0.656 0.375 0.167 0.381 0.714 0.893 1.000 0.762 0.000 0.000 0.281 1.000 0.875 0.000 0.000 0.250 1.000 1.000 0.000 0.000 0.219 0.917 0.708 0.824 0.791 ו
0.704 0.889 0.667 0.556 0.444 0.111 0.500 0.667 0.444 0.185 0.222 0.833 0.667 0.000 0.000 0.370 1.000 0.667 0.000 0.000 0.444 1.000 0.704 0.056 0.000 0.890 0.837 ן
0.156 0.844 0.667 0.444 0.467 0.000 0.156 0.333 0.644 0.467 0.000 0.044 0.306 0.778 0.511 0.578 0.822 0.944 0.644 0.489 0.000 0.000 0.083 0.156 0.689 0.756 0.837 נ
0.583 0.700 0.700 0.650 0.317 0.250 0.183 0.183 0.133 0.500 0.530 0.015 0.091 0.273 0.485 0.717 0.483 0.467 0.283 0.067 0.733 0.267 0.000 0.000 0.000 0.723 0.855 ק
0.689 0.733 0.733 0.733 0.711 0.089 0.089 0.111 0.089 0.422 0.000 0.000 0.000 0.150 0.575 0.000 0.000 0.000 0.178 0.756 0.000 0.000 0.000 0.044 0.733 0.738 0.800 ך
0.000 0.643 0.771 0.571 0.357 0.000 0.281 0.650 0.906 0.875 0.000 0.000 0.000 0.500 0.750 0.125 0.250 0.275 0.812 0.750 0.857 0.929 0.857 0.821 0.464 0.742 0.943 נ
0.667 0.926 0.778 0.593 0.444 0.296 0.704 1.000 0.852 0.407 0.267 0.933 1.000 0.667 0.000 0.333 1.000 1.000 0.667 0.000 0.259 0.926 1.000 0.630 0.000 0.881 1.000 ן
0.630 0.963 0.833 0.667 0.481 0.148 0.667 1.000 0.704 0.259 0.148 0.815 1.000 0.519 0.000 0.148 0.815 1.000 0.815 0.148 0.296 0.926 0.944 0.593 0.000 0.878 0.788 ן
0.609 0.913 1.000 0.950 0.766 0.250 0.850 1.000 0.925 0.391 0.000 0.424 1.000 0.471 0.000 0.000 0.200 0.575 0.225 0.000 0.516 0.950 1.000 0.950 0.578 0.877 0.802 !
0.724 0.897 0.872 0.799 0.628 0.000 0.080 0.367 0.621 0.296 0.000 0.121 0.934 0.344 0.000 0.000 0.161 0.980 0.612 0.000 0.000 0.107 0.821 0.469 0.000 0.879 1.000 ן
0.778 1.000 0.889 0.778 0.667 0.037 0.111 0.444 0.333 0.185 0.000 0.438 0.833 0.312 0.000 0.000 0.500 1.000 0.944 0.296 0.000 0.500 1.000 0.944 0.296 0.887 0.800 ן
0.778 1.000 0.889 0.778 0.667 0.037 0.111 0.593 0.722 0.296 0.000 0.438 0.958 0.875 0.250 0.000 0.500 1.000 1.000 0.333 0.000 0.500 1.000 0.944 0.296 0.887 0.816 ן
0.741 1.000 0.815 0.667 0.593 0.074 0.278 0.741 0.722 0.259 0.000 0.375 0.917 0.688 0.125 0.111 0.667 1.000 0.778 0.185 0.037 0.500 0.963 0.778 0.222 0.887 0.889 ן
0.889 0.889 0.741 0.667 0.556 0.125 0.375 0.625 0.562 0.250 0.074 0.611 0.778 0.278 0.074 0.333 1.000 0.917 0.500 0.083 0.222 0.833 0.963 0.889 0.296 0.885 0.812 ן
0.759 0.689 0.667 0.667 0.556 0.167 0.244 0.296 0.467 0.574 0.000 0.000 0.000 0.267 0.648 0.000 0.000 0.000 0.311 0.778 0.000 0.000 0.000 0.244 0.796 0.707 0.820 ך
1.000 0.889 0.722 0.593 0.389 0.167 0.556 1.000 0.519 0.111 0.389 0.926 1.000 0.333 0.000 0.500 1.000 1.000 0.333 0.000 0.500 1.000 1.000 0.333 0.000 0.902 0.804 ן
0.828 0.667 0.682 0.717 0.652 0.172 0.242 0.273 0.278 0.470 0.000 0.000 0.000 0.000 0.510 0.000 0.000 0.000 0.000 0.611 0.000 0.000 0.000 0.000 0.687 0.717 0.909 ך
0.800 0.767 0.675 0.700 0.633 0.233 0.300 0.450 0.800 0.567 0.000 0.182 0.864 0.636 0.030 0.000 0.333 1.000 0.933 0.267 0.000 0.300 0.925 0.800 0.233 0.872 0.855 ן
0.750 0.733 0.733 0.717 0.267 0.242 0.091 0.091 0.136 0.561 0.567 0.000 0.083 0.367 0.517 0.833 0.424 0.409 0.227 0.030 0.850 0.133 0.000 0.000 0.000 0.729 0.980 ק
0.956 0.756 0.778 0.733 0.644 0.244 0.311 0.241 0.467 0.622 0.000 0.000 0.000 0.289 0.800 0.000 0.000 0.000 0.333 0.956 0.000 0.000 0.000 0.244 0.889 0.732 0.820 ך
0.944 0.852 0.722 0.630 0.500 0.250 0.500 0.812 0.708 0.250 0.000 0.667 1.000 0.519 0.000 0.000 0.667 1.000 0.667 0.000 0.000 0.667 1.000 0.667 0.000 0.897 0.796 ן
0.778 0.911 0.731 0.644 0.489 0.256 0.489 0.565 0.811 0.878 0.000 0.000 0.593 1.000 0.211 0.000 0.122 0.935 1.000 0.389 0.000 0.000 0.806 0.967 0.467 0.878 0.957 ן
0.852 1.000 0.778 0.556 0.444 0.259 0.556 0.778 0.667 0.444 0.333 1.000 0.667 0.000 0.000 0.333 1.000 0.852 0.333 0.037 0.407 1.000 0.963 0.667 0.148 0.890 0.788 ן
0.867 0.583 0.133 0.550 0.650 0.267 0.650 0.133 0.133 0.617 0.067 0.383 0.017 0.250 0.367 0.067 0.650 0.800 0.683 0.050 0.683 0.700 0.267 0.017 0.000 0.717 0.836 ע
0.725 0.650 0.625 0.525 0.250 0.350 0.375 0.375 0.550 0.750 0.711 0.000 0.000 0.200 0.667 0.625 0.225 0.500 0.425 0.100 0.650 0.200 0.025 0.000 0.000 0.716 0.822 ק
0.844 0.667 0.650 0.562 0.198 0.389 0.589 0.640 0.744 0.767 0.000 0.000 0.000 0.000 0.667 0.000 0.000 0.000 0.000 0.756 0.000 0.000 0.000 0.000 0.667 0.831 0.841 ו
0.768 0.758 0.727 0.712 0.354 0.389 0.439 0.384 0.389 0.773 0.646 0.000 0.000 0.000 0.510 0.904 0.197 0.532 0.652 0.338 0.798 0.157 0.046 0.000 0.000 0.711 0.796 ק
0.852 0.889 0.704 0.556 0.444 0.407 0.778 1.000 0.944 0.556 0.481 1.000 1.000 0.944 0.296 0.481 1.000 1.000 1.000 0.333 0.556 0.944 0.963 0.833 0.259 0.890 0.837 ן
0.821 0.532 0.079 0.821 0.558 0.411 0.768 0.168 0.363 0.726 0.042 0.832 0.005 0.458 0.205 0.174 0.779 0.874 0.847 0.000 0.884 0.674 0.353 0.042 0.000 0.725 0.929 ע
0.889 1.000 0.889 0.722 0.556 0.481 0.944 0.815 0.500 0.370 0.667 1.000 0.667 0.000 0.000 0.667 1.000 0.963 0.444 0.000 0.556 0.944 0.852 0.333 0.000 0.890 0.872 ן
0.875 0.917 0.583 0.417 0.250 0.524 0.714 0.952 1.000 1.000 0.000 0.000 0.125 0.750 1.000 0.000 0.000 0.238 0.905 1.000 0.000 0.000 0.250 0.917 0.833 0.838 0.810 ו
0.900 0.600 0.625 0.525 0.250 0.650 0.475 0.475 0.675 0.875 0.889 0.111 0.044 0.333 0.756 0.950 0.575 0.675 0.450 0.125 0.925 0.475 0.075 0.000 0.000 0.716 0.881 ק
0.933 1.000 1.000 0.657 0.322 1.000 1.000 0.689 0.009 0.000 1.000 1.000 0.533 0.000 0.000 1.000 1.000 0.600 0.000 0.000 0.922 1.000 0.844 0.454 0.344 0.872 0.957 [
