0.500 0.571 1.000 1.000 0.643 1.000 1.000 1.000 1.000 0.857 1.000 1.000 1.000 1.000 1.000 0.929 1.000 1.000 1.000 0.857 0.714 0.929 0.500 0.500 0.357 0.113 0.137 -
0.619 0.667 0.667 0.917 0.857 0.952 0.667 0.810 1.000 0.857 0.810 0.667 0.810 1.000 0.952 0.476 0.792 1.000 0.792 0.524 0.000 0.125 0.333 0.125 0.143 0.167 0.212 -
0.700 1.000 1.000 0.600 0.450 1.000 1.000 1.000 1.000 0.800 1.000 1.000 1.000 0.950 0.600 1.000 1.000 1.000 0.800 0.000 0.350 0.900 1.000 0.600 0.000 0.350 0.226 .
0.250 0.550 1.000 0.800 0.350 0.867 1.000 1.000 1.000 1.000 0.550 1.000 1.000 1.000 0.900 0.133 0.933 1.000 1.000 0.533 0.000 0.700 1.000 1.000 0.300 0.350 0.226 .
0.333 0.933 1.000 0.867 0.333 0.812 1.000 1.000 1.000 0.750 0.917 1.000 1.000 1.000 1.000 0.625 1.000 1.000 1.000 0.688 0.167 0.733 0.917 0.600 0.167 0.361 0.232 .
0.250 0.750 1.000 0.562 0.050 0.700 0.500 0.700 1.000 0.800 1.000 1.000 1.000 1.000 0.867 1.000 1.000 1.000 1.000 0.550 0.500 1.000 1.000 0.688 0.050 0.395 0.254 .
0.600 1.000 1.000 0.875 0.300 1.000 1.000 1.000 1.000 0.800 1.000 1.000 1.000 1.000 0.900 1.000 1.000 1.000 1.000 0.667 0.500 1.000 1.000 0.875 0.150 0.368 0.255 .
0.500 0.917 1.000 0.750 0.917 0.917 1.000 1.000 1.000 1.000 1.000 1.000 1.000 1.000 1.000 0.833 1.000 1.000 1.000 0.667 0.583 1.000 1.000 1.000 0.333 0.400 0.267 .
0.583 0.850 0.875 0.400 0.000 0.833 0.200 0.375 0.900 0.417 0.667 0.067 0.111 0.933 0.556 0.625 0.400 0.458 0.950 0.500 0.292 0.900 1.000 0.450 0.000 0.312 0.273 .
0.600 1.000 1.000 0.550 0.100 0.933 1.000 1.000 1.000 0.400 1.000 1.000 1.000 1.000 0.650 0.933 1.000 1.000 0.933 0.667 0.600 1.000 1.000 0.600 0.000 0.350 0.292 .
0.208 0.850 1.000 0.800 0.125 0.750 0.850 0.417 0.850 0.500 1.000 0.550 0.208 0.800 0.750 0.667 0.850 0.750 0.900 0.167 0.208 0.550 0.833 0.400 0.000 0.333 0.302 .
0.125 0.000 0.000 0.000 0.000 0.198 0.000 0.010 0.000 0.031 0.719 0.647 0.676 0.735 0.833 0.823 0.873 0.794 0.765 0.854 0.262 0.059 0.024 0.047 0.075 0.152 0.308 -
0.450 0.700 0.812 0.650 0.250 0.800 0.450 0.125 0.750 1.000 0.667 0.267 0.333 0.400 0.933 0.400 0.500 0.375 0.700 0.500 0.200 0.800 0.750 0.500 0.100 0.375 0.333 .
0.762 0.429 0.262 0.833 0.286 0.190 0.524 0.000 0.333 0.333 0.143 0.714 0.143 0.357 0.286 0.238 0.619 0.071 0.690 0.286 0.119 0.667 0.548 0.762 0.762 0.419 0.347 u
0.333 0.792 0.667 0.562 0.000 0.469 0.429 0.286 0.625 0.000 0.690 0.750 0.548 0.688 0.000 0.673 0.179 0.245 0.714 0.122 0.381 0.917 0.667 0.500 0.952 0.424 0.364 a
0.688 0.646 0.548 0.708 0.417 0.482 0.232 0.653 0.125 0.375 0.479 0.000 0.571 0.021 0.396 0.393 0.000 0.571 0.125 0.500 0.750 0.458 0.833 0.375 0.750 0.400 0.438 m
0.167 0.792 0.593 0.875 0.185 0.032 0.500 0.540 0.375 0.397 0.000 0.312 0.111 0.250 0.426 0.016 0.250 0.000 0.250 0.333 0.685 0.750 0.333 0.667 0.722 0.359 0.438 n
0.476 0.562 0.619 0.646 0.381 0.571 0.250 0.673 0.214 0.306 0.571 0.125 0.571 0.000 0.286 0.571 0.125 0.571 0.000 0.286 0.714 0.333 0.714 0.229 0.619 0.424 0.452 m
0.357 0.571 0.667 0.524 0.000 0.367 0.265 0.071 0.653 0.000 0.452 0.643 0.562 0.762 0.000 0.612 0.000 0.089 0.694 0.000 0.571 0.643 0.667 0.524 0.667 0.438 0.452 a
0.810 0.548 0.472 0.667 0.524 0.214 0.976 0.222 0.333 0.667 0.143 0.667 0.000 0.071 0.071 0.143 0.571 0.000 0.000 0.000 0.095 0.690 0.083 0.000 0.000 0.433 0.456 r
0.381 0.690 0.667 0.738 0.190 0.667 0.190 0.167 0.548 0.714 0.833 0.667 0.667 0.667 0.452 0.595 0.024 0.000 0.190 0.214 0.381 0.619 0.444 0.786 0.190 0.433 0.473 e
0.048 0.667 0.688 0.786 0.286 0.367 0.571 0.000 0.163 0.714 0.548 0.429 0.000 0.119 0.881 0.286 0.633 0.143 0.327 0.755 0.000 0.381 0.958 0.833 0.190 0.438 0.475 o
0.405 0.786 0.521 0.548 0.048 0.245 0.367 0.214 0.735 0.143 0.548 0.643 0.583 0.833 0.143 0.714 0.041 0.161 0.918 0.163 0.595 0.714 0.583 0.429 0.810 0.438 0.475 a
0.482 0.589 0.163 0.750 0.321 0.062 0.375 0.000 0.375 0.375 0.089 0.339 0.000 0.375 0.304 0.167 0.708 0.048 0.708 0.250 0.054 0.696 0.735 0.679 0.732 0.414 0.475 u
0.690 0.771 0.571 0.521 0.500 0.429 0.375 0.551 0.250 0.571 0.429 0.250 0.476 0.042 0.571 0.429 0.250 0.571 0.125 0.571 0.786 0.583 0.810 0.521 0.810 0.424 0.483 m
0.643 0.786 0.604 0.738 0.119 0.000 0.776 0.232 0.429 0.286 0.048 0.619 0.000 0.381 0.286 0.061 0.633 0.000 0.286 0.286 0.667 0.857 0.583 0.786 0.762 0.438 0.483 n
0.381 0.833 0.688 0.643 0.905 0.000 0.571 0.458 0.095 0.690 0.000 0.571 0.125 0.000 0.000 0.000 0.571 0.125 0.000 0.000 0.595 0.857 0.708 0.381 0.000 0.406 0.491 r
0.429 0.643 0.521 0.452 0.000 0.333 0.143 0.021 0.548 0.024 0.490 0.490 0.446 0.816 0.143 0.571 0.000 0.104 0.833 0.143 0.524 0.619 0.458 0.429 0.667 0.422 0.491 a
0.476 0.896 0.476 0.521 0.095 0.245 0.482 0.306 0.661 0.000 0.595 0.479 0.333 0.625 0.000 0.755 0.179 0.306 0.750 0.122 0.333 0.646 0.595 0.333 0.810 0.424 0.491 a
0.375 0.792 0.667 0.875 0.229 0.321 0.536 0.408 0.429 0.071 0.354 0.417 0.500 0.646 0.208 0.607 0.250 0.143 0.446 0.607 0.542 0.792 1.000 0.729 0.146 0.400 0.491 s
0.643 0.429 0.562 0.524 0.000 0.367 0.673 0.036 0.571 0.000 0.381 0.286 0.000 0.571 0.000 0.286 0.286 0.000 0.571 0.000 0.762 0.429 0.292 0.857 0.643 0.438 0.491 n
0.238 0.771 0.595 0.417 0.000 0.245 0.250 0.000 0.518 0.000 0.548 0.646 0.500 0.625 0.000 0.735 0.214 0.122 0.571 0.000 0.548 0.667 0.643 0.458 0.667 0.424 0.491 a
0.265 0.536 0.490 0.339 0.245 0.490 0.000 0.306 0.643 0.204 0.571 0.000 0.048 0.729 0.024 0.531 0.036 0.000 0.607 0.327 0.286 0.518 0.449 0.554 0.776 0.455 0.423 α
0.000 0.000 0.405 0.667 0.738 0.000 0.000 0.286 0.000 0.694 0.000 0.194 0.000 0.000 0.048 0.000 0.381 0.082 0.000 0.000 0.667 0.889 0.714 0.306 0.000 0.483 0.467 r
0.690 0.694 0.667 0.667 0.405 0.000 0.000 0.000 0.000 0.653 0.762 0.667 0.667 0.667 0.857 0.469 0.333 0.041 0.238 0.673 0.119 0.556 0.738 0.750 0.262 0.483 0.394 ə
0.381 0.595 0.595 0.452 0.071 0.469 0.204 0.020 0.490 0.000 0.381 0.500 0.524 0.833 0.119 0.612 0.041 0.102 0.755 0.143 0.548 0.500 0.500 0.429 0.571 0.452 0.444 a
0.452 0.810 0.583 0.571 0.071 0.408 0.224 0.190 0.592 0.286 0.571 0.667 0.500 0.714 0.286 0.633 0.020 0.167 0.653 0.327 0.429 0.571 0.722 0.310 0.643 0.467 0.483 a
0.452 0.694 0.643 0.639 0.310 0.306 0.262 0.041 0.524 0.429 0.643 0.611 0.357 0.639 0.429 0.673 0.024 0.122 0.524 0.449 0.667 0.722 0.643 0.306 0.548 0.483 0.467 a
0.405 0.833 0.595 0.548 0.000 0.306 0.265 0.286 0.571 0.082 0.548 0.690 0.643 0.643 0.143 0.694 0.143 0.184 0.694 0.408 0.452 0.952 0.762 0.310 0.786 0.452 0.452 a
0.592 0.607 0.592 0.661 0.469 0.429 0.292 0.714 0.229 0.571 0.551 0.036 0.571 0.125 0.531 0.571 0.000 0.571 0.146 0.429 0.673 0.268 0.673 0.554 0.755 0.439 0.453 m
0.796 0.482 0.000 0.268 0.857 0.381 0.354 0.571 0.333 0.429 0.204 0.554 0.857 0.554 0.347 0.000 0.729 0.500 0.750 0.214 0.000 0.679 0.163 0.750 0.082 0.439 0.453 w
0.653 0.367 0.179 0.694 0.286 0.238 0.357 0.000 0.286 0.381 0.245 0.367 0.000 0.490 0.143 0.286 0.429 0.083 0.786 0.143 0.122 0.469 0.589 0.612 0.673 0.453 0.363 u
0.278 0.762 0.667 0.714 0.778 0.472 0.381 0.000 0.024 0.361 0.190 0.327 0.429 0.510 0.381 0.667 0.143 0.000 0.000 0.667 0.889 0.762 0.528 0.619 0.472 0.482 0.491 s
0.238 0.905 0.405 0.643 0.643 0.041 0.388 0.490 0.102 0.367 0.000 0.429 0.286 0.000 0.286 0.000 0.429 0.286 0.000 0.490 0.667 0.810 0.762 0.429 0.857 0.452 0.483 n
0.389 0.528 0.429 0.722 0.750 0.472 0.389 0.167 0.167 0.389 0.306 0.472 0.500 0.583 0.417 0.694 0.056 0.000 0.000 0.694 0.889 0.750 0.381 0.556 0.667 0.481 0.473 s
0.500 0.762 0.583 0.643 0.071 0.429 0.408 0.143 0.633 0.265 0.667 0.714 0.639 0.786 0.286 0.592 0.000 0.119 0.776 0.286 0.619 0.786 0.750 0.452 0.690 0.467 0.491 a
0.490 0.446 0.612 0.643 0.143 0.143 0.417 0.000 0.375 0.286 0.122 0.214 0.000 0.375 0.286 0.048 0.271 0.000 0.375 0.286 0.612 0.589 0.245 0.589 0.653 0.439 0.468 n
0.714 0.643 0.000 0.000 0.405 0.286 0.429 0.327 0.224 0.122 0.048 0.548 0.548 0.476 0.095 0.000 0.612 0.469 0.490 0.000 0.000 0.619 0.333 0.238 0.000 0.452 0.467 w
0.359 0.672 0.639 0.562 0.000 0.464 0.250 0.000 0.518 0.000 0.516 0.531 0.444 0.688 0.000 0.589 0.000 0.016 0.607 0.000 0.453 0.594 0.653 0.531 0.422 0.459 0.374 a
0.467 0.613 0.435 0.663 0.029 0.359 0.433 0.000 0.610 0.196 0.333 0.433 0.000 0.579 0.222 0.333 0.474 0.000 0.579 0.222 0.549 0.622 0.118 0.721 0.431 0.460 0.458 n
0.449 0.750 0.755 0.482 0.000 0.388 0.464 0.245 0.571 0.000 0.755 0.714 0.673 0.696 0.000 0.755 0.143 0.388 0.804 0.143 0.408 0.714 0.612 0.464 0.878 0.470 0.408 a
0.667 0.619 0.405 0.762 0.714 0.000 0.490 0.469 0.163 0.796 0.000 0.167 0.000 0.000 0.000 0.000 0.571 0.000 0.000 0.000 0.762 0.762 0.667 0.333 0.000 0.452 0.475 r
0.286 0.917 0.667 0.611 0.476 0.286 0.500 0.143 0.286 0.714 0.405 0.778 0.786 0.667 0.690 0.714 0.333 0.000 0.333 0.714 0.643 0.806 0.738 0.806 0.524 0.483 0.467 a
0.548 0.524 0.000 0.000 0.310 0.286 0.510 0.381 0.408 0.041 0.095 0.619 0.556 0.381 0.000 0.000 0.633 0.548 0.490 0.020 0.000 0.619 0.333 0.095 0.000 0.467 0.467 w
0.238 0.694 0.333 0.556 0.905 0.238 0.528 0.286 0.167 0.310 0.238 0.361 0.500 0.556 0.643 0.571 0.222 0.000 0.000 0.571 0.667 0.694 0.381 0.556 0.690 0.448 0.473 s
0.204 0.694 0.571 0.571 0.347 0.310 0.548 0.000 0.143 0.595 0.327 0.571 0.405 0.408 0.673 0.619 0.095 0.000 0.286 0.810 0.490 0.714 0.500 0.408 0.469 0.483 0.475 a
0.333 0.738 0.667 0.667 0.643 0.388 0.592 0.405 0.286 0.367 0.524 0.381 0.389 0.500 0.571 0.694 0.367 0.071 0.020 0.653 0.595 0.714 0.833 0.571 0.381 0.467 0.459 s
0.714 0.653 0.143 0.857 0.408 0.071 0.643 0.000 0.429 0.429 0.143 0.714 0.000 0.449 0.408 0.143 0.714 0.062 0.714 0.310 0.041 0.653 0.607 0.571 0.755 0.453 0.492 u
0.857 0.643 0.690 0.738 0.190 0.224 0.714 0.082 0.429 0.286 0.429 0.429 0.000 0.429 0.286 0.286 0.367 0.000 0.429 0.286 0.714 0.619 0.357 0.810 0.762 0.452 0.491 n
0.531 0.732 0.653 0.607 0.306 0.000 0.750 0.184 0.304 0.388 0.000 0.500 0.000 0.357 0.286 0.122 0.571 0.041 0.446 0.388 0.592 0.571 0.469 0.554 0.571 0.470 0.484 n
0.857 0.452 0.738 0.833 0.119 0.367 0.755 0.204 0.510 0.286 0.286 0.429 0.000 0.429 0.286 0.286 0.429 0.000 0.429 0.286 0.762 0.810 0.333 0.810 0.762 0.452 0.438 n
0.476 0.548 0.556 0.762 0.690 0.000 0.776 0.476 0.184 0.857 0.000 0.619 0.028 0.024 0.095 0.000 0.408 0.000 0.000 0.000 0.667 0.905 0.833 0.429 0.000 0.467 0.491 r
0.612 0.571 0.633 0.661 0.143 0.143 0.833 0.119 0.500 0.262 0.041 0.589 0.000 0.411 0.245 0.000 0.500 0.000 0.375 0.286 0.510 0.786 0.306 0.607 0.653 0.439 0.483 n
0.333 0.667 0.286 0.905 0.310 0.429 0.939 0.224 0.714 0.429 0.238 0.762 0.000 0.810 0.381 0.490 0.592 0.061 0.918 0.755 0.571 0.500 0.119 0.976 0.571 0.452 0.475 n
0.357 0.738 0.595 0.524 0.048 0.306 0.184 0.163 0.633 0.286 0.381 0.643 0.524 0.714 0.333 0.612 0.000 0.163 0.673 0.306 0.476 0.476 0.643 0.286 0.619 0.452 0.528 a
0.429 0.714 0.667 0.429 0.000 0.388 0.224 0.161 0.449 0.000 0.500 0.571 0.583 0.643 0.000 0.612 0.000 0.107 0.755 0.061 0.476 0.786 0.625 0.452 0.786 0.438 0.528 a
0.208 0.792 0.667 0.708 0.021 0.125 0.354 0.167 0.625 0.125 0.229 0.583 0.524 0.750 0.125 0.521 0.021 0.024 0.667 0.125 0.500 0.729 0.643 0.562 0.646 0.371 0.510 a
0.262 0.905 0.667 0.690 0.167 0.245 0.490 0.143 0.510 0.286 0.429 0.690 0.667 0.810 0.286 0.776 0.082 0.041 0.653 0.286 0.429 0.833 0.643 0.381 0.738 0.452 0.500 a
0.278 0.714 0.667 0.786 0.167 0.750 0.262 0.167 0.452 0.583 0.833 0.667 0.667 0.667 0.556 0.694 0.095 0.000 0.238 0.167 0.389 0.643 0.639 0.714 0.417 0.464 0.520 e
0.238 0.667 0.667 0.583 0.048 0.265 0.411 0.143 0.607 0.224 0.214 0.667 0.714 0.792 0.286 0.612 0.125 0.082 0.643 0.286 0.405 0.562 0.643 0.500 0.786 0.424 0.549 a
0.357 0.690 0.375 0.595 0.071 0.204 0.408 0.286 0.735 0.143 0.452 0.476 0.396 0.548 0.143 0.571 0.143 0.250 0.673 0.265 0.262 0.643 0.521 0.238 0.643 0.438 0.519 a
0.042 0.688 0.630 0.458 0.125 0.018 0.411 0.000 0.393 0.000 0.146 0.667 0.407 0.438 0.000 0.500 0.196 0.127 0.661 0.071 0.104 0.438 0.500 0.458 0.708 0.378 0.509 a
0.750 0.367 0.268 0.694 0.214 0.271 0.429 0.000 0.429 0.250 0.375 0.306 0.000 0.469 0.250 0.312 0.286 0.042 0.857 0.250 0.107 0.592 0.571 0.551 0.714 0.426 0.547 u
0.646 0.500 0.583 0.548 0.104 0.250 0.735 0.179 0.286 0.375 0.250 0.429 0.000 0.286 0.271 0.268 0.429 0.000 0.286 0.286 0.458 0.524 0.292 0.714 0.729 0.412 0.519 n
0.694 0.357 0.265 0.732 0.367 0.143 0.500 0.000 0.375 0.286 0.143 0.500 0.000 0.411 0.286 0.143 0.500 0.000 0.708 0.286 0.082 0.714 0.612 0.571 0.714 0.439 0.518 u
0.357 0.583 0.667 0.625 0.095 0.000 0.643 0.163 0.268 0.408 0.024 0.458 0.000 0.250 0.429 0.143 0.500 0.000 0.250 0.429 0.524 0.708 0.262 0.542 0.810 0.424 0.549 n
0.381 0.556 0.524 0.694 0.595 0.000 0.619 0.347 0.000 0.571 0.000 0.306 0.000 0.000 0.571 0.102 0.524 0.000 0.000 0.571 0.524 0.667 0.429 0.389 0.619 0.483 0.509 n
0.646 0.881 0.271 0.714 0.750 0.000 0.388 0.446 0.490 0.000 0.000 0.048 0.667 0.167 0.000 0.000 0.531 0.286 0.592 0.036 0.521 0.690 0.188 0.786 0.854 0.412 0.500 x
0.405 0.690 0.214 0.810 0.238 0.449 0.857 0.224 0.612 0.429 0.286 0.786 0.000 0.714 0.333 0.388 0.551 0.000 0.816 0.408 0.524 0.381 0.190 0.929 0.524 0.452 0.583 n
0.536 0.571 0.107 0.816 0.321 0.062 0.571 0.000 0.167 0.479 0.000 0.571 0.107 0.184 0.500 0.000 0.571 0.000 0.500 0.438 0.000 0.612 0.500 0.531 0.679 0.426 0.569 u
0.548 0.714 0.417 0.643 0.667 0.000 0.653 0.381 0.000 0.633 0.000 0.571 0.000 0.000 0.048 0.000 0.571 0.000 0.000 0.000 0.214 0.690 0.556 0.381 0.000 0.467 0.560 r
0.357 0.786 0.438 0.881 0.286 0.306 0.857 0.268 0.714 0.429 0.214 0.738 0.021 0.786 0.310 0.449 0.673 0.000 0.755 0.429 0.524 0.333 0.000 0.762 0.357 0.438 0.583 n
0.796 0.196 0.000 0.304 0.633 0.571 0.146 0.452 0.333 0.310 0.408 0.429 0.694 0.625 0.245 0.333 0.688 0.500 0.688 0.000 0.163 0.714 0.306 0.625 0.000 0.439 0.547 w
0.469 0.393 0.000 0.250 0.816 0.286 0.417 0.381 0.292 0.381 0.122 0.482 0.776 0.571 0.286 0.000 0.688 0.500 0.708 0.214 0.000 0.696 0.163 0.643 0.082 0.439 0.547 w
0.735 0.327 0.000 0.265 0.796 0.548 0.286 0.417 0.262 0.476 0.408 0.490 0.839 0.490 0.429 0.286 0.929 0.708 0.929 0.333 0.041 0.796 0.214 0.898 0.163 0.453 0.518 w
0.388 0.510 0.411 0.653 0.633 0.000 0.571 0.500 0.167 0.810 0.000 0.469 0.054 0.020 0.082 0.000 0.429 0.000 0.000 0.000 0.531 0.633 0.554 0.184 0.000 0.453 0.527 r
0.111 0.771 0.556 0.688 0.241 0.000 0.268 0.365 0.125 0.444 0.000 0.375 0.222 0.125 0.444 0.016 0.375 0.222 0.125 0.444 0.537 0.792 0.556 0.521 0.815 0.359 0.549 n
0.408 0.633 0.536 0.388 0.000 0.510 0.347 0.179 0.653 0.000 0.690 0.667 0.583 0.714 0.000 0.714 0.143 0.286 0.755 0.061 0.551 0.714 0.625 0.429 0.735 0.469 0.556 a
0.792 0.667 0.667 0.583 0.042 0.375 0.688 0.048 0.500 0.125 0.375 0.333 0.000 0.500 0.125 0.375 0.250 0.000 0.500 0.125 0.583 0.500 0.238 0.667 0.417 0.371 0.578 n
0.571 0.476 0.583 0.619 0.095 0.429 0.510 0.036 0.429 0.143 0.381 0.310 0.000 0.429 0.143 0.163 0.449 0.000 0.429 0.265 0.595 0.619 0.208 0.476 0.619 0.438 0.519 n
0.690 0.619 0.729 0.643 0.071 0.143 0.796 0.089 0.571 0.143 0.143 0.571 0.000 0.571 0.143 0.143 0.571 0.000 0.571 0.143 0.595 0.762 0.521 0.690 0.690 0.438 0.500 n
0.333 0.714 0.619 0.762 0.786 0.000 0.762 0.333 0.214 0.690 0.000 0.571 0.000 0.000 0.000 0.000 0.571 0.000 0.000 0.000 0.667 0.690 0.500 0.286 0.000 0.435 0.540 r
0.604 0.619 0.771 0.667 0.104 0.125 0.918 0.161 0.429 0.250 0.125 0.595 0.000 0.429 0.250 0.107 0.490 0.000 0.429 0.250 0.708 0.857 0.458 0.810 0.750 0.412 0.500 n
0.405 0.762 0.312 0.857 0.333 0.469 0.980 0.339 0.612 0.429 0.286 0.881 0.062 0.738 0.286 0.408 0.571 0.000 0.857 0.510 0.714 0.524 0.000 0.833 0.524 0.438 0.583 n
0.815 0.708 0.630 0.292 0.037 0.302 0.643 0.032 0.446 0.048 0.333 0.375 0.093 0.500 0.000 0.270 0.304 0.111 0.500 0.000 0.741 0.729 0.426 0.833 0.093 0.359 0.549 n
0.405 0.778 0.524 0.750 0.857 0.571 0.476 0.163 0.167 0.449 0.405 0.500 0.500 0.528 0.524 0.694 0.167 0.000 0.024 0.714 0.786 0.750 0.643 0.778 0.595 0.483 0.519 s
0.619 0.688 0.738 0.688 0.095 0.143 0.714 0.061 0.375 0.286 0.262 0.500 0.000 0.375 0.286 0.265 0.357 0.000 0.411 0.286 0.857 0.667 0.452 0.875 0.762 0.424 0.519 n
0.583 0.619 0.667 0.810 0.667 0.639 0.310 0.167 0.190 0.389 0.333 0.476 0.583 0.619 0.361 0.694 0.000 0.000 0.143 0.833 0.861 0.571 0.333 0.619 0.694 0.464 0.510 s
0.653 0.518 0.612 0.643 0.408 0.490 0.196 0.633 0.411 0.714 0.571 0.125 0.286 0.250 0.714 0.571 0.125 0.449 0.250 0.551 0.939 0.661 0.571 0.679 0.837 0.455 0.556 m
0.000 0.534 0.760 0.739 0.261 0.000 0.182 0.615 0.193 0.455 0.034 0.182 0.333 0.182 0.364 0.205 0.182 0.438 0.227 0.398 0.580 0.489 0.573 0.545 0.557 0.346 0.581 n
0.469 0.719 0.734 0.469 0.000 0.500 0.304 0.036 0.786 0.000 0.625 0.578 0.609 0.781 0.000 0.696 0.036 0.071 0.750 0.054 0.609 0.406 0.562 0.672 0.688 0.472 0.548 a
0.429 0.786 0.521 0.595 0.524 0.000 0.510 0.500 0.082 0.673 0.000 0.500 0.062 0.000 0.048 0.000 0.429 0.000 0.000 0.000 0.595 0.810 0.667 0.381 0.000 0.438 0.549 r
0.694 0.589 0.612 0.821 0.449 0.000 0.542 0.214 0.604 0.571 0.000 0.446 0.000 0.071 0.061 0.000 0.625 0.000 0.000 0.000 0.735 0.821 0.673 0.107 0.000 0.439 0.537 r
0.619 0.714 0.604 0.762 0.762 0.000 0.531 0.482 0.245 0.776 0.000 0.571 0.125 0.000 0.024 0.000 0.571 0.125 0.000 0.000 0.524 0.762 0.708 0.238 0.000 0.438 0.560 r
0.190 0.524 0.476 0.476 0.833 0.000 0.405 0.548 0.095 0.595 0.000 0.592 0.122 0.000 0.000 0.000 0.571 0.143 0.000 0.000 0.619 0.857 0.714 0.286 0.000 0.435 0.529 r
0.452 0.722 0.429 0.556 0.643 0.000 0.611 0.429 0.000 0.738 0.000 0.667 0.143 0.000 0.082 0.000 0.667 0.143 0.000 0.000 0.476 0.833 0.714 0.306 0.000 0.466 0.509 r
0.643 0.810 0.292 0.667 0.714 0.041 0.408 0.018 0.490 0.041 0.000 0.357 0.188 0.524 0.000 0.000 0.347 0.607 0.265 0.000 0.000 0.190 0.750 0.048 0.000 0.438 0.519 v
0.653 0.714 0.633 0.821 0.633 0.000 0.667 0.214 0.354 0.667 0.000 0.571 0.000 0.036 0.041 0.000 0.500 0.000 0.000 0.000 0.571 0.750 0.776 0.161 0.000 0.439 0.537 r
0.796 0.551 0.589 0.673 0.490 0.262 0.357 0.562 0.190 0.571 0.000 0.000 0.464 0.000 0.571 0.000 0.000 0.500 0.000 0.571 0.000 0.224 0.786 0.327 0.816 0.453 0.537 m
0.595 0.571 0.500 0.714 0.738 0.000 0.524 0.333 0.238 0.643 0.000 0.524 0.000 0.000 0.000 0.000 0.357 0.000 0.000 0.000 0.667 0.881 0.812 0.238 0.000 0.406 0.510 r
0.583 0.714 0.604 0.833 0.438 0.000 0.571 0.446 0.367 0.714 0.000 0.571 0.125 0.000 0.000 0.000 0.571 0.125 0.000 0.000 0.750 0.857 0.854 0.238 0.000 0.412 0.500 r
0.449 0.490 0.592 0.653 0.816 0.000 0.381 0.714 0.071 0.667 0.000 0.429 0.429 0.000 0.061 0.000 0.429 0.524 0.095 0.000 0.449 0.694 0.857 0.653 0.000 0.468 0.500 r
0.643 0.667 0.524 0.762 0.738 0.000 0.735 0.245 0.163 0.673 0.000 0.524 0.000 0.000 0.000 0.000 0.592 0.143 0.020 0.000 0.333 0.762 1.000 0.238 0.000 0.452 0.519 r
0.429 0.667 0.583 0.786 0.786 0.000 0.551 0.446 0.163 0.653 0.000 0.571 0.125 0.000 0.000 0.000 0.571 0.250 0.041 0.000 0.333 0.571 1.000 0.333 0.000 0.438 0.528 r
0.292 0.833 0.667 0.604 0.083 0.161 0.446 0.286 0.679 0.232 0.354 0.542 0.500 0.708 0.250 0.714 0.250 0.204 0.750 0.196 0.271 0.917 0.786 0.375 0.042 0.400 0.519 a
0.611 0.736 0.639 0.750 0.556 0.250 0.736 0.556 0.389 0.792 0.222 0.556 0.540 0.111 0.778 0.222 0.556 0.500 0.111 0.694 0.625 0.819 0.736 0.667 0.861 0.427 0.565 m
0.048 0.714 0.625 0.643 0.810 0.082 0.755 0.250 0.102 0.388 0.357 0.381 0.542 0.667 0.595 0.429 0.612 0.000 0.000 0.694 0.643 0.833 0.667 0.714 0.690 0.438 0.528 s
0.000 0.589 0.653 0.536 0.163 0.449 0.732 0.286 0.482 0.755 0.381 0.688 0.500 0.583 0.595 0.204 0.571 0.041 0.268 0.286 0.000 0.393 0.816 0.732 0.204 0.455 0.500 e
0.405 0.857 0.521 0.595 0.000 0.262 0.310 0.000 0.619 0.000 0.388 0.571 0.393 0.673 0.000 0.667 0.071 0.125 0.714 0.048 0.452 0.714 0.646 0.476 0.667 0.422 0.509 a
0.653 0.612 0.625 0.653 0.490 0.357 0.190 0.583 0.214 0.571 0.449 0.000 0.375 0.143 0.571 0.571 0.000 0.375 0.143 0.571 0.735 0.286 0.679 0.388 0.735 0.453 0.500 m
0.292 0.619 0.667 0.571 0.042 0.321 0.245 0.054 0.653 0.196 0.458 0.595 0.562 0.857 0.125 0.804 0.000 0.089 0.776 0.232 0.583 0.762 0.771 0.548 0.833 0.412 0.509 a
0.214 0.639 0.667 0.583 0.071 0.592 0.000 0.000 0.286 0.306 0.476 0.000 0.000 0.056 0.310 0.673 0.143 0.041 0.476 0.531 0.262 0.722 0.762 0.694 0.119 0.483 0.528 o
0.536 0.518 0.592 0.643 0.446 0.583 0.250 0.762 0.271 0.500 0.500 0.036 0.571 0.089 0.500 0.500 0.125 0.571 0.000 0.500 0.679 0.571 0.816 0.357 0.714 0.414 0.558 m
0.531 0.796 0.762 0.633 0.143 0.500 0.357 0.278 0.476 0.429 0.531 0.592 0.524 0.694 0.429 0.905 0.214 0.111 0.643 0.476 0.755 0.816 0.714 0.429 0.735 0.483 0.527 a
0.286 0.643 0.611 0.571 0.167 0.408 0.306 0.024 0.633 0.143 0.548 0.690 0.528 0.762 0.143 0.776 0.204 0.048 0.612 0.163 0.810 0.738 0.722 0.476 0.762 0.467 0.519 a
0.381 0.762 0.524 0.476 0.024 0.367 0.286 0.020 0.633 0.000 0.548 0.524 0.452 0.714 0.000 0.694 0.000 0.122 0.796 0.163 0.595 0.571 0.690 0.500 0.810 0.452 0.519 a
0.333 0.762 0.667 0.548 0.048 0.367 0.388 0.143 0.673 0.143 0.548 0.690 0.625 0.786 0.143 0.694 0.143 0.071 0.837 0.143 0.738 0.905 0.688 0.524 0.738 0.438 0.509 a
0.143 0.806 0.833 0.806 0.381 0.633 0.405 0.000 0.476 0.653 0.738 0.000 0.000 0.056 0.071 0.694 0.405 0.000 0.262 0.490 0.143 0.722 0.714 0.778 0.214 0.483 0.500 c
0.310 0.762 0.722 0.714 0.095 0.592 0.184 0.143 0.510 0.551 0.857 0.667 0.667 0.667 0.619 0.633 0.102 0.000 0.429 0.265 0.238 0.500 0.667 0.595 0.095 0.467 0.560 e
0.262 0.690 0.690 0.667 0.048 0.796 0.367 0.286 0.694 0.449 0.929 0.500 0.500 0.500 0.405 0.633 0.143 0.102 0.306 0.163 0.167 0.571 0.905 0.643 0.095 0.452 0.528 e
0.667 0.639 0.476 0.667 0.750 0.000 0.714 0.245 0.000 0.619 0.000 0.611 0.000 0.000 0.000 0.000 0.548 0.000 0.000 0.000 0.667 0.778 0.714 0.278 0.000 0.518 0.509 r
0.571 0.762 0.939 0.810 0.592 0.000 0.222 0.810 0.056 0.000 0.000 0.024 0.592 0.000 0.000 0.000 0.000 0.571 0.000 0.000 0.408 0.714 0.816 0.500 0.633 0.500 0.414 ɪ
0.071 0.592 0.571 0.673 0.500 0.611 0.571 0.000 0.714 0.417 0.952 0.224 0.095 0.776 0.048 0.861 0.024 0.389 0.762 0.472 0.738 0.571 0.476 0.878 0.262 0.517 0.492 a
0.119 0.762 0.714 0.667 0.357 0.583 0.444 0.024 0.472 0.861 0.952 0.190 0.000 0.048 0.071 0.750 0.528 0.000 0.278 0.583 0.190 0.667 0.653 0.762 0.286 0.534 0.518 c
0.639 0.786 0.639 0.643 0.444 0.286 0.490 0.119 0.571 0.286 0.000 0.524 0.000 0.524 0.111 0.000 0.571 0.000 0.327 0.000 0.222 0.929 0.306 0.310 0.000 0.500 0.483 m
0.388 0.452 0.449 0.500 0.082 0.548 0.194 0.000 0.556 0.286 0.490 0.524 0.429 0.690 0.347 0.595 0.000 0.024 0.556 0.429 0.653 0.571 0.592 0.476 0.551 0.500 0.492 a
0.265 0.619 0.653 0.476 0.490 0.548 0.250 0.000 0.056 0.548 0.265 0.452 0.551 0.429 0.388 0.571 0.000 0.000 0.000 0.714 0.673 0.571 0.653 0.643 0.490 0.500 0.527 s
0.429 0.714 0.592 0.548 0.204 0.357 0.306 0.000 0.444 0.429 0.551 0.429 0.286 0.571 0.429 0.667 0.028 0.095 0.639 0.429 0.714 0.738 0.531 0.286 0.449 0.500 0.518 a
0.190 0.571 0.571 0.653 0.786 0.500 0.333 0.000 0.048 0.444 0.310 0.306 0.524 0.510 0.452 0.722 0.167 0.000 0.000 0.722 0.571 0.653 0.571 0.551 0.548 0.517 0.547 s
0.306 0.690 0.673 0.738 0.633 0.571 0.333 0.020 0.143 0.429 0.429 0.806 0.690 0.694 0.476 0.714 0.048 0.000 0.048 0.653 0.918 0.690 0.571 0.667 0.449 0.517 0.395 s
0.444 0.667 0.548 0.806 0.667 0.405 0.381 0.143 0.214 0.310 0.472 0.333 0.381 0.667 0.500 0.786 0.143 0.000 0.214 0.905 0.639 0.639 0.667 0.667 0.306 0.518 0.350 s
0.190 0.510 0.500 0.388 0.571 0.472 0.310 0.056 0.071 0.222 0.286 0.408 0.452 0.490 0.500 0.778 0.190 0.000 0.000 0.667 0.524 0.551 0.500 0.531 0.548 0.517 0.547 s
0.389 0.667 0.639 0.714 0.611 0.595 0.327 0.143 0.143 0.381 0.306 0.476 0.667 0.571 0.500 0.833 0.143 0.000 0.082 0.857 0.889 0.786 0.667 0.738 0.667 0.500 0.528 s
0.278 0.714 0.556 0.619 0.611 0.452 0.224 0.119 0.204 0.333 0.250 0.476 0.500 0.548 0.500 0.738 0.000 0.000 0.041 0.786 0.833 0.690 0.500 0.690 0.472 0.500 0.509 s
0.167 0.653 0.667 0.673 0.881 0.333 0.524 0.167 0.095 0.500 0.333 0.531 0.667 0.633 0.524 0.583 0.167 0.000 0.000 0.667 0.738 0.673 0.690 0.592 0.524 0.517 0.500 s
0.250 0.528 0.500 0.667 0.417 0.528 0.000 0.000 0.000 0.778 0.667 0.286 0.286 0.286 0.595 0.639 0.056 0.000 0.111 0.556 0.222 0.556 0.667 0.778 0.472 0.537 0.529 e
0.222 0.762 0.667 0.667 0.750 0.476 0.551 0.143 0.082 0.333 0.278 0.357 0.500 0.619 0.611 0.667 0.245 0.000 0.000 0.714 0.611 0.595 0.667 0.667 0.500 0.500 0.350 s
0.361 0.639 0.500 0.583 0.278 0.583 0.056 0.000 0.056 0.694 0.714 0.286 0.286 0.429 0.667 0.750 0.111 0.000 0.139 0.389 0.278 0.611 0.667 0.833 0.472 0.519 0.509 e
0.286 0.776 0.714 0.735 0.738 0.476 0.714 0.190 0.224 0.595 0.333 0.571 0.806 0.738 0.667 1.000 0.184 0.000 0.082 0.810 0.810 0.714 0.786 0.714 0.500 0.533 0.536 s
0.048 0.571 0.816 0.738 0.190 0.595 0.476 0.245 0.262 0.762 0.722 0.667 0.667 0.667 0.667 0.548 0.357 0.020 0.119 0.452 0.048 0.595 0.673 0.643 0.333 0.550 0.517 e
0.306 0.722 0.667 0.667 0.417 0.381 0.429 0.000 0.214 0.595 0.472 0.611 0.500 0.639 0.694 0.738 0.024 0.000 0.238 0.762 0.556 0.694 0.667 0.556 0.444 0.518 0.483 a
0.000 0.358 0.383 0.000 0.000 0.025 0.000 0.432 0.049 0.000 0.222 0.642 0.840 0.728 0.704 0.481 0.481 0.358 0.728 0.259 0.198 0.667 0.037 0.370 0.494 0.500 0.539 ƛ
0.069 0.481 0.319 0.000 0.000 0.111 0.000 0.486 0.000 0.000 0.347 0.790 0.889 0.704 0.708 0.375 0.543 0.250 0.716 0.250 0.444 0.519 0.000 0.432 0.472 0.537 0.539 ƛ
0.111 0.556 0.762 0.833 0.250 0.310 0.452 0.122 0.333 0.857 0.444 0.861 0.548 0.556 0.778 0.405 0.452 0.000 0.048 0.452 0.111 0.722 0.833 0.833 0.528 0.518 0.438 e
0.472 0.861 0.667 0.694 0.417 0.389 0.306 0.000 0.333 0.833 0.429 0.571 0.571 0.619 0.786 0.639 0.028 0.048 0.361 0.750 0.639 0.667 0.714 0.528 0.389 0.500 0.509 a
0.361 0.917 0.556 0.639 0.389 0.222 0.389 0.000 0.000 0.611 0.500 0.452 0.476 0.571 0.857 0.611 0.000 0.000 0.250 0.750 0.667 0.639 0.556 0.472 0.194 0.519 0.529 a
0.278 0.750 0.667 0.667 0.250 0.611 0.111 0.000 0.250 0.833 0.643 0.000 0.000 0.167 1.000 0.583 0.139 0.000 0.250 0.778 0.250 0.722 0.548 0.694 0.250 0.500 0.491 o
0.306 0.639 0.667 0.639 0.222 0.619 0.143 0.000 0.238 0.643 0.500 0.000 0.000 0.000 0.667 0.619 0.095 0.000 0.190 0.643 0.306 0.750 0.694 0.694 0.278 0.536 0.509 o
0.139 0.417 0.786 0.694 0.278 0.619 0.310 0.000 0.143 0.738 0.722 0.167 0.000 0.000 0.667 0.595 0.286 0.000 0.095 0.786 0.139 0.694 0.690 0.750 0.444 0.518 0.509 o
0.278 0.611 0.667 0.694 0.222 0.667 0.111 0.000 0.250 0.667 0.810 0.571 0.571 0.571 0.667 0.500 0.139 0.000 0.083 0.278 0.194 0.556 0.548 0.667 0.389 0.500 0.529 e
0.417 0.639 0.500 0.583 0.306 0.667 0.028 0.000 0.028 0.722 0.429 0.000 0.000 0.000 0.643 0.667 0.167 0.000 0.194 0.694 0.333 0.778 0.667 0.750 0.361 0.519 0.509 o
0.194 0.639 0.595 0.639 0.556 0.667 0.167 0.000 0.167 0.405 0.639 0.000 0.000 0.000 0.083 0.548 0.357 0.020 0.310 0.786 0.056 0.500 0.667 0.667 0.333 0.518 0.528 c
0.163 0.714 0.857 0.667 0.306 0.673 0.262 0.000 0.333 0.510 0.714 0.111 0.000 0.000 0.000 0.429 0.595 0.000 0.214 0.633 0.041 0.476 0.776 0.690 0.224 0.517 0.484 c
0.194 0.619 0.583 0.619 0.222 0.690 0.143 0.000 0.122 0.524 0.806 0.000 0.000 0.000 0.667 0.500 0.143 0.000 0.184 0.571 0.111 0.548 0.667 0.690 0.250 0.500 0.509 o
0.472 0.595 0.556 0.810 0.361 0.690 0.204 0.000 0.163 0.214 0.417 0.429 0.333 0.667 0.500 0.738 0.061 0.000 0.204 0.857 0.750 0.595 0.528 0.667 0.250 0.500 0.359 s
0.139 0.619 0.833 0.643 0.222 0.714 0.224 0.000 0.612 0.524 0.667 0.000 0.000 0.000 0.000 0.667 0.143 0.000 0.245 0.524 0.222 0.667 0.667 0.619 0.139 0.500 0.528 c
0.245 0.633 0.619 0.633 0.122 0.714 0.041 0.000 0.347 0.469 0.714 0.000 0.000 0.143 0.619 0.673 0.224 0.262 0.571 0.735 0.143 0.776 0.714 0.571 0.102 0.500 0.500 o
0.163 0.690 0.653 0.619 0.367 0.738 0.361 0.000 0.639 0.714 0.755 0.048 0.000 0.071 0.061 0.619 0.167 0.095 0.167 0.524 0.327 0.714 0.714 0.762 0.327 0.500 0.492 c
0.278 0.738 0.694 0.667 0.083 0.762 0.143 0.000 0.367 0.571 0.833 0.000 0.000 0.286 0.833 0.738 0.327 0.048 0.449 0.667 0.250 0.857 0.778 0.762 0.083 0.500 0.467 o
0.357 0.776 0.714 0.776 0.286 0.778 0.286 0.000 0.286 0.722 0.667 0.000 0.000 0.020 0.738 0.889 0.238 0.000 0.262 0.806 0.238 0.714 0.714 0.653 0.167 0.517 0.500 o
0.500 0.750 0.667 0.806 0.361 0.786 0.095 0.000 0.262 0.857 0.556 0.000 0.000 0.167 1.000 0.786 0.143 0.000 0.333 0.810 0.278 0.556 0.690 0.667 0.222 0.518 0.560 o
0.333 0.833 0.786 0.833 0.611 0.786 0.190 0.000 0.310 0.476 0.444 0.000 0.000 0.028 0.111 0.643 0.310 0.020 0.500 0.762 0.222 0.667 0.714 0.778 0.250 0.518 0.500 c
0.213 0.489 0.256 0.489 0.176 0.846 0.088 0.000 0.140 0.846 0.938 0.000 0.000 0.016 0.906 0.805 0.110 0.000 0.129 0.849 0.176 0.489 0.256 0.518 0.217 0.519 0.452 o
0.214 0.661 0.594 0.804 0.286 0.714 0.286 0.000 0.750 0.607 0.857 0.000 0.000 0.082 0.041 0.714 0.339 0.000 0.125 0.661 0.161 0.607 0.750 0.679 0.321 0.543 0.473 c
0.472 0.810 0.694 0.810 0.472 0.619 0.388 0.095 0.163 0.262 0.361 0.571 0.611 0.714 0.389 0.857 0.082 0.000 0.143 0.786 0.917 0.738 0.667 0.738 0.528 0.500 0.467 s
0.250 0.722 0.667 0.694 0.111 0.762 0.286 0.143 0.452 0.619 0.917 0.667 0.667 0.667 0.667 0.952 0.262 0.000 0.262 0.452 0.278 0.750 0.786 0.694 0.306 0.518 0.483 e
0.306 0.857 1.000 0.905 0.472 0.857 0.388 0.143 0.490 0.810 0.833 0.000 0.000 0.048 0.056 0.857 0.388 0.048 0.306 0.595 0.278 0.857 0.889 0.929 0.667 0.500 0.491 c
0.139 0.500 0.667 0.690 0.139 0.690 0.367 0.143 0.367 0.667 0.833 0.524 0.667 0.667 0.639 0.667 0.122 0.000 0.122 0.381 0.139 0.548 0.694 0.714 0.222 0.500 0.549 e
0.361 0.639 0.667 0.750 0.361 0.639 0.194 0.167 0.222 0.778 0.833 0.667 0.667 0.667 0.667 0.667 0.028 0.000 0.000 0.417 0.361 0.556 0.333 0.556 0.667 0.519 0.473 e
0.778 0.905 0.778 0.643 0.139 0.619 0.184 0.167 1.000 0.667 0.056 0.000 0.028 0.881 0.889 0.286 0.347 0.000 0.837 0.619 0.361 0.952 0.806 0.738 0.111 0.500 0.400 ɔ
0.333 0.639 0.400 0.639 0.389 0.667 0.167 0.167 0.194 0.778 0.750 0.500 0.500 0.500 0.500 0.694 0.167 0.000 0.139 0.417 0.306 0.694 0.667 0.750 0.389 0.519 0.510 e
0.167 0.857 0.722 0.476 0.000 0.714 0.469 0.190 0.612 0.476 0.944 0.833 0.833 0.833 0.694 0.762 0.204 0.000 0.143 0.214 0.361 0.810 0.667 0.714 0.139 0.500 0.500 e
0.111 0.611 1.000 0.694 0.139 0.738 0.452 0.265 0.214 0.643 0.889 0.667 0.643 0.500 0.750 0.643 0.190 0.000 0.048 0.357 0.139 0.667 0.429 0.806 0.556 0.518 0.519 e
0.080 0.000 0.667 0.000 0.000 0.767 0.467 0.778 0.467 0.567 0.360 0.840 1.000 0.640 0.160 0.767 0.667 0.861 0.633 0.867 0.160 0.240 0.833 0.040 0.160 0.522 0.359 *
0.200 0.240 0.960 0.200 0.200 1.000 0.840 1.000 0.800 0.880 0.333 0.700 1.000 0.900 0.400 0.760 0.640 0.880 0.440 0.920 0.000 0.200 0.960 0.160 0.120 0.523 0.400 *
0.232 0.679 0.859 0.804 0.250 0.679 0.482 0.156 0.643 0.929 0.959 0.694 0.643 0.714 0.796 0.696 0.339 0.000 0.143 0.482 0.179 0.661 0.578 0.768 0.411 0.543 0.547 e
0.446 0.696 0.500 0.643 0.571 0.653 0.143 0.163 0.306 0.653 0.321 0.714 0.750 0.750 0.411 0.633 0.204 0.163 0.245 0.694 0.661 0.589 0.554 0.571 0.536 0.544 0.374 s
0.714 0.776 0.571 0.837 0.612 0.696 0.250 0.281 0.625 0.036 0.082 0.204 0.696 0.082 0.367 0.286 0.625 0.109 0.000 0.786 0.735 0.653 0.571 0.612 0.653 0.515 0.407 z
0.344 0.589 0.000 0.000 0.000 0.194 0.556 0.375 0.429 0.069 0.125 0.571 0.172 0.446 0.250 0.111 0.381 0.000 0.429 0.250 0.391 0.500 0.250 0.643 0.625 0.553 0.594 h
0.333 0.429 0.016 0.000 0.000 0.000 0.381 0.317 0.000 0.000 0.600 0.814 0.871 0.700 0.386 0.492 0.365 0.302 0.571 0.127 0.540 0.032 0.000 0.492 0.492 0.631 0.457 ƛ
0.381 0.476 0.037 0.000 0.000 0.000 0.329 0.500 0.000 0.000 0.587 0.778 0.889 0.683 0.667 0.457 0.471 0.300 0.671 0.214 0.556 0.016 0.000 0.381 0.683 0.651 0.478 ƛ
0.264 0.597 0.235 0.000 0.000 0.000 0.000 0.469 0.000 0.097 0.162 0.700 0.867 0.725 0.762 0.250 0.736 0.333 0.528 0.167 0.542 0.458 0.000 0.556 0.611 0.560 0.532 ƛ
0.000 0.000 0.325 0.938 0.688 0.375 0.375 0.350 0.344 0.188 0.344 0.375 0.500 1.000 0.750 0.000 0.000 0.200 1.000 0.750 0.000 0.000 0.150 0.875 0.750 0.764 0.600 i
0.243 0.357 0.357 0.686 0.629 0.000 0.000 0.000 0.600 0.800 0.000 0.000 0.000 0.257 0.800 0.000 0.000 0.000 0.413 0.800 0.286 0.357 0.357 0.743 0.829 0.846 0.372 ]
0.412 0.399 0.416 0.815 0.038 0.538 0.042 0.118 0.983 0.109 0.004 0.308 0.365 0.960 0.089 0.588 0.303 0.149 0.996 0.080 0.756 0.685 0.348 0.803 0.550 0.594 0.452 a
0.294 0.697 0.500 0.633 0.696 0.000 0.824 0.485 0.027 0.167 0.000 0.869 0.358 0.000 0.000 0.000 0.769 0.373 0.000 0.000 0.225 0.819 0.539 0.163 0.000 0.642 0.458 r
0.000 0.571 0.500 0.000 0.000 0.389 0.810 0.722 0.524 0.333 0.000 0.536 0.542 0.000 0.000 0.000 0.429 0.667 0.032 0.463 0.000 0.127 0.741 0.683 0.556 0.650 0.571 t
0.306 0.889 0.533 0.583 0.417 0.286 0.452 0.000 0.095 0.690 0.611 0.583 0.500 0.611 0.667 0.905 0.119 0.000 0.143 0.619 0.500 0.778 0.600 0.611 0.389 0.554 0.438 a
0.429 0.518 0.536 0.679 0.000 0.556 0.000 0.032 0.587 0.000 0.589 0.036 0.268 0.607 0.000 0.206 0.381 0.365 0.492 0.000 0.000 0.000 0.179 0.679 0.214 0.592 0.413 q
0.000 0.320 0.560 0.000 0.000 0.250 0.891 0.729 0.350 0.309 0.000 0.818 0.583 0.000 0.000 0.000 0.818 0.583 0.000 0.000 0.000 0.506 0.774 0.372 0.251 0.737 0.559 t
0.000 0.136 0.597 0.864 0.584 0.117 0.068 0.052 0.648 0.000 0.452 0.604 0.440 0.490 0.286 0.000 0.159 0.325 0.125 0.000 0.000 0.682 0.909 0.295 0.000 0.683 0.284 ɹ̣
0.317 0.444 0.603 0.000 0.000 0.000 0.000 0.571 0.000 0.000 0.304 0.250 0.679 0.286 0.250 0.571 0.667 0.857 0.683 0.540 0.349 0.286 0.571 0.413 0.603 0.613 0.526 l̶
0.304 0.768 0.589 0.768 0.536 0.304 0.732 0.250 0.375 1.000 0.551 0.857 0.857 0.878 0.939 0.964 0.125 0.000 0.411 0.679 0.518 0.679 0.589 0.661 0.250 0.557 0.565 a
0.083 0.567 0.611 0.233 0.833 0.619 0.714 0.048 0.314 0.738 0.917 0.800 0.472 0.367 0.111 0.929 0.571 0.071 0.143 0.357 0.417 0.700 0.556 0.533 0.139 0.571 0.583 e
0.357 0.714 0.629 0.786 0.333 0.833 0.238 0.200 0.405 0.881 0.889 0.667 0.667 0.583 0.500 0.833 0.214 0.000 0.143 0.429 0.214 0.786 0.857 0.714 0.310 0.583 0.469 e
0.540 0.556 0.651 0.000 0.000 0.000 0.056 0.667 0.000 0.000 0.000 0.167 0.857 0.000 0.000 0.000 0.130 0.794 0.000 0.000 0.571 0.593 0.762 0.667 0.603 0.637 0.519 l
0.300 0.800 0.733 0.333 0.933 0.457 0.657 1.000 0.657 0.571 0.000 0.733 0.867 0.067 0.000 0.229 0.971 0.629 0.000 0.000 0.700 1.000 0.267 0.000 0.000 0.625 0.475 r
0.000 0.254 0.741 0.095 0.000 0.463 0.492 0.444 0.000 0.000 0.000 0.000 0.771 0.089 0.000 0.000 0.000 0.833 0.143 0.000 0.519 0.444 0.815 0.508 0.407 0.650 0.435 i
0.254 0.556 0.762 0.127 0.000 0.000 0.000 0.571 0.143 0.000 0.089 0.089 0.571 0.250 0.071 0.794 0.857 0.905 0.905 0.476 0.190 0.333 0.651 0.460 0.492 0.613 0.519 l̶
0.233 0.700 0.778 0.300 1.000 0.486 0.686 0.929 0.429 0.543 0.033 0.700 0.750 0.000 0.000 0.200 1.000 0.619 0.000 0.000 0.467 1.000 0.306 0.000 0.000 0.607 0.583 r
0.000 0.175 0.796 0.127 0.000 0.259 0.333 0.389 0.000 0.000 0.133 0.200 0.700 0.014 0.000 0.000 0.000 0.667 0.143 0.000 0.333 0.508 0.667 0.492 0.593 0.667 0.600 i
0.444 0.917 0.833 0.778 0.361 0.857 0.476 0.343 0.571 1.000 0.944 0.833 0.833 0.833 0.778 0.786 0.238 0.143 0.262 0.595 0.306 0.778 1.000 0.833 0.389 0.554 0.452 e
0.208 0.611 0.917 0.889 0.250 0.917 1.000 1.000 1.000 0.917 0.208 0.556 0.792 1.000 0.917 0.000 0.000 0.708 1.000 0.458 0.000 0.000 0.583 1.000 0.250 0.731 0.400 ,
0.500 0.958 0.944 0.750 0.125 0.900 1.000 1.000 1.000 0.400 0.208 0.500 0.667 1.000 0.875 0.000 0.350 0.800 0.900 0.350 0.167 0.917 1.000 0.583 0.000 0.688 0.387 ,
0.550 0.933 1.000 0.800 0.200 0.875 1.000 1.000 1.000 0.625 0.200 0.533 0.900 1.000 0.700 0.000 0.278 0.875 0.833 0.250 0.200 0.800 0.900 0.267 0.000 0.696 0.426 ,
0.444 0.889 1.000 1.000 0.778 0.476 0.714 0.714 0.714 0.524 0.000 0.000 0.000 0.000 0.000 0.333 0.524 0.571 0.571 0.571 0.778 0.944 1.000 0.944 0.833 0.804 0.528 :
0.214 0.607 0.607 0.607 0.536 0.696 0.214 0.000 0.125 0.571 0.304 0.464 0.375 0.500 0.411 0.554 0.036 0.000 0.018 0.696 0.821 0.589 0.500 0.518 0.429 0.569 0.500 s
0.000 0.254 0.707 0.167 0.000 0.000 0.265 0.062 0.000 0.000 0.389 0.468 0.243 0.452 0.127 0.111 0.598 0.000 0.444 0.222 0.071 0.556 0.329 0.651 0.429 0.672 0.342 ú
0.603 0.333 0.000 0.000 0.000 0.286 0.321 0.141 0.482 0.393 0.286 0.349 0.486 0.302 0.079 0.286 0.679 0.484 0.143 0.000 0.603 0.619 0.222 0.746 0.460 0.590 0.488 k
0.619 0.250 0.000 0.000 0.000 0.411 0.266 0.196 0.484 0.268 0.286 0.486 0.571 0.333 0.000 0.286 0.625 0.393 0.250 0.000 0.460 0.542 0.111 0.569 0.381 0.577 0.500 k
0.883 0.583 0.000 0.683 0.733 0.204 0.204 0.222 0.333 0.148 0.483 0.533 0.300 0.467 0.700 0.796 0.167 0.000 0.000 0.185 0.233 0.600 0.400 0.483 0.583 0.705 0.587 c̈
0.551 0.447 0.305 0.518 0.374 0.893 0.612 0.176 0.012 0.214 0.118 0.500 0.813 0.776 0.310 0.262 0.000 0.011 0.394 0.947 0.706 0.424 0.289 0.476 0.465 0.698 0.458 s
0.729 0.714 0.314 0.786 0.657 0.143 0.229 0.271 0.500 0.086 0.143 0.730 0.492 0.603 0.460 0.286 0.429 0.000 0.029 0.200 0.200 0.686 0.443 0.586 0.386 0.656 0.556 c̈
1.000 0.800 0.500 0.500 0.400 1.000 0.600 0.000 0.000 0.000 1.000 0.493 0.000 0.000 0.000 0.957 0.157 0.000 0.000 0.000 0.943 0.514 0.457 0.443 0.171 0.843 0.366 [
0.619 0.595 0.686 0.524 0.429 0.500 0.472 0.067 0.611 0.306 0.667 0.167 0.171 0.619 0.000 0.667 0.167 0.200 0.667 0.000 0.857 0.500 0.429 0.595 0.000 0.569 0.537 m
0.778 1.000 0.708 0.333 0.000 0.889 1.000 1.000 0.778 0.222 0.667 1.000 1.000 0.667 0.000 0.667 1.000 1.000 0.444 0.000 0.389 0.889 0.917 0.278 0.000 0.760 0.403 '
0.778 1.000 0.833 0.611 0.389 0.667 1.000 1.000 1.000 0.944 0.556 1.000 1.000 1.000 0.667 0.333 1.000 1.000 1.000 0.500 0.222 0.667 0.833 1.000 0.333 0.808 0.433 '
0.889 0.944 0.833 0.722 0.389 0.889 0.833 0.750 0.889 0.667 0.667 1.000 0.900 0.267 0.000 0.444 1.000 0.667 0.111 0.000 0.167 0.611 0.917 0.333 0.000 0.800 0.463 '
0.889 1.000 0.889 0.667 0.500 1.000 1.000 1.000 1.000 1.000 0.722 1.000 1.000 1.000 0.889 0.667 1.000 1.000 1.000 0.667 0.556 0.667 0.889 1.000 0.667 0.827 0.419 '
0.778 1.000 0.889 0.556 0.222 0.611 1.000 0.944 0.611 0.333 0.278 0.944 0.778 0.111 0.000 0.167 0.778 1.000 0.333 0.000 0.278 0.611 0.889 0.333 0.000 0.788 0.433 '
1.000 1.000 0.917 0.722 0.556 1.000 1.000 1.000 1.000 0.889 0.800 1.000 1.000 1.000 0.600 0.667 1.000 1.000 1.000 0.333 0.444 0.889 1.000 0.889 0.278 0.800 0.403 '
0.833 0.833 0.958 0.889 0.222 0.722 0.833 0.833 0.667 0.111 0.000 0.000 0.000 0.000 0.000 0.444 0.556 0.667 0.611 0.167 0.389 0.500 0.958 0.833 0.389 0.778 0.540 :
0.833 1.000 1.000 0.889 0.583 1.000 1.000 1.000 1.000 1.000 0.900 1.000 1.000 1.000 0.900 0.500 1.000 1.000 1.000 0.500 0.500 1.000 1.000 0.444 0.083 0.840 0.463 '
0.556 0.889 1.000 0.889 0.611 0.467 1.000 1.000 1.000 0.867 0.222 0.778 1.000 1.000 0.333 0.000 0.200 0.900 1.000 0.467 0.000 0.000 0.750 1.000 0.667 0.750 0.471 '
0.889 1.000 1.000 0.722 0.278 1.000 1.000 1.000 1.000 0.889 0.733 1.000 1.000 0.867 0.400 0.333 1.000 1.000 0.667 0.000 0.167 0.778 1.000 0.500 0.000 0.780 0.481 '
0.889 1.000 1.000 0.889 0.556 0.333 1.000 1.000 1.000 1.000 0.167 0.833 1.000 1.000 0.722 0.000 0.667 1.000 0.800 0.267 0.000 0.444 0.778 0.667 0.000 0.771 0.387 '
0.889 1.000 1.000 0.889 0.611 1.000 1.000 1.000 1.000 1.000 0.600 0.600 0.600 0.733 1.000 0.278 0.833 0.833 0.889 0.556 0.222 0.833 1.000 0.944 0.278 0.800 0.403 '
0.625 0.917 1.000 0.917 0.167 1.000 1.000 1.000 1.000 0.250 0.583 0.792 1.000 1.000 0.500 0.000 0.400 1.000 0.850 0.100 0.333 0.792 0.708 0.167 0.000 0.667 0.369 ,
0.667 1.000 1.000 0.867 0.467 0.889 1.000 1.000 1.000 1.000 0.200 0.400 0.600 0.933 0.733 0.056 0.333 0.875 0.778 0.167 0.267 0.867 0.700 0.133 0.000 0.739 0.418 ,
0.889 1.000 1.000 1.000 0.778 0.667 1.000 1.000 1.000 0.889 0.333 1.000 1.000 1.000 0.333 0.333 1.000 1.000 0.944 0.278 0.222 0.833 1.000 0.667 0.000 0.800 0.463 '
0.889 1.000 1.000 0.889 0.444 0.667 1.000 1.000 1.000 1.000 0.333 0.833 1.000 1.000 0.444 0.000 0.667 1.000 1.000 0.333 0.000 0.444 0.889 1.000 0.333 0.771 0.387 '
0.778 0.917 1.000 1.000 0.833 0.667 1.000 1.000 1.000 1.000 0.111 0.583 1.000 1.000 0.944 0.000 0.500 1.000 1.000 0.667 0.000 0.333 0.778 1.000 0.667 0.812 0.462 '
0.600 1.000 1.000 0.950 0.600 0.800 1.000 1.000 1.000 1.000 0.167 0.333 0.778 1.000 0.889 0.000 0.050 0.733 0.950 0.533 0.000 0.450 1.000 0.600 0.000 0.705 0.379 ,
0.611 0.833 1.000 0.792 0.444 1.000 1.000 1.000 1.000 1.000 0.611 0.833 0.944 1.000 1.000 0.000 0.200 0.867 1.000 0.733 0.278 0.917 1.000 0.667 0.111 0.729 0.453 ,
0.000 0.159 0.556 0.540 0.810 0.222 0.603 0.746 0.460 0.143 0.054 0.375 0.500 0.089 0.000 0.000 0.286 0.413 0.000 0.000 0.317 0.444 0.603 0.603 0.063 0.613 0.727 f
0.250 0.786 0.562 0.143 0.000 0.000 0.714 0.125 0.000 0.000 0.000 0.714 0.125 0.000 0.054 0.000 0.714 0.125 0.000 0.540 0.500 0.839 0.531 0.375 0.661 0.579 0.704 L
0.250 0.444 0.806 0.111 0.000 0.000 0.000 0.611 0.063 0.000 0.000 0.000 0.500 0.000 0.000 0.000 0.000 0.389 0.000 0.000 0.528 0.508 0.667 0.444 0.514 0.575 0.656 l
0.262 0.476 0.396 0.524 0.595 0.000 0.429 0.554 0.143 0.694 0.000 0.429 0.250 0.000 0.000 0.000 0.429 0.250 0.000 0.000 0.476 0.810 0.792 0.357 0.000 0.438 0.636 r
0.270 0.619 0.000 0.000 0.000 0.000 0.625 0.339 0.411 0.196 0.000 0.714 0.190 0.063 0.571 0.000 0.643 0.036 0.000 0.571 0.000 0.556 0.476 0.413 0.460 0.603 0.709 b
0.317 0.708 0.444 0.389 0.302 0.000 0.500 0.000 0.172 0.589 0.000 0.569 0.444 0.556 0.143 0.000 0.375 0.054 0.578 0.089 0.460 0.736 0.254 0.417 0.603 0.577 0.722 R
0.333 0.635 0.000 0.000 0.000 0.000 0.589 0.357 0.464 0.125 0.000 0.302 0.222 0.063 0.508 0.000 0.000 0.000 0.000 0.554 0.000 0.397 0.524 0.476 0.429 0.603 0.672 b
0.333 0.714 0.361 0.429 0.270 0.000 0.571 0.069 0.175 0.365 0.000 0.679 0.453 0.589 0.446 0.000 0.571 0.000 0.000 0.571 0.429 0.667 0.333 0.444 0.476 0.600 0.714 B
0.333 0.333 0.730 0.063 0.000 0.000 0.000 0.571 0.000 0.000 0.000 0.000 0.571 0.111 0.000 0.000 0.000 0.429 0.036 0.000 0.286 0.444 0.746 0.349 0.635 0.603 0.736 l
0.333 0.492 0.926 0.111 0.000 0.000 0.143 0.667 0.000 0.000 0.000 0.143 0.667 0.000 0.000 0.000 0.143 0.667 0.000 0.000 0.317 0.492 0.741 0.460 0.524 0.615 0.736 l
0.339 0.768 0.571 0.393 0.482 0.000 0.482 0.018 0.000 0.429 0.000 0.587 0.270 0.032 0.524 0.000 0.446 0.321 0.482 0.196 0.339 0.714 0.500 0.107 0.000 0.581 0.725 p
0.393 0.755 0.161 0.735 0.571 0.000 0.408 0.518 0.429 0.000 0.000 0.071 0.792 0.190 0.000 0.000 0.531 0.250 0.633 0.143 0.482 0.714 0.107 0.633 0.714 0.441 0.667 x
0.381 0.667 0.238 0.611 0.571 0.000 0.500 0.000 0.375 0.286 0.000 0.375 0.000 0.359 0.304 0.079 0.417 0.000 0.264 0.302 0.016 0.569 0.444 0.597 0.127 0.587 0.667 U
0.292 0.528 0.583 0.264 0.472 0.512 0.050 0.738 0.175 0.000 0.542 0.014 0.639 0.125 0.000 0.350 0.412 0.637 0.125 0.000 0.000 0.111 0.722 0.236 0.000 0.581 0.717 q
0.333 0.540 0.333 0.762 0.583 0.000 0.365 0.278 0.683 0.028 0.000 0.089 0.656 0.375 0.000 0.375 0.079 0.625 0.063 0.000 0.750 0.603 0.472 0.000 0.000 0.575 0.702 y
0.063 0.540 0.429 0.540 0.698 0.175 0.317 0.127 0.508 0.159 0.304 0.446 0.607 0.321 0.018 0.460 0.365 0.333 0.397 0.540 0.413 0.476 0.444 0.460 0.476 0.613 0.625 g
0.000 0.375 0.378 0.000 0.000 0.475 0.688 0.656 0.538 0.613 0.000 0.375 0.267 0.050 0.125 0.000 0.375 0.333 0.175 0.400 0.000 0.225 0.611 0.600 0.262 0.598 0.613 t
0.286 0.413 0.460 0.619 0.730 0.571 0.268 0.232 0.429 0.000 0.492 0.587 0.587 0.175 0.000 0.518 0.268 0.125 0.375 0.464 0.460 0.349 0.349 0.492 0.381 0.603 0.722 g
0.000 0.000 0.222 0.746 0.254 0.089 0.482 0.438 0.643 0.143 0.556 0.175 0.222 0.794 0.143 0.571 0.000 0.000 0.482 0.018 0.381 0.365 0.370 0.698 0.333 0.615 0.672 d
0.222 0.653 0.603 0.583 0.540 0.333 0.722 0.032 0.181 0.270 0.032 0.389 0.476 0.472 0.143 0.603 0.264 0.000 0.097 0.810 0.762 0.556 0.524 0.792 0.762 0.598 0.661 S
0.306 0.722 0.667 0.639 0.306 0.762 0.476 0.048 0.119 0.810 0.833 0.500 0.361 0.333 0.444 0.619 0.238 0.000 0.286 0.571 0.222 0.639 0.667 0.750 0.306 0.536 0.636 e
0.238 0.556 0.667 0.806 0.333 0.643 0.167 0.000 0.111 0.667 0.653 0.000 0.000 0.000 0.612 0.619 0.083 0.000 0.222 0.643 0.214 0.583 0.524 0.722 0.238 0.466 0.614 o
0.250 0.667 0.500 0.583 0.556 0.694 0.139 0.000 0.361 0.861 0.667 0.000 0.000 0.024 0.095 0.639 0.111 0.000 0.056 0.583 0.333 0.722 0.533 0.778 0.556 0.537 0.614 c
0.286 0.460 0.413 0.714 0.841 0.571 0.179 0.161 0.429 0.143 0.587 0.587 0.603 0.175 0.000 0.643 0.375 0.375 0.446 0.375 0.444 0.381 0.333 0.492 0.397 0.603 0.709 g
0.222 0.595 0.722 0.738 0.111 0.643 0.245 0.000 0.449 0.571 0.889 0.595 0.500 0.667 0.750 0.643 0.163 0.000 0.224 0.214 0.167 0.595 0.694 0.762 0.194 0.500 0.636 e
0.278 0.583 0.667 0.556 0.333 0.643 0.190 0.000 0.024 0.667 0.639 0.000 0.000 0.000 0.667 0.714 0.238 0.000 0.071 0.690 0.222 0.667 0.667 0.778 0.389 0.536 0.622 o
0.250 0.536 0.482 0.607 0.304 0.635 0.048 0.000 0.048 0.524 0.571 0.000 0.000 0.000 0.571 0.714 0.048 0.000 0.079 0.603 0.411 0.554 0.500 0.661 0.250 0.592 0.679 O
0.361 0.778 0.714 0.639 0.139 0.714 0.357 0.286 0.571 0.595 0.750 0.444 0.500 0.500 0.444 0.762 0.143 0.020 0.357 0.429 0.139 0.667 0.714 0.806 0.306 0.518 0.636 e
0.375 0.375 0.292 0.786 0.875 0.554 0.393 0.125 0.554 0.089 0.492 0.524 0.593 0.349 0.048 0.768 0.250 0.083 0.304 0.482 0.429 0.411 0.375 0.429 0.518 0.595 0.627 g
0.262 0.738 0.543 0.476 0.714 0.722 0.500 0.000 0.000 0.833 0.905 0.190 0.000 0.048 0.857 0.778 0.000 0.000 0.389 0.833 0.405 0.619 0.571 0.762 0.310 0.569 0.604 o
0.190 0.524 0.444 0.524 0.222 0.714 0.079 0.000 0.048 0.619 0.778 0.063 0.000 0.000 0.571 0.841 0.286 0.000 0.111 0.619 0.222 0.825 0.583 0.571 0.175 0.610 0.719 O
0.048 0.524 0.629 0.619 0.786 0.500 0.722 0.067 0.333 0.806 0.881 0.667 0.371 0.571 0.167 0.944 0.389 0.000 0.167 0.528 0.595 0.667 0.629 0.524 0.214 0.569 0.604 e
0.024 0.457 0.714 0.657 0.690 0.643 0.686 0.024 0.143 0.619 0.917 0.200 0.000 0.000 0.000 0.976 0.200 0.000 0.143 0.405 0.500 0.714 0.571 0.543 0.167 0.600 0.625 c
0.429 0.375 0.000 0.000 0.000 0.268 0.297 0.393 0.375 0.018 0.000 0.528 0.238 0.444 0.270 0.036 0.422 0.000 0.375 0.286 0.587 0.611 0.159 0.653 0.556 0.577 0.696 h
0.431 0.365 0.000 0.000 0.000 0.250 0.446 0.375 0.393 0.062 0.250 0.794 0.264 0.365 0.250 0.250 0.714 0.000 0.286 0.250 0.500 0.810 0.222 0.524 0.583 0.564 0.736 h
0.458 0.571 0.000 0.000 0.000 0.125 0.464 0.141 0.464 0.469 0.125 0.460 0.417 0.365 0.083 0.172 0.696 0.531 0.214 0.000 0.472 0.683 0.208 0.651 0.403 0.564 0.709 k
0.476 0.375 0.000 0.000 0.000 0.286 0.422 0.339 0.312 0.000 0.190 0.417 0.048 0.514 0.000 0.107 0.094 0.000 0.281 0.000 0.317 0.514 0.222 0.583 0.444 0.577 0.736 h
0.486 0.444 0.000 0.000 0.000 0.125 0.514 0.365 0.347 0.028 0.250 0.688 0.089 0.500 0.125 0.347 0.500 0.000 0.500 0.125 0.486 0.667 0.206 0.625 0.444 0.562 0.625 h
0.524 0.375 0.000 0.000 0.000 0.286 0.516 0.554 0.438 0.054 0.286 0.583 0.048 0.389 0.143 0.286 0.375 0.000 0.375 0.143 0.381 0.431 0.095 0.431 0.429 0.577 0.736 h
0.528 0.236 0.000 0.125 0.639 0.297 0.250 0.250 0.125 0.438 0.222 0.361 0.764 0.347 0.236 0.000 0.578 0.594 0.688 0.125 0.000 0.722 0.333 0.847 0.167 0.538 0.684 W
0.542 0.381 0.000 0.000 0.000 0.203 0.357 0.453 0.393 0.016 0.125 0.825 0.236 0.587 0.125 0.125 0.446 0.000 0.571 0.125 0.403 0.619 0.250 0.762 0.500 0.564 0.696 h
0.603 0.429 0.000 0.000 0.000 0.196 0.464 0.312 0.429 0.304 0.143 0.794 0.222 0.000 0.714 0.143 0.446 0.000 0.000 0.714 0.460 0.698 0.222 0.286 0.730 0.615 0.736 h
1.000 0.238 0.000 0.095 0.778 0.750 0.143 0.361 0.048 0.458 0.547 0.500 0.641 0.286 0.375 0.361 0.730 0.597 0.825 0.222 0.125 0.778 0.278 0.825 0.069 0.575 0.727 W
0.476 0.625 0.143 0.611 0.381 0.016 0.486 0.159 0.472 0.000 0.000 0.109 0.804 0.219 0.000 0.222 0.000 0.587 0.028 0.000 0.587 0.458 0.349 0.000 0.000 0.587 0.645 y
0.556 0.639 0.143 0.694 0.333 0.375 0.444 0.492 0.153 0.000 0.359 0.828 0.625 0.188 0.000 0.250 0.528 0.143 0.583 0.028 0.528 0.778 0.206 0.556 0.556 0.562 0.702 K
0.762 0.375 0.143 0.833 0.286 0.286 0.375 0.000 0.375 0.286 0.286 0.375 0.000 0.417 0.286 0.286 0.411 0.082 0.643 0.184 0.071 0.625 0.690 0.500 0.810 0.424 0.636 u
0.708 0.651 0.153 0.619 0.514 0.500 0.446 0.297 0.429 0.125 0.500 0.143 0.458 0.492 0.125 0.500 0.143 0.297 0.732 0.234 0.667 0.492 0.083 0.651 0.208 0.564 0.722 N
0.589 0.571 0.179 0.755 0.286 0.125 0.571 0.000 0.429 0.393 0.125 0.571 0.000 0.429 0.250 0.125 0.571 0.071 0.653 0.250 0.018 0.469 0.571 0.429 0.750 0.441 0.682 u
0.542 0.698 0.236 0.587 0.583 0.153 0.444 0.000 0.429 0.250 0.188 0.732 0.500 0.714 0.250 0.250 0.429 0.000 0.429 0.250 0.472 0.556 0.250 0.524 0.528 0.575 0.645 H
0.690 0.500 0.238 0.729 0.238 0.286 0.375 0.000 0.375 0.286 0.286 0.375 0.000 0.458 0.286 0.245 0.393 0.082 0.696 0.286 0.000 0.562 0.619 0.521 0.714 0.424 0.636 u
0.417 0.762 0.444 0.540 0.278 0.125 0.571 0.000 0.018 0.625 0.125 0.571 0.000 0.000 0.667 0.094 0.536 0.000 0.018 0.609 0.417 0.683 0.417 0.492 0.306 0.564 0.639 D
0.500 0.841 0.444 0.444 0.278 0.125 0.714 0.000 0.000 0.438 0.125 0.714 0.000 0.000 0.583 0.125 0.661 0.000 0.036 0.719 0.319 0.762 0.472 0.651 0.250 0.564 0.650 D
0.508 0.750 0.444 0.528 0.810 0.000 0.514 0.302 0.486 0.365 0.036 0.641 0.732 0.438 0.143 0.032 0.556 0.159 0.208 0.571 0.571 0.861 0.778 0.722 0.889 0.587 0.667 E
0.714 0.639 0.452 0.667 0.833 0.143 0.857 0.265 0.119 0.694 0.143 0.667 0.000 0.000 0.000 0.143 0.714 0.061 0.071 0.000 0.619 0.667 0.714 0.500 0.000 0.483 0.636 r
0.531 0.224 0.471 0.331 0.325 0.328 0.157 0.611 0.062 0.201 0.057 0.435 0.538 0.145 0.123 0.000 0.485 0.429 0.512 0.000 0.000 0.369 0.098 0.410 0.000 0.356 0.701 W
0.429 0.643 0.500 0.429 0.446 0.143 0.571 0.000 0.000 0.571 0.143 0.750 0.250 0.393 0.411 0.127 0.540 0.000 0.000 0.000 0.446 0.696 0.594 0.071 0.000 0.579 0.679 P
0.548 0.738 0.625 0.524 0.000 0.306 0.347 0.286 0.653 0.000 0.619 0.524 0.500 0.690 0.000 0.653 0.143 0.214 0.735 0.041 0.452 0.667 0.604 0.381 0.667 0.438 0.636 a
0.405 0.810 0.625 0.571 0.071 0.327 0.347 0.143 0.755 0.143 0.690 0.714 0.625 0.690 0.143 0.592 0.000 0.179 0.755 0.286 0.476 0.738 0.667 0.310 0.762 0.438 0.636 a
0.500 0.722 0.667 0.639 0.139 0.667 0.190 0.143 0.571 0.714 0.833 0.667 0.667 0.667 0.500 0.786 0.119 0.000 0.381 0.214 0.222 0.639 0.667 0.806 0.167 0.536 0.622 e
0.500 0.714 0.667 0.500 0.000 0.667 0.184 0.143 0.735 0.429 0.833 0.667 0.667 0.667 0.556 0.786 0.102 0.024 0.490 0.190 0.222 0.619 0.722 0.643 0.056 0.500 0.622 e
0.500 0.750 0.667 0.562 0.000 0.184 0.161 0.082 0.643 0.000 0.690 0.333 0.381 0.688 0.000 0.735 0.143 0.204 0.679 0.184 0.571 1.000 0.810 0.396 0.857 0.424 0.622 a
0.690 0.604 0.714 0.708 0.143 0.286 0.696 0.041 0.429 0.286 0.286 0.375 0.000 0.375 0.286 0.286 0.411 0.000 0.375 0.286 0.429 0.542 0.190 0.458 0.667 0.424 0.636 n
0.429 0.333 0.730 0.333 0.746 0.393 0.000 0.571 0.000 0.571 0.063 0.000 0.571 0.000 0.127 0.000 0.000 0.571 0.000 0.000 0.143 0.431 0.571 0.333 0.095 0.577 0.709 T
0.548 0.792 0.762 0.688 0.190 0.000 0.643 0.041 0.375 0.286 0.000 0.500 0.000 0.375 0.214 0.061 0.518 0.000 0.375 0.163 0.476 0.667 0.310 0.458 0.429 0.424 0.636 n
0.540 0.333 0.889 0.524 0.762 0.429 0.000 0.750 0.214 0.571 0.095 0.000 0.667 0.175 0.222 0.000 0.000 0.667 0.143 0.000 0.238 0.571 0.815 0.556 0.286 0.615 0.736 T
0.411 0.887 0.578 0.475 0.556 0.000 0.625 0.000 0.000 0.644 0.000 0.681 0.099 0.028 0.728 0.100 0.625 0.433 0.450 0.244 0.389 0.663 0.400 0.050 0.000 0.567 0.726 p
0.511 0.867 0.375 0.733 0.611 0.000 0.456 0.400 0.733 0.044 0.000 0.049 0.847 0.444 0.000 0.400 0.078 0.712 0.078 0.000 0.711 0.544 0.363 0.000 0.000 0.556 0.726 y
0.488 0.738 0.438 0.675 0.500 0.775 0.275 0.050 0.125 0.375 0.312 0.538 0.525 0.587 0.400 0.825 0.112 0.000 0.050 0.812 0.775 0.650 0.562 0.675 0.650 0.609 0.719 S
0.365 0.524 0.625 0.000 0.000 0.000 0.048 0.542 0.000 0.000 0.000 0.000 0.500 0.000 0.000 0.000 0.000 0.500 0.000 0.000 0.540 0.381 0.625 0.476 0.429 0.600 0.755 l
0.460 0.476 0.722 0.000 0.000 0.000 0.000 0.667 0.000 0.000 0.000 0.000 0.667 0.000 0.000 0.000 0.000 0.583 0.000 0.000 0.190 0.381 0.778 0.444 0.397 0.615 0.765 l
0.000 0.413 0.481 0.587 0.635 0.375 0.679 0.521 0.339 0.179 0.000 0.476 0.148 0.048 0.000 0.000 0.482 0.062 0.000 0.000 0.317 0.841 0.537 0.381 0.000 0.615 0.780 f
0.444 0.762 0.444 0.444 0.778 0.000 0.571 0.194 0.317 0.413 0.000 0.714 0.625 0.429 0.000 0.000 0.571 0.139 0.206 0.000 0.492 0.698 0.347 0.000 0.000 0.600 0.800 F
0.000 0.111 0.736 0.095 0.000 0.000 0.413 0.444 0.349 0.000 0.000 0.571 0.109 0.571 0.000 0.095 0.635 0.444 0.603 0.000 0.571 0.571 0.014 0.571 0.603 0.600 0.800 A
0.413 0.460 0.519 0.000 0.000 0.000 0.071 0.500 0.000 0.000 0.000 0.111 0.593 0.000 0.000 0.000 0.143 0.667 0.000 0.000 0.444 0.524 0.815 0.476 0.603 0.615 0.886 l
0.000 0.292 0.603 0.111 0.000 0.000 0.438 0.339 0.297 0.000 0.000 0.389 0.159 0.556 0.000 0.125 0.703 0.411 0.641 0.000 0.365 0.500 0.016 0.417 0.571 0.577 0.907 A
0.270 0.746 0.181 0.762 0.492 0.000 0.375 0.297 0.536 0.000 0.000 0.143 0.639 0.238 0.000 0.000 0.000 0.500 0.000 0.000 0.000 0.381 0.722 0.444 0.159 0.590 0.907 Y
0.778 0.841 0.306 0.778 0.556 0.032 0.651 0.264 0.524 0.000 0.000 0.317 0.722 0.175 0.000 0.000 0.000 0.625 0.000 0.000 0.175 0.556 0.819 0.540 0.063 0.610 0.911 Y
0.333 0.611 0.333 0.403 0.778 0.000 0.472 0.095 0.167 0.381 0.000 0.562 0.571 0.406 0.000 0.000 0.472 0.079 0.278 0.000 0.397 0.639 0.492 0.042 0.000 0.587 0.930 F
0.254 0.476 0.381 0.508 0.286 0.000 0.000 0.000 0.206 0.540 0.000 0.268 0.536 0.589 0.089 0.429 0.333 0.048 0.000 0.000 0.714 0.444 0.381 0.508 0.524 0.613 1.000 2
0.556 0.625 0.016 0.583 0.587 0.063 0.403 0.000 0.556 0.032 0.000 0.484 0.107 0.578 0.000 0.000 0.458 0.556 0.264 0.000 0.000 0.306 0.810 0.042 0.000 0.587 1.000 V
0.635 0.333 0.778 0.333 0.651 0.286 0.000 0.667 0.000 0.482 0.032 0.000 0.667 0.000 0.143 0.000 0.000 0.667 0.000 0.000 0.143 0.444 0.722 0.444 0.238 0.615 0.907 T
0.714 0.333 0.667 0.381 0.762 0.554 0.036 0.464 0.000 0.500 0.143 0.143 0.571 0.000 0.127 0.000 0.143 0.571 0.000 0.000 0.270 0.619 0.841 0.540 0.190 0.603 0.867 T
0.357 0.571 0.250 0.250 0.518 0.143 0.429 0.000 0.000 0.339 0.143 0.556 0.222 0.317 0.460 0.232 0.429 0.000 0.000 0.000 0.464 0.714 0.479 0.054 0.000 0.595 0.740 P
0.349 0.611 0.095 0.458 0.571 0.000 0.472 0.159 0.514 0.000 0.000 0.094 0.750 0.250 0.000 0.222 0.028 0.571 0.069 0.000 0.714 0.569 0.556 0.000 0.000 0.587 0.741 y
0.135 0.146 0.104 0.132 0.111 0.083 0.043 0.025 0.070 0.063 0.062 0.042 0.058 0.042 0.068 0.046 0.025 0.019 0.075 0.064 0.052 0.051 0.018 0.087 0.057 0.294 0.951 ɛ
0.000 0.014 0.762 0.347 0.028 0.000 0.236 0.460 0.444 0.000 0.000 0.486 0.190 0.597 0.014 0.042 0.653 0.444 0.708 0.236 0.556 0.722 0.111 0.361 0.597 0.573 0.911 A
0.508 0.492 0.333 0.429 0.270 0.000 0.063 0.028 0.000 0.540 0.000 0.000 0.000 0.018 0.625 0.000 0.492 0.375 0.492 0.254 0.381 0.762 0.417 0.048 0.000 0.600 0.784 p
0.000 0.000 0.292 0.494 0.000 0.000 0.099 0.583 0.728 0.000 0.000 0.378 0.138 0.867 0.044 0.173 0.494 0.250 0.741 0.358 0.593 0.222 0.056 0.654 0.741 0.524 0.875 A
0.736 0.417 0.000 0.042 0.667 0.469 0.406 0.357 0.062 0.453 0.139 0.514 0.794 0.597 0.486 0.000 0.562 0.571 0.906 0.375 0.000 0.750 0.302 0.847 0.306 0.551 0.867 W
0.347 0.847 0.095 0.458 0.639 0.125 0.469 0.500 0.250 0.375 0.125 0.444 0.397 0.403 0.389 0.125 0.469 0.125 0.594 0.500 0.458 0.639 0.048 0.528 0.583 0.551 0.780 N
0.375 0.768 0.500 0.500 0.750 0.000 0.571 0.194 0.333 0.381 0.000 0.714 0.625 0.357 0.054 0.000 0.571 0.139 0.063 0.540 0.375 0.804 0.625 0.571 0.714 0.579 0.864 E
0.444 0.736 0.476 0.194 0.000 0.000 0.625 0.000 0.000 0.000 0.000 0.625 0.000 0.000 0.107 0.000 0.625 0.000 0.000 0.667 0.619 0.875 0.667 0.556 0.746 0.587 0.889 L
0.222 0.556 0.361 0.698 0.403 0.444 0.111 0.000 0.286 0.319 0.078 0.446 0.516 0.446 0.078 0.431 0.270 0.000 0.270 0.764 0.667 0.619 0.458 0.730 0.792 0.575 0.755 S
0.458 0.429 0.556 0.762 0.583 0.514 0.079 0.292 0.778 0.153 0.000 0.196 0.781 0.179 0.172 0.125 0.714 0.167 0.000 0.875 0.625 0.524 0.444 0.444 0.708 0.575 1.000 Z
0.302 0.653 0.524 0.681 0.587 0.508 0.583 0.000 0.444 0.540 0.143 0.475 0.471 0.475 0.200 0.333 0.042 0.000 0.306 0.937 0.762 0.625 0.603 0.861 0.714 0.607 0.933 S
0.238 0.603 0.417 0.635 0.460 0.524 0.333 0.000 0.254 0.175 0.127 0.349 0.431 0.476 0.254 0.683 0.127 0.000 0.365 0.968 0.556 0.460 0.458 0.857 0.651 0.610 0.953 S
0.387 0.750 0.633 0.700 0.375 0.000 0.675 0.022 0.050 0.750 0.000 0.716 0.091 0.170 0.716 0.000 0.575 0.422 0.438 0.087 0.450 0.675 0.278 0.000 0.000 0.606 0.758 p
0.311 0.678 0.400 0.400 0.611 0.000 0.444 0.000 0.311 0.278 0.000 0.556 0.500 0.506 0.000 0.000 0.444 0.000 0.178 0.422 0.400 0.622 0.450 0.544 0.722 0.556 0.900 E
0.490 0.878 0.340 0.622 0.550 0.100 0.556 0.430 0.333 0.200 0.100 0.535 0.409 0.455 0.200 0.100 0.556 0.130 0.833 0.200 0.420 0.667 0.250 0.533 0.240 0.532 0.940 N
0.091 0.068 0.061 0.049 0.081 0.059 0.021 0.016 0.000 0.031 0.045 0.021 0.012 0.000 0.026 0.058 0.037 0.007 0.000 0.027 0.026 0.000 0.027 0.010 0.026 0.261 1.000 i
0.556 0.444 0.667 0.444 0.806 0.681 0.032 0.500 0.000 0.750 0.281 0.000 0.500 0.000 0.250 0.000 0.000 0.500 0.000 0.000 0.194 0.444 0.722 0.524 0.208 0.575 0.833 T
0.639 0.413 0.000 0.111 0.653 0.431 0.286 0.306 0.016 0.444 0.156 0.536 0.719 0.321 0.359 0.056 0.730 0.569 0.762 0.264 0.000 0.730 0.264 0.889 0.292 0.575 0.930 W
0.708 0.319 0.000 0.208 0.708 0.375 0.125 0.375 0.234 0.453 0.236 0.500 0.875 0.444 0.264 0.125 0.672 0.562 0.750 0.062 0.014 0.806 0.236 0.792 0.042 0.538 0.907 W
0.444 0.619 0.333 0.571 0.361 0.250 0.500 0.000 0.179 0.562 0.153 0.714 0.514 0.651 0.181 0.125 0.429 0.062 0.554 0.062 0.347 0.508 0.139 0.413 0.597 0.564 0.867 a
0.472 0.635 0.250 0.698 0.472 0.250 0.270 0.000 0.571 0.125 0.250 0.714 0.500 0.786 0.125 0.250 0.429 0.000 0.571 0.125 0.472 0.667 0.306 0.762 0.486 0.575 0.755 H
0.500 0.810 0.181 0.492 0.708 0.250 0.524 0.472 0.238 0.250 0.250 0.429 0.417 0.587 0.250 0.250 0.508 0.125 0.635 0.444 0.625 0.794 0.208 0.238 0.389 0.585 0.953 N
0.556 0.778 0.079 0.472 0.597 0.250 0.578 0.429 0.250 0.375 0.250 0.375 0.508 0.389 0.375 0.250 0.375 0.161 0.641 0.375 0.694 0.597 0.000 0.514 0.417 0.551 0.780 N
0.556 0.365 0.000 0.000 0.000 0.306 0.381 0.417 0.429 0.056 0.266 0.661 0.047 0.429 0.250 0.250 0.302 0.000 0.429 0.250 0.514 0.508 0.167 0.603 0.639 0.575 0.755 h
0.213 0.843 0.000 0.222 0.722 0.175 0.808 0.018 0.533 0.550 0.259 0.630 0.313 0.519 0.352 0.258 0.467 0.527 0.558 0.242 0.620 0.417 0.313 0.796 0.278 0.391 0.896 M
0.524 0.444 0.333 0.444 0.175 0.286 0.143 0.000 0.397 0.429 0.286 0.500 0.518 0.589 0.179 0.286 0.302 0.127 0.635 0.063 0.571 0.683 0.159 0.476 0.587 0.613 0.930 R
0.762 0.683 0.097 0.349 0.587 0.286 0.587 0.500 0.286 0.429 0.286 0.429 0.609 0.339 0.429 0.286 0.429 0.181 0.714 0.429 0.683 0.746 0.125 0.587 0.429 0.600 0.889 N
0.444 0.603 0.444 0.397 0.286 0.143 0.357 0.000 0.161 0.482 0.286 0.683 0.444 0.540 0.365 0.286 0.429 0.000 0.000 0.536 0.603 0.683 0.381 0.429 0.460 0.603 0.867 B
0.603 0.375 0.000 0.000 0.000 0.286 0.406 0.500 0.344 0.000 0.286 0.556 0.111 0.306 0.000 0.286 0.359 0.000 0.250 0.000 0.492 0.486 0.254 0.583 0.444 0.577 0.867 h
0.540 0.639 0.000 0.000 0.000 0.286 0.500 0.446 0.406 0.036 0.286 0.736 0.190 0.556 0.143 0.286 0.406 0.000 0.406 0.143 0.397 0.472 0.159 0.472 0.317 0.577 0.867 h
0.016 0.270 0.375 0.587 0.873 0.032 0.048 0.097 0.460 0.032 0.413 0.206 0.708 0.238 0.016 0.381 0.143 0.222 0.381 0.508 0.381 0.413 0.444 0.476 0.302 0.610 0.759 g
0.206 0.635 0.361 0.587 0.333 0.556 0.079 0.000 0.381 0.286 0.571 0.000 0.297 0.500 0.500 0.476 0.032 0.056 0.397 0.492 0.254 0.556 0.458 0.651 0.524 0.600 0.889 G
0.175 0.476 0.444 0.492 0.333 0.730 0.238 0.000 0.016 0.540 0.821 0.143 0.000 0.000 0.571 0.476 0.302 0.000 0.048 0.571 0.127 0.603 0.500 0.524 0.254 0.600 0.930 O
0.317 0.458 0.349 0.639 0.206 0.536 0.000 0.000 0.438 0.125 0.571 0.000 0.286 0.375 0.429 0.482 0.016 0.000 0.422 0.286 0.238 0.458 0.444 0.625 0.397 0.577 0.907 G
0.333 0.667 0.190 0.167 0.524 0.619 0.905 0.095 0.381 0.643 0.224 0.755 0.000 0.694 0.388 0.500 0.619 0.190 0.952 0.619 0.452 0.857 0.476 0.881 0.571 0.435 0.931 u
0.222 0.413 0.431 0.683 0.286 0.429 0.000 0.000 0.333 0.190 0.571 0.000 0.234 0.429 0.589 0.508 0.048 0.000 0.476 0.397 0.222 0.476 0.472 0.651 0.397 0.600 0.755 G
0.667 0.786 0.417 0.643 0.310 0.429 0.881 0.083 0.786 0.333 0.357 0.571 0.125 0.833 0.048 0.571 0.452 0.312 0.929 0.548 0.595 0.286 0.292 0.929 0.381 0.406 0.897 n
0.365 0.365 0.528 0.667 0.730 0.589 0.036 0.312 0.411 0.000 0.762 0.698 0.639 0.159 0.000 0.571 0.250 0.250 0.446 0.375 0.476 0.333 0.333 0.429 0.317 0.590 0.765 g
0.111 0.556 0.381 0.698 0.714 0.302 0.556 0.175 0.587 0.063 0.429 0.643 0.714 0.375 0.036 0.683 0.349 0.222 0.286 0.476 0.365 0.349 0.444 0.444 0.429 0.613 0.784 g
0.159 0.444 0.370 0.667 0.794 0.429 0.250 0.062 0.500 0.107 0.524 0.746 0.722 0.254 0.016 0.732 0.286 0.167 0.321 0.446 0.413 0.333 0.333 0.397 0.413 0.615 0.765 g
0.000 0.143 0.578 0.839 0.547 0.000 0.000 0.167 0.571 0.000 0.188 0.036 0.125 0.571 0.000 0.736 0.095 0.167 0.571 0.000 0.422 0.446 0.531 0.232 0.000 0.553 0.844 J
0.250 0.625 0.531 0.688 0.141 0.694 0.056 0.000 0.361 0.347 0.766 0.000 0.000 0.250 0.297 0.819 0.097 0.000 0.264 0.056 0.297 0.750 0.500 0.453 0.000 0.526 0.760 O
0.190 0.556 0.444 0.556 0.349 0.821 0.196 0.000 0.161 0.857 0.873 0.079 0.000 0.000 0.556 0.929 0.286 0.000 0.071 0.607 0.286 0.683 0.486 0.540 0.254 0.590 0.975 O
0.079 0.508 0.444 0.524 0.238 0.714 0.238 0.000 0.079 0.635 1.000 0.143 0.000 0.000 0.571 0.968 0.286 0.000 0.032 0.603 0.429 0.778 0.500 0.635 0.429 0.600 0.952 0
0.000 0.544 0.067 0.156 0.000 0.081 0.576 0.222 0.556 0.000 0.467 0.189 0.167 0.467 0.000 0.576 0.545 0.596 0.758 0.505 0.000 0.000 0.111 0.533 0.000 0.573 1.000 4
0.422 0.600 0.400 0.613 0.556 0.622 0.250 0.022 0.175 0.422 0.278 0.463 0.478 0.450 0.344 0.600 0.125 0.000 0.000 0.722 0.733 0.550 0.500 0.637 0.511 0.576 0.920 S
0.000 0.214 0.433 0.400 0.233 0.333 0.338 0.000 0.000 0.000 0.733 0.343 0.467 0.400 0.183 0.712 0.026 0.000 0.013 0.545 0.350 0.471 0.383 0.457 0.283 0.708 0.774 6
0.167 0.429 0.370 0.397 0.759 0.648 0.079 0.000 0.000 0.556 0.667 0.000 0.000 0.000 0.000 0.611 0.063 0.000 0.016 0.556 0.093 0.429 0.389 0.587 0.444 0.650 0.727 C
0.357 0.423 0.196 0.571 0.291 0.487 0.318 0.011 0.767 0.058 0.436 0.521 0.261 0.124 0.000 0.407 0.516 0.488 0.513 0.476 0.556 0.218 0.192 0.248 0.363 0.649 0.701 g
0.022 0.385 0.692 0.253 0.000 0.000 0.119 0.021 0.000 0.000 0.143 0.352 0.327 0.231 0.011 0.488 0.548 0.344 0.798 0.143 0.670 0.440 0.375 0.549 0.440 0.729 0.720 á
0.000 0.200 0.467 0.429 0.333 0.303 0.403 0.030 0.000 0.000 0.783 0.343 0.400 0.371 0.283 0.742 0.052 0.000 0.000 0.515 0.267 0.486 0.383 0.400 0.417 0.708 0.774 6
0.000 0.168 0.343 0.353 0.521 0.024 0.814 0.047 0.000 0.000 0.274 0.953 0.257 0.099 0.000 0.133 0.933 0.000 0.000 0.000 0.269 0.916 0.157 0.000 0.000 0.729 0.751 f
0.000 0.440 0.780 0.341 0.000 0.000 0.119 0.048 0.000 0.000 0.044 0.242 0.275 0.132 0.000 0.274 0.583 0.345 0.631 0.262 0.571 0.396 0.330 0.451 0.462 0.737 0.641 á
0.000 0.359 0.688 0.286 0.000 0.000 0.004 0.137 0.103 0.000 0.192 0.581 1.000 0.436 0.000 0.000 0.444 1.000 0.423 0.000 0.141 0.530 0.962 0.534 0.171 0.837 0.712 i
0.000 0.432 0.688 0.363 0.000 0.000 0.009 0.139 0.103 0.000 0.218 0.658 1.000 0.444 0.000 0.000 0.556 1.000 0.444 0.000 0.150 0.650 1.000 0.577 0.171 0.841 0.712 i
0.000 0.000 0.425 0.950 0.900 0.000 0.056 0.222 0.361 0.167 0.500 0.700 1.000 0.750 0.000 0.083 0.667 0.944 0.472 0.167 0.125 0.850 0.900 0.525 0.425 0.818 0.746 i
0.000 0.185 0.587 0.000 0.000 0.389 0.370 0.238 0.000 0.000 0.125 0.167 0.607 0.000 0.000 0.000 0.000 0.571 0.000 0.000 0.333 0.444 0.762 0.444 0.444 0.663 0.755 i
0.000 0.241 0.825 0.315 0.000 0.317 0.333 0.238 0.000 0.000 0.250 0.250 0.607 0.000 0.000 0.000 0.000 0.571 0.000 0.000 0.381 0.444 0.762 0.444 0.397 0.637 0.727 i
0.000 0.000 0.159 0.556 0.127 0.196 0.396 0.304 0.333 0.000 0.429 0.056 0.206 0.593 0.000 0.286 0.000 0.036 0.500 0.000 0.429 0.167 0.349 0.556 0.349 0.628 0.780 d
0.000 0.079 0.759 0.127 0.000 0.167 0.333 0.315 0.063 0.000 0.125 0.250 0.875 0.286 0.000 0.000 0.000 0.759 0.159 0.000 0.333 0.444 0.778 0.444 0.426 0.650 0.755 i
0.000 0.000 0.159 0.685 0.254 0.190 0.370 0.317 0.463 0.127 0.571 0.042 0.161 0.750 0.000 0.444 0.000 0.063 0.722 0.000 0.397 0.370 0.540 0.630 0.429 0.637 0.784 d
0.000 0.000 0.349 0.870 0.127 0.286 0.521 0.339 0.688 0.143 0.587 0.056 0.206 0.833 0.143 0.625 0.000 0.036 0.750 0.143 0.476 0.444 0.540 0.815 0.524 0.628 0.696 d
0.000 0.286 0.796 0.095 0.000 0.370 0.444 0.370 0.000 0.000 0.148 0.333 0.833 0.000 0.000 0.000 0.127 0.815 0.000 0.000 0.537 0.556 0.852 0.556 0.519 0.659 0.759 i
0.000 0.063 0.759 0.270 0.000 0.259 0.333 0.389 0.127 0.000 0.056 0.000 0.500 0.286 0.000 0.000 0.000 0.500 0.286 0.000 0.296 0.444 0.574 0.540 0.481 0.659 0.774 i
0.011 0.359 0.780 0.487 0.044 0.000 0.278 0.429 0.028 0.000 0.330 0.500 0.516 0.038 0.000 0.071 0.083 0.679 0.000 0.000 0.264 0.308 0.703 0.308 0.286 0.754 0.641 í
0.000 0.296 0.889 0.130 0.000 0.444 0.593 0.492 0.000 0.000 0.222 0.148 0.603 0.000 0.000 0.000 0.000 0.571 0.000 0.000 0.537 0.426 0.667 0.481 0.519 0.671 0.641 i
0.000 0.222 0.852 0.302 0.000 0.444 0.444 0.500 0.127 0.000 0.000 0.000 0.792 0.214 0.000 0.000 0.000 0.667 0.000 0.000 0.222 0.222 0.778 0.444 0.519 0.650 0.755 i
0.000 0.259 0.556 0.241 0.000 0.500 0.500 0.500 0.167 0.000 0.111 0.111 0.644 0.333 0.000 0.000 0.000 0.600 0.333 0.000 0.444 0.444 0.778 0.630 0.444 0.679 0.765 i
0.000 0.278 0.587 0.074 0.000 0.375 0.500 0.500 0.000 0.000 0.000 0.000 0.571 0.000 0.000 0.000 0.000 0.571 0.000 0.000 0.571 0.593 0.635 0.444 0.397 0.628 0.709 i
0.540 0.333 0.810 0.537 0.762 0.429 0.000 0.643 0.250 0.500 0.095 0.000 0.571 0.204 0.159 0.000 0.000 0.571 0.167 0.000 0.238 0.593 0.762 0.537 0.349 0.628 0.736 T
0.000 0.429 0.333 0.000 0.000 0.375 0.714 0.667 0.500 0.333 0.093 0.492 0.407 0.016 0.000 0.000 0.429 0.333 0.054 0.333 0.000 0.286 0.458 0.411 0.458 0.622 0.725 t
0.000 0.389 0.476 0.630 0.778 0.222 0.648 0.714 0.296 0.095 0.000 0.667 0.238 0.056 0.000 0.000 0.667 0.143 0.000 0.000 0.429 0.667 0.556 0.444 0.000 0.646 0.745 f
0.000 0.148 0.619 0.000 0.000 0.185 0.463 0.730 0.444 0.481 0.000 0.500 0.286 0.000 0.083 0.000 0.352 0.286 0.000 0.222 0.000 0.056 0.413 0.574 0.556 0.663 0.755 t
0.000 0.125 0.750 0.750 0.000 0.333 0.750 1.000 0.750 0.278 0.250 1.000 0.625 0.031 0.000 0.639 1.000 0.311 0.250 0.306 0.562 1.000 0.650 0.469 0.125 0.776 0.792 t
0.508 0.500 0.000 0.000 0.000 0.286 0.542 0.482 0.458 0.304 0.286 0.667 0.048 0.000 0.508 0.286 0.667 0.036 0.000 0.571 0.222 0.500 0.365 0.370 0.444 0.628 0.736 b
0.870 0.759 0.056 0.722 0.648 0.200 0.200 0.267 0.367 0.217 0.278 0.574 0.259 0.333 0.741 0.500 0.333 0.000 0.000 0.150 0.130 0.537 0.481 0.500 0.500 0.698 0.672 c̈
0.328 0.776 0.088 0.164 0.431 0.000 0.608 0.318 0.352 0.045 0.000 0.070 0.782 0.266 0.000 0.000 0.000 0.445 0.005 0.000 0.257 0.497 0.154 0.000 0.000 0.665 0.667 y
0.000 0.556 0.278 0.000 0.000 0.444 0.762 0.630 0.476 0.426 0.111 0.619 0.333 0.111 0.093 0.000 0.571 0.185 0.032 0.259 0.000 0.270 0.537 0.730 0.537 0.659 0.641 t
0.000 0.500 0.289 0.000 0.000 0.479 0.750 0.600 0.562 0.417 0.093 0.685 0.289 0.111 0.093 0.000 0.500 0.200 0.000 0.083 0.000 0.315 0.489 0.537 0.778 0.679 0.765 t
0.000 0.574 0.333 0.000 0.000 0.500 0.815 0.467 0.444 0.481 0.062 0.667 0.200 0.021 0.021 0.000 0.667 0.200 0.000 0.296 0.000 0.426 0.578 0.519 0.500 0.688 0.727 t
0.317 0.444 0.397 0.593 0.413 0.492 0.093 0.000 0.296 0.127 0.089 0.354 0.464 0.458 0.196 0.635 0.037 0.000 0.333 0.857 0.603 0.463 0.317 0.796 0.683 0.637 0.741 S
0.471 0.471 0.400 0.400 0.357 0.429 0.571 0.357 0.357 0.186 0.117 0.169 0.052 0.039 0.597 0.000 0.000 0.000 0.300 0.486 0.200 0.343 0.329 0.214 0.000 0.670 0.758 5
0.000 0.463 0.407 0.000 0.000 0.537 0.741 0.630 0.537 0.519 0.204 0.556 0.481 0.222 0.167 0.000 0.833 0.370 0.037 0.296 0.000 0.426 0.907 0.833 0.722 0.683 0.707 t
0.492 0.444 0.444 0.815 0.667 0.635 0.093 0.000 0.296 0.397 0.232 0.396 0.393 0.500 0.179 0.571 0.000 0.000 0.352 0.905 0.667 0.444 0.603 0.833 0.714 0.637 0.800 S
0.381 0.587 0.519 0.429 0.540 0.000 0.587 0.019 0.000 0.349 0.000 0.571 0.292 0.054 0.625 0.000 0.429 0.278 0.444 0.159 0.206 0.540 0.370 0.127 0.000 0.625 0.727 p
0.302 0.619 0.556 0.444 0.429 0.143 0.730 0.037 0.000 0.508 0.143 0.911 0.188 0.036 0.536 0.063 0.429 0.370 0.349 0.175 0.381 0.556 0.407 0.048 0.000 0.625 0.800 p
0.088 0.560 0.590 0.198 0.000 0.022 0.099 0.000 0.000 0.000 0.143 0.250 0.250 0.190 0.012 0.571 0.505 0.397 0.714 0.275 0.736 0.429 0.308 0.516 0.429 0.750 0.759 á
0.407 0.444 0.667 0.000 0.000 0.000 0.000 0.571 0.000 0.000 0.111 0.111 0.635 0.222 0.167 0.833 0.875 0.946 0.875 0.792 0.407 0.444 0.762 0.444 0.593 0.654 0.619 l̶
0.000 0.475 0.400 0.000 0.000 0.363 0.825 0.857 0.700 0.663 0.000 0.500 0.457 0.000 0.000 0.000 0.500 0.429 0.013 0.375 0.013 0.225 0.671 0.650 0.475 0.620 0.719 t
0.071 0.524 0.402 0.000 0.000 0.116 0.111 0.000 0.000 0.000 0.268 0.317 0.339 0.167 0.000 0.482 0.294 0.286 0.524 0.000 0.473 0.238 0.277 0.421 0.286 0.712 0.725 á
0.571 0.766 0.682 0.688 0.532 0.104 0.909 0.330 0.286 1.000 0.114 0.871 0.162 0.457 0.986 0.052 0.182 0.170 0.766 0.532 0.000 0.247 0.898 0.714 0.039 0.680 0.714 ŋ
0.267 0.533 0.685 0.578 0.333 0.000 0.125 0.812 0.050 0.000 0.000 0.200 0.926 0.111 0.000 0.000 0.200 0.708 0.025 0.000 0.400 0.556 0.519 0.000 0.000 0.718 0.629 p
0.044 0.484 0.692 0.231 0.000 0.022 0.253 0.019 0.000 0.000 0.077 0.275 0.260 0.088 0.000 0.418 0.637 0.327 0.571 0.000 0.659 0.407 0.308 0.495 0.374 0.738 0.735 á
0.482 0.500 0.696 0.000 0.000 0.000 0.000 0.571 0.000 0.000 0.196 0.125 0.643 0.125 0.089 0.778 0.778 0.857 0.704 0.635 0.429 0.500 0.714 0.500 0.500 0.618 0.655 l̶
0.746 0.444 0.698 0.444 0.762 0.413 0.000 0.429 0.000 0.571 0.054 0.000 0.429 0.000 0.125 0.000 0.000 0.524 0.000 0.000 0.317 0.444 0.635 0.630 0.349 0.637 0.800 T
0.165 0.670 0.714 0.341 0.022 0.055 0.209 0.022 0.000 0.000 0.083 0.238 0.262 0.119 0.000 0.549 0.462 0.341 0.615 0.000 0.626 0.407 0.352 0.440 0.308 0.742 0.732 á
0.317 0.444 0.815 0.524 0.317 0.000 0.000 0.667 0.143 0.000 0.000 0.071 0.833 0.143 0.000 0.000 0.048 0.778 0.143 0.000 0.540 0.508 0.667 0.492 0.413 0.625 0.800 I
0.762 0.444 0.815 0.444 0.746 0.571 0.000 0.667 0.000 0.571 0.143 0.000 0.667 0.000 0.214 0.000 0.000 0.630 0.000 0.000 0.254 0.444 0.667 0.492 0.222 0.625 0.702 T
0.500 0.556 0.852 0.556 0.556 0.000 0.000 0.667 0.000 0.000 0.000 0.000 0.667 0.000 0.000 0.000 0.159 0.759 0.000 0.000 0.444 0.444 0.833 0.556 0.481 0.650 0.678 I
0.173 0.653 0.875 0.082 0.000 0.082 0.367 0.259 0.000 0.000 0.033 0.110 0.125 0.022 0.000 0.469 0.541 0.527 0.582 0.000 0.592 0.378 0.366 0.592 0.245 0.754 0.707 a̓
0.407 0.508 0.907 0.603 0.444 0.000 0.000 0.833 0.286 0.000 0.000 0.000 0.833 0.286 0.000 0.000 0.000 0.833 0.286 0.000 0.481 0.556 0.926 0.667 0.444 0.641 0.650 I
0.833 1.000 1.000 0.889 0.556 0.619 0.714 0.714 0.619 0.238 0.000 0.000 0.000 0.000 0.000 0.429 0.714 0.714 0.619 0.476 0.611 0.778 1.000 0.944 0.722 0.786 0.622 :
0.200 0.625 1.000 0.938 0.425 0.000 0.250 1.000 0.389 0.400 0.000 0.250 1.000 0.250 0.000 0.000 0.250 1.000 0.250 0.000 0.425 0.625 0.850 0.094 0.000 0.750 0.792 N
0.000 0.000 0.000 0.117 0.600 0.000 0.000 0.143 0.667 0.267 0.000 0.121 0.662 0.152 0.000 0.100 0.683 0.229 0.000 0.000 0.633 0.167 0.000 0.000 0.000 0.713 0.810 /
0.000 0.600 0.407 0.000 0.000 0.375 0.675 0.646 0.500 0.521 0.000 0.533 0.315 0.000 0.037 0.000 0.550 0.333 0.000 0.208 0.000 0.222 0.444 0.444 0.630 0.692 0.886 t
0.000 0.333 0.429 0.000 0.000 0.444 0.630 0.746 0.556 0.481 0.000 0.500 0.429 0.000 0.000 0.000 0.463 0.429 0.000 0.259 0.000 0.111 0.444 0.556 0.593 0.663 0.889 t
0.000 0.281 0.545 0.365 0.036 0.176 0.225 0.361 0.000 0.000 0.000 0.000 0.571 0.000 0.000 0.286 0.275 0.538 0.196 0.319 0.000 0.219 0.786 0.688 0.125 0.814 0.951 ḷ́
0.000 0.000 0.000 0.125 0.577 0.000 0.000 0.062 0.646 0.094 0.000 0.048 0.538 0.144 0.000 0.219 0.573 0.167 0.000 0.000 0.577 0.115 0.000 0.000 0.000 0.695 1.000 /
0.018 0.323 0.545 0.271 0.000 0.362 0.400 0.400 0.000 0.000 0.000 0.000 0.571 0.000 0.000 0.257 0.267 0.676 0.222 0.238 0.062 0.469 0.812 0.646 0.134 0.804 0.925 ḷ́
0.000 0.500 0.333 0.000 0.000 0.389 0.519 0.630 0.500 0.444 0.033 0.583 0.400 0.100 0.117 0.000 0.704 0.333 0.000 0.407 0.000 0.296 0.389 0.519 0.407 0.690 0.933 t
0.000 0.093 0.714 0.241 0.000 0.365 0.481 0.492 0.111 0.000 0.071 0.042 0.571 0.000 0.000 0.000 0.000 0.571 0.000 0.000 0.349 0.556 0.746 0.519 0.540 0.637 0.909 i
0.000 0.098 0.824 0.379 0.000 0.000 0.083 0.328 0.028 0.000 0.088 0.320 0.199 0.281 0.243 0.039 0.083 0.438 0.500 0.000 0.213 0.503 0.419 0.118 0.000 0.759 0.963 y̓
0.000 0.500 0.286 0.000 0.000 0.389 0.722 0.444 0.222 0.148 0.104 0.562 0.286 0.000 0.000 0.000 0.500 0.286 0.056 0.333 0.000 0.229 0.500 0.583 0.500 0.645 0.864 t
0.000 0.381 0.857 0.690 0.000 0.000 0.238 0.557 0.190 0.000 0.133 0.244 0.493 0.122 0.000 0.071 0.071 0.786 0.190 0.000 0.238 0.286 0.629 0.476 0.357 0.813 0.817 i̓
0.061 0.452 0.929 0.405 0.000 0.000 0.321 0.561 0.071 0.000 0.143 0.333 0.459 0.000 0.000 0.214 0.214 0.602 0.000 0.000 0.235 0.286 0.612 0.286 0.367 0.780 0.815 ḷ́
0.000 0.571 0.890 0.076 0.000 0.000 0.393 0.289 0.000 0.000 0.176 0.370 0.265 0.193 0.202 0.000 0.625 0.133 0.018 0.438 0.143 0.672 0.368 0.218 0.076 0.797 1.000 p̓
0.000 0.440 0.987 0.462 0.000 0.000 0.327 0.679 0.082 0.000 0.205 0.275 0.462 0.000 0.000 0.202 0.214 0.679 0.000 0.000 0.256 0.308 0.769 0.308 0.269 0.778 0.808 ḷ́
0.000 0.484 0.805 0.000 0.000 0.016 0.406 0.258 0.000 0.000 0.117 0.430 0.328 0.125 0.117 0.180 0.531 0.391 0.188 0.211 0.000 0.359 0.328 0.312 0.344 0.763 0.835 t̓
0.036 0.562 0.812 0.223 0.000 0.125 0.339 0.045 0.000 0.000 0.200 0.333 0.250 0.233 0.000 0.438 0.366 0.241 0.607 0.000 0.500 0.223 0.250 0.500 0.286 0.731 0.918 á
0.000 0.464 0.969 0.321 0.000 0.000 0.208 0.362 0.008 0.000 0.214 0.411 0.041 0.000 0.000 0.343 0.692 0.657 0.533 0.429 0.541 0.125 0.194 0.607 0.316 0.757 0.840 ƛ̓
0.045 0.571 0.857 0.071 0.000 0.000 0.312 0.152 0.000 0.000 0.223 0.491 0.295 0.250 0.259 0.000 0.696 0.179 0.089 0.545 0.205 0.696 0.446 0.214 0.054 0.796 1.000 p̓
0.000 0.200 0.900 0.467 0.000 0.031 0.194 0.455 0.031 0.000 0.229 0.410 0.133 0.000 0.000 0.306 0.592 0.723 0.469 0.245 0.533 0.200 0.142 0.505 0.324 0.768 0.885 ƛ̓
0.000 0.229 0.867 0.648 0.000 0.000 0.162 0.476 0.124 0.000 0.241 0.402 0.143 0.000 0.000 0.362 0.638 0.733 0.581 0.438 0.410 0.238 0.029 0.514 0.371 0.785 0.878 ƛ̓
0.034 0.479 0.958 0.437 0.000 0.000 0.210 0.252 0.017 0.000 0.250 0.357 0.107 0.295 0.348 0.000 0.202 0.429 0.462 0.050 0.370 0.370 0.571 0.118 0.000 0.806 0.976 y̓
0.042 0.478 0.891 0.309 0.000 0.000 0.162 0.160 0.000 0.000 0.295 0.445 0.223 0.266 0.071 0.277 0.603 0.059 0.471 0.395 0.109 0.404 0.807 0.603 0.118 0.794 0.870 ṇ̓
0.009 0.286 0.656 0.455 0.018 0.000 0.000 0.000 0.000 0.000 0.304 0.562 0.250 0.366 0.214 0.366 0.580 0.109 0.357 0.545 0.107 0.304 0.742 0.509 0.000 0.789 0.844 ṇ́
0.000 0.000 0.114 0.575 0.743 0.000 0.045 0.091 0.591 0.506 0.329 0.650 0.329 0.850 0.157 0.870 0.182 0.247 0.750 0.156 0.829 0.438 0.543 0.762 0.386 0.656 1.000 d
0.000 0.519 0.000 0.000 0.000 0.143 0.584 0.000 0.208 0.039 0.400 0.286 0.000 0.571 0.143 0.403 0.273 0.273 0.714 0.403 0.000 0.000 0.000 0.701 0.104 0.700 1.000 4
0.000 0.000 0.225 0.967 0.900 0.000 0.111 0.250 0.296 0.111 0.400 0.600 1.000 0.933 0.400 0.278 0.778 1.000 0.481 0.111 0.400 0.933 0.950 0.567 0.500 0.841 0.917 i
0.000 0.468 0.000 0.000 0.000 0.208 0.429 0.000 0.234 0.000 0.471 0.100 0.000 0.571 0.000 0.494 0.364 0.364 0.662 0.351 0.000 0.000 0.052 0.532 0.000 0.690 0.806 4
0.000 0.000 0.286 0.722 0.000 0.179 0.500 0.268 0.667 0.000 0.508 0.111 0.238 0.704 0.000 0.321 0.000 0.018 0.688 0.000 0.444 0.333 0.444 0.778 0.333 0.628 0.886 d
0.000 0.117 0.500 0.550 0.354 0.273 0.745 0.159 0.000 0.000 0.875 0.600 0.000 0.000 0.000 0.386 0.818 0.159 0.000 0.000 0.000 0.217 0.542 0.600 0.438 0.833 0.844 (
0.017 0.292 0.533 0.583 0.250 0.700 0.854 0.117 0.000 0.000 1.000 0.341 0.000 0.000 0.000 0.650 0.875 0.300 0.000 0.000 0.083 0.417 0.683 0.812 0.517 0.827 0.887 (
0.000 0.062 0.736 0.364 0.000 0.000 0.179 0.465 0.105 0.000 0.229 0.506 0.306 0.241 0.278 0.000 0.506 0.111 0.037 0.493 0.090 0.494 0.396 0.253 0.056 0.779 0.945 p̓
0.171 0.400 0.412 0.714 0.471 0.000 0.117 0.614 0.597 0.260 0.000 0.114 0.175 0.086 0.729 0.000 0.000 0.023 0.390 0.558 0.429 0.529 0.425 0.257 0.014 0.667 1.000 3
0.214 0.333 0.619 0.000 0.000 0.000 0.000 0.571 0.000 0.000 0.000 0.000 0.583 0.042 0.000 0.169 0.212 0.571 0.439 0.429 0.000 0.472 0.988 0.833 0.119 0.731 0.982 ḷ
0.240 0.347 0.267 0.533 0.560 0.000 0.000 0.000 0.400 0.600 0.000 0.000 0.000 0.357 0.757 0.000 0.000 0.000 0.200 1.000 0.240 0.467 0.467 0.573 0.880 0.850 0.986 ]
0.280 0.333 0.333 0.733 0.587 0.000 0.000 0.000 0.493 0.600 0.000 0.000 0.000 0.529 0.671 0.000 0.000 0.000 0.400 0.800 0.240 0.347 0.400 0.613 0.867 0.850 1.000 ]
0.314 0.357 0.357 0.700 0.386 0.000 0.000 0.000 0.600 0.400 0.000 0.000 0.000 0.557 0.786 0.000 0.000 0.000 0.400 1.000 0.314 0.429 0.429 0.671 0.943 0.846 0.958 ]
0.364 0.591 0.564 0.182 0.000 0.000 0.000 0.200 0.773 0.545 0.000 0.000 0.000 0.354 1.000 0.000 0.000 0.255 0.841 0.500 0.250 0.568 0.564 0.136 0.000 0.837 0.839 )
0.369 0.571 0.583 0.000 0.000 0.000 0.013 0.584 0.000 0.000 0.000 0.000 0.571 0.000 0.000 0.351 0.377 0.662 0.403 0.286 0.000 0.488 1.000 0.571 0.000 0.713 0.982 ḷ
0.407 0.444 0.722 0.444 0.407 0.000 0.000 0.500 0.000 0.000 0.000 0.000 0.574 0.063 0.000 0.000 0.000 0.750 0.125 0.000 0.278 0.365 0.704 0.365 0.481 0.641 0.907 I
0.444 0.407 0.587 0.333 0.270 0.000 0.000 0.524 0.000 0.000 0.000 0.000 0.571 0.000 0.000 0.000 0.000 0.571 0.000 0.000 0.524 0.500 0.635 0.444 0.381 0.646 0.953 I
0.574 0.651 0.926 0.524 0.407 0.000 0.000 0.833 0.143 0.000 0.000 0.000 0.833 0.143 0.000 0.000 0.000 0.833 0.143 0.000 0.593 0.603 0.722 0.540 0.500 0.659 0.911 I
0.071 0.429 0.854 0.438 0.000 0.018 0.241 0.292 0.018 0.000 0.161 0.348 0.302 0.223 0.223 0.000 0.616 0.104 0.000 0.446 0.188 0.438 0.365 0.250 0.098 0.803 0.987 p̓
0.286 0.540 0.519 0.460 0.317 0.048 0.016 0.000 0.016 0.841 0.000 0.089 0.438 0.554 0.375 0.381 0.476 0.167 0.032 0.000 0.810 0.460 0.444 0.444 0.413 0.625 0.889 2
0.176 0.462 0.670 0.275 0.000 0.055 0.297 0.022 0.000 0.000 0.122 0.306 0.357 0.214 0.010 0.527 0.615 0.385 0.802 0.143 0.604 0.451 0.407 0.615 0.473 0.750 0.816 á
0.176 0.683 0.692 0.212 0.000 0.088 0.269 0.011 0.000 0.000 0.022 0.077 0.077 0.019 0.000 0.308 0.519 0.418 0.615 0.000 0.604 0.317 0.352 0.587 0.242 0.730 0.803 á
0.222 0.426 0.704 0.333 0.241 0.250 0.167 0.646 0.000 0.000 0.333 0.167 0.722 0.333 0.000 0.146 0.167 0.625 0.000 0.000 0.296 0.463 0.704 0.000 0.000 0.667 0.907 F
0.250 0.457 0.367 0.471 0.283 0.318 0.377 0.030 0.416 0.409 0.300 0.357 0.400 0.500 0.267 0.591 0.000 0.000 0.000 0.606 0.367 0.400 0.400 0.414 0.417 0.708 0.857 8
0.714 0.400 0.486 0.200 0.714 0.371 0.000 0.000 0.100 0.486 0.000 0.000 0.299 0.424 0.065 0.000 0.300 0.414 0.000 0.000 0.000 0.500 0.157 0.000 0.000 0.691 0.839 7
0.571 0.508 0.352 0.444 0.381 0.429 0.286 0.000 0.127 0.651 0.429 0.571 0.521 0.679 0.232 0.429 0.302 0.074 0.635 0.175 0.635 0.635 0.222 0.460 0.635 0.625 0.889 R
0.200 0.467 0.542 0.633 0.500 0.543 0.914 0.321 0.257 0.686 0.033 0.667 0.958 0.800 0.167 0.857 0.171 0.250 0.800 0.571 0.700 0.600 0.583 0.833 0.300 0.643 0.966 s
0.400 0.500 0.400 0.417 0.257 0.558 0.000 0.000 0.030 0.584 0.271 0.267 0.329 0.367 0.714 0.000 0.000 0.052 0.439 0.286 0.157 0.367 0.429 0.150 0.000 0.698 0.857 9
0.365 0.556 0.381 0.426 0.778 0.571 0.037 0.000 0.000 0.571 0.571 0.000 0.000 0.000 0.000 0.556 0.056 0.000 0.000 0.524 0.238 0.500 0.667 0.630 0.349 0.637 0.909 C
0.229 0.518 0.500 0.643 0.792 0.574 0.016 0.000 0.190 0.519 0.542 0.000 0.000 0.000 0.000 0.593 0.000 0.000 0.095 0.593 0.125 0.482 0.500 0.589 0.271 0.632 0.844 C
0.238 0.574 0.444 0.444 0.841 0.589 0.083 0.000 0.125 0.643 0.651 0.000 0.000 0.000 0.048 0.571 0.000 0.000 0.042 0.750 0.302 0.593 0.571 0.778 0.476 0.628 0.867 C
0.350 0.700 0.000 0.000 0.000 0.700 0.700 0.500 0.500 0.400 0.600 0.400 0.000 0.000 0.000 0.500 0.400 0.000 0.050 0.250 0.100 0.500 0.475 0.575 0.575 0.716 0.841 t
0.175 0.476 0.426 0.444 0.476 0.730 0.238 0.000 0.000 0.349 0.821 0.143 0.000 0.000 0.286 0.476 0.302 0.000 0.000 0.429 0.127 0.603 0.481 0.492 0.413 0.625 0.930 O
1.000 0.600 0.500 0.500 0.357 0.947 0.147 0.000 0.000 0.000 0.914 0.286 0.000 0.000 0.000 0.800 0.400 0.000 0.000 0.000 0.786 0.700 0.500 0.443 0.357 0.853 0.971 [
0.947 0.600 0.333 0.333 0.307 1.000 0.400 0.000 0.000 0.000 0.943 0.457 0.000 0.000 0.000 0.800 0.467 0.000 0.000 0.000 0.747 0.547 0.400 0.400 0.373 0.857 0.986 [
0.143 0.839 0.586 0.000 0.000 0.134 0.679 0.297 0.000 0.000 0.029 0.190 0.358 0.257 0.057 0.688 0.295 0.109 0.491 0.321 0.509 0.375 0.273 0.411 0.411 0.787 0.904 c̓
