0.200 0.000 0.000 0.000 0.250 0.700 0.667 0.667 0.667 0.733 0.900 1.000 1.000 1.000 0.900 0.900 1.000 1.000 1.000 0.900 0.900 1.000 1.000 1.000 0.900 0.092 0.000 ―
0.550 0.500 0.500 0.500 0.550 1.000 1.000 1.000 1.000 1.000 1.000 1.000 1.000 1.000 1.000 1.000 1.000 1.000 1.000 1.000 0.650 0.500 0.500 0.500 0.650 0.096 0.000 ―
0.400 1.000 1.000 1.000 1.000 0.533 1.000 1.000 1.000 1.000 0.733 1.000 1.000 1.000 0.867 0.933 1.000 1.000 1.000 0.667 1.000 1.000 1.000 1.000 0.600 0.196 0.000 ־
0.400 1.000 1.000 1.000 0.900 0.600 1.000 1.000 1.000 0.800 0.800 1.000 1.000 1.000 0.600 1.000 1.000 1.000 1.000 0.400 1.000 1.000 1.000 1.000 0.300 0.208 0.000 -
0.179 0.982 0.286 0.607 0.732 0.536 0.750 0.125 0.929 0.339 0.839 0.446 0.393 0.929 0.054 0.589 0.714 0.161 0.964 0.286 0.250 0.982 0.250 0.679 0.696 0.431 0.000 «
0.714 0.714 0.224 1.000 0.224 0.245 0.980 0.122 0.755 0.612 0.020 0.959 0.367 0.449 0.878 0.327 0.959 0.082 0.796 0.531 0.776 0.633 0.265 1.000 0.122 0.443 0.000 »
0.636 0.152 0.629 0.303 0.515 0.432 0.500 0.664 0.303 0.803 0.136 0.515 0.490 0.023 0.621 0.045 0.720 0.126 0.235 0.508 0.000 0.568 0.923 0.644 0.045 0.482 0.000 ש
0.703 0.203 0.667 0.312 0.594 0.469 0.500 0.639 0.266 0.766 0.234 0.516 0.486 0.031 0.578 0.109 0.766 0.181 0.266 0.516 0.000 0.625 0.903 0.641 0.078 0.486 0.000 ש
0.750 1.000 1.000 1.000 0.750 1.000 1.000 1.000 1.000 1.000 1.000 1.000 1.000 1.000 1.000 0.750 1.000 1.000 1.000 0.750 0.250 0.750 1.000 0.750 0.250 0.500 0.000 ֹ
0.000 0.250 0.833 0.250 0.000 0.250 0.812 1.000 0.812 0.333 0.833 1.000 1.000 1.000 0.917 0.250 0.812 1.000 0.812 0.250 0.000 0.250 0.917 0.333 0.000 0.500 0.000 .
0.625 0.641 0.625 0.625 0.375 0.464 0.766 0.375 0.453 0.804 0.089 0.594 0.000 0.000 0.714 0.036 0.656 0.000 0.000 0.714 0.714 0.688 0.000 0.000 0.643 0.542 0.000 ת
0.655 0.245 0.355 0.800 0.345 0.373 0.600 0.200 0.191 0.882 0.091 0.600 0.000 0.000 0.782 0.000 0.809 0.064 0.255 0.609 0.000 0.518 0.982 0.736 0.064 0.545 0.000 ט
0.673 0.545 0.545 0.545 0.255 0.418 0.682 0.364 0.391 0.891 0.191 0.500 0.000 0.000 0.773 0.055 0.745 0.018 0.218 0.600 0.000 0.573 0.936 0.718 0.064 0.545 0.000 ס
0.645 0.653 0.636 0.636 0.409 0.375 0.818 0.333 0.379 0.817 0.017 0.659 0.000 0.000 0.700 0.100 0.697 0.000 0.000 0.717 0.736 0.694 0.000 0.000 0.591 0.556 0.000 ת
0.645 0.653 0.636 0.636 0.409 0.375 0.818 0.333 0.379 0.817 0.017 0.659 0.258 0.129 0.700 0.100 0.697 0.000 0.000 0.717 0.736 0.694 0.000 0.000 0.591 0.556 0.000 תּ
0.682 0.555 0.545 0.545 0.345 0.608 0.708 0.417 0.433 0.858 0.300 0.500 0.000 0.000 0.700 0.333 0.508 0.000 0.000 0.700 0.355 0.964 0.909 0.909 0.864 0.566 0.000 ם
0.718 0.655 0.636 0.636 0.400 0.517 0.692 0.333 0.392 0.825 0.300 0.500 0.000 0.000 0.700 0.300 0.525 0.000 0.000 0.717 0.282 0.409 0.000 0.000 0.591 0.574 0.000 ח
0.673 0.226 0.687 0.345 0.607 0.267 0.500 0.574 0.167 0.717 0.083 0.607 0.275 0.071 0.589 0.000 0.639 0.692 0.600 0.128 0.000 0.143 0.242 0.220 0.000 0.581 0.000 שֵ
0.673 0.226 0.687 0.345 0.607 0.267 0.500 0.574 0.167 0.717 0.083 0.607 0.275 0.071 0.589 0.000 0.639 0.692 0.600 0.128 0.000 0.101 0.247 0.244 0.000 0.581 0.000 שֵ
0.688 0.062 0.000 0.750 0.354 0.479 0.792 0.146 0.354 0.750 0.417 0.479 0.812 0.708 0.208 0.729 0.146 0.125 0.771 0.375 0.667 0.688 0.000 0.083 0.667 0.583 0.000 א
0.747 0.202 0.596 0.687 0.202 0.505 0.889 0.273 0.414 0.808 0.263 0.424 0.000 0.000 0.848 0.576 0.232 0.061 0.091 0.798 0.616 0.172 0.828 0.818 0.657 0.591 0.000 מ
0.687 0.071 0.000 0.677 0.303 0.394 0.848 0.152 0.313 0.818 0.303 0.505 0.838 0.727 0.253 0.697 0.131 0.061 0.727 0.475 0.606 0.646 0.000 0.030 0.677 0.591 0.000 א
0.727 0.414 0.018 0.697 0.364 0.269 0.787 0.283 0.435 0.870 0.000 0.111 0.733 0.657 0.222 0.019 0.083 0.242 0.815 0.259 0.626 0.909 0.909 0.909 0.485 0.611 0.000 צ
0.758 0.657 0.636 0.636 0.374 0.296 0.333 0.333 0.454 0.852 0.370 0.296 0.000 0.000 0.778 0.556 0.333 0.000 0.000 0.796 0.495 0.202 0.000 0.000 0.667 0.620 0.000 ה
0.667 0.244 0.687 0.344 0.633 0.200 0.500 0.538 0.117 0.667 0.050 0.694 0.200 0.233 0.511 0.000 0.361 0.651 0.411 0.017 0.000 0.056 0.579 0.111 0.000 0.620 0.000 שָ
0.667 0.244 0.687 0.344 0.633 0.200 0.500 0.538 0.117 0.667 0.050 0.694 0.200 0.233 0.511 0.000 0.361 0.651 0.411 0.017 0.000 0.028 0.579 0.139 0.000 0.620 0.000 שָ
0.693 0.643 0.643 0.643 0.371 0.279 0.571 0.143 0.164 0.871 0.127 0.593 0.000 0.053 0.707 0.000 0.707 0.686 0.700 0.179 0.000 0.121 0.493 0.164 0.000 0.627 0.000 סַ
0.651 0.260 0.683 0.339 0.646 0.186 0.505 0.525 0.103 0.662 0.042 0.719 0.284 0.344 0.458 0.000 0.294 0.561 0.363 0.005 0.000 0.078 0.346 0.188 0.000 0.635 0.000 שֶ
0.651 0.260 0.683 0.339 0.646 0.186 0.505 0.525 0.103 0.662 0.042 0.719 0.284 0.344 0.458 0.000 0.304 0.561 0.358 0.005 0.000 0.109 0.341 0.167 0.000 0.635 0.000 שֶ
0.650 0.727 0.714 0.714 0.507 0.157 0.721 0.171 0.162 0.771 0.000 0.656 0.157 0.078 0.700 0.607 0.753 0.000 0.000 0.664 0.007 0.130 0.357 0.162 0.021 0.636 0.000 תַּ
0.792 0.646 0.625 0.542 0.083 0.292 0.375 0.375 0.812 0.333 0.000 0.000 0.000 0.750 0.250 0.083 0.125 0.125 0.854 0.354 0.812 0.875 0.875 0.875 0.792 0.639 0.000 ב
0.693 0.616 0.545 0.465 0.057 0.323 0.417 0.426 0.852 0.354 0.000 0.000 0.000 0.667 0.260 0.031 0.083 0.083 0.694 0.281 0.795 0.909 0.909 0.909 0.852 0.639 0.000 ב
0.735 0.415 0.026 0.723 0.444 0.205 0.815 0.103 0.223 0.923 0.000 0.523 0.325 0.323 0.598 0.009 0.492 0.872 0.569 0.043 0.487 0.608 0.188 0.000 0.000 0.648 0.000 ע
0.693 0.697 0.636 0.636 0.636 0.260 0.333 0.333 0.778 0.573 0.000 0.000 0.000 0.667 0.250 0.000 0.000 0.000 0.667 0.312 0.000 0.000 0.000 0.556 0.239 0.648 0.000 ד
0.729 0.729 0.714 0.714 0.500 0.357 0.557 0.071 0.121 0.779 0.300 0.500 0.000 0.000 0.700 0.300 0.479 0.000 0.000 0.664 0.029 0.150 0.357 0.179 0.021 0.652 0.000 חַ
0.729 0.729 0.714 0.714 0.500 0.357 0.557 0.071 0.121 0.779 0.300 0.500 0.000 0.000 0.700 0.300 0.479 0.000 0.000 0.664 0.029 0.114 0.357 0.214 0.021 0.652 0.000 חַ
0.102 0.807 0.646 0.489 0.114 0.615 0.385 0.343 0.688 0.802 0.750 0.604 0.287 0.240 0.927 0.052 0.188 0.083 0.083 0.823 0.716 0.909 0.909 0.909 0.614 0.657 0.000 פּ
0.591 0.670 0.545 0.489 0.114 0.260 0.417 0.417 0.688 0.812 0.000 0.000 0.000 0.146 0.990 0.021 0.083 0.083 0.354 0.719 0.682 0.909 0.909 0.841 0.216 0.657 0.000 כ
0.729 0.729 0.714 0.714 0.500 0.357 0.557 0.071 0.121 0.779 0.300 0.500 0.000 0.000 0.700 0.286 0.443 0.000 0.000 0.621 0.007 0.000 0.293 0.000 0.007 0.657 0.000 חִ
0.102 0.807 0.646 0.489 0.114 0.615 0.385 0.343 0.688 0.802 0.750 0.604 0.000 0.062 0.927 0.052 0.188 0.083 0.083 0.823 0.716 0.909 0.909 0.909 0.614 0.657 0.000 פ
0.693 0.625 0.545 0.489 0.114 0.312 0.417 0.417 0.688 0.812 0.000 0.000 0.000 0.146 0.990 0.031 0.083 0.083 0.354 0.719 0.784 0.909 0.909 0.841 0.216 0.667 0.000 כ
0.750 0.688 0.625 0.604 0.275 0.325 0.375 0.375 0.688 0.775 0.000 0.000 0.000 0.333 0.800 0.000 0.000 0.000 0.333 0.800 0.000 0.000 0.000 0.333 0.700 0.667 0.000 ר
0.727 0.682 0.636 0.636 0.341 0.271 0.333 0.333 0.552 0.854 0.000 0.000 0.000 0.125 0.875 0.000 0.000 0.000 0.125 0.896 0.000 0.000 0.000 0.091 0.739 0.667 0.000 ר
0.693 0.625 0.545 0.489 0.114 0.312 0.417 0.417 0.688 0.812 0.000 0.323 0.177 0.146 0.990 0.031 0.083 0.083 0.354 0.719 0.784 0.909 0.909 0.841 0.216 0.667 0.000 כּ
0.738 0.450 0.024 0.721 0.484 0.127 0.779 0.127 0.157 0.897 0.000 0.480 0.459 0.527 0.437 0.183 0.693 0.746 0.257 0.000 0.310 0.350 0.357 0.214 0.000 0.679 0.000 עַ
0.738 0.450 0.024 0.721 0.484 0.127 0.779 0.127 0.157 0.897 0.000 0.480 0.459 0.527 0.437 0.183 0.693 0.746 0.257 0.000 0.310 0.386 0.357 0.179 0.000 0.679 0.000 עַ
0.250 0.393 0.462 0.205 0.000 0.615 0.769 0.778 0.897 0.240 0.000 0.000 0.000 0.675 0.308 0.000 0.000 0.000 0.667 0.202 0.673 0.769 0.769 0.872 0.788 0.680 0.000 בֿ
0.738 0.450 0.024 0.721 0.484 0.119 0.767 0.133 0.153 0.889 0.000 0.471 0.476 0.557 0.413 0.207 0.693 0.696 0.240 0.000 0.270 0.143 0.325 0.029 0.000 0.684 0.000 עִ
0.738 0.450 0.024 0.721 0.484 0.119 0.767 0.133 0.153 0.889 0.000 0.471 0.476 0.557 0.413 0.207 0.693 0.696 0.240 0.000 0.270 0.436 0.063 0.293 0.000 0.684 0.000 עֵ
0.706 0.540 0.043 0.690 0.492 0.059 0.496 0.540 0.459 0.644 0.000 0.000 0.400 0.817 0.111 0.459 0.667 0.667 0.800 0.459 0.000 0.000 0.293 0.000 0.000 0.691 0.000 צִ
0.338 0.773 0.886 0.841 0.286 0.039 0.000 0.011 0.716 0.675 0.000 0.000 0.216 0.807 0.182 0.052 0.489 0.625 0.114 0.000 0.792 0.886 0.818 0.818 0.766 0.691 0.000 2
0.633 0.727 0.667 0.685 0.533 0.106 0.693 0.175 0.125 0.750 0.125 0.705 0.044 0.017 0.719 0.456 0.420 0.000 0.000 0.356 0.000 0.121 0.653 0.152 0.000 0.676 0.000 תָּ
0.714 0.643 0.343 0.817 0.508 0.040 0.810 0.236 0.294 0.825 0.126 0.333 0.000 0.304 0.163 0.000 0.000 0.000 0.000 0.000 0.000 0.238 0.357 0.119 0.000 0.687 0.000 ײַ
0.714 0.643 0.343 0.817 0.508 0.040 0.810 0.236 0.294 0.825 0.126 0.333 0.000 0.304 0.163 0.000 0.000 0.000 0.000 0.000 0.000 0.198 0.357 0.159 0.000 0.687 0.000 ײַ
0.312 0.909 0.909 0.909 0.740 0.286 0.682 0.182 0.080 0.000 0.260 0.591 0.571 0.830 0.584 0.143 0.011 0.000 0.307 0.766 0.753 0.818 0.714 0.648 0.156 0.700 0.000 5
0.202 0.643 0.583 0.821 0.440 0.667 0.690 0.167 0.607 0.500 0.298 0.869 0.786 0.952 0.464 0.917 0.262 0.000 0.310 0.940 0.548 0.857 0.643 0.667 0.274 0.688 0.000 8
0.713 0.720 0.667 0.693 0.527 0.331 0.519 0.000 0.044 0.756 0.300 0.525 0.000 0.000 0.719 0.175 0.244 0.000 0.000 0.356 0.000 0.133 0.653 0.167 0.000 0.689 0.000 חָ
0.713 0.720 0.667 0.693 0.527 0.331 0.519 0.000 0.044 0.756 0.300 0.525 0.000 0.000 0.719 0.175 0.244 0.000 0.000 0.356 0.000 0.100 0.653 0.253 0.000 0.689 0.000 חָ
0.754 0.365 0.651 0.738 0.310 0.357 0.746 0.071 0.183 0.865 0.422 0.296 0.000 0.000 0.793 0.659 0.198 0.698 0.714 0.754 0.040 0.175 0.365 0.159 0.000 0.664 0.000 מַ
0.750 0.650 0.625 0.625 0.333 0.333 0.375 0.375 0.625 0.812 0.000 0.000 0.000 0.200 0.833 0.000 0.000 0.000 0.200 0.833 0.000 0.000 0.000 0.200 0.750 0.667 0.973 ר
0.667 0.175 0.000 0.675 0.421 0.302 0.889 0.444 0.302 0.690 0.511 0.141 0.422 0.896 0.237 0.706 0.603 0.000 0.143 0.746 0.000 0.119 0.357 0.198 0.032 0.664 0.000 אַ
0.667 0.175 0.000 0.675 0.421 0.304 0.859 0.481 0.348 0.659 0.532 0.111 0.381 0.905 0.230 0.659 0.563 0.000 0.133 0.704 0.000 0.294 0.063 0.294 0.008 0.669 0.000 אֵ
0.667 0.175 0.000 0.675 0.421 0.304 0.859 0.481 0.348 0.659 0.532 0.111 0.381 0.905 0.230 0.659 0.563 0.000 0.133 0.704 0.000 0.246 0.079 0.325 0.008 0.669 0.000 אֵ
0.748 0.407 0.630 0.726 0.341 0.296 0.637 0.007 0.081 0.867 0.533 0.252 0.111 0.133 0.800 0.407 0.111 0.541 0.533 0.422 0.000 0.185 0.689 0.111 0.000 0.700 0.000 מָ
0.748 0.407 0.630 0.726 0.341 0.296 0.637 0.007 0.081 0.867 0.533 0.252 0.111 0.133 0.800 0.407 0.111 0.541 0.533 0.422 0.000 0.148 0.689 0.148 0.000 0.700 0.000 מָ
0.726 0.693 0.667 0.667 0.556 0.141 0.233 0.067 0.093 0.889 0.556 0.400 0.089 0.513 0.496 0.556 0.400 0.511 0.340 0.000 0.526 0.527 0.333 0.167 0.000 0.697 0.000 קַ
0.726 0.693 0.667 0.667 0.556 0.141 0.233 0.067 0.093 0.889 0.556 0.400 0.089 0.513 0.496 0.556 0.400 0.511 0.340 0.000 0.526 0.580 0.059 0.273 0.000 0.697 0.000 קֵ
0.726 0.693 0.667 0.667 0.556 0.141 0.233 0.067 0.093 0.889 0.556 0.400 0.089 0.513 0.496 0.556 0.400 0.511 0.340 0.000 0.526 0.540 0.333 0.133 0.000 0.697 0.000 קַ
0.726 0.693 0.667 0.667 0.556 0.141 0.233 0.067 0.093 0.889 0.556 0.400 0.089 0.513 0.496 0.556 0.400 0.511 0.340 0.000 0.526 0.360 0.000 0.000 0.000 0.697 0.000 ק
0.652 0.215 0.000 0.652 0.452 0.281 0.800 0.607 0.422 0.556 0.652 0.185 0.163 0.733 0.415 0.385 0.415 0.000 0.007 0.430 0.000 0.111 0.689 0.185 0.000 0.700 0.000 אָ
0.652 0.215 0.000 0.652 0.452 0.281 0.800 0.607 0.422 0.556 0.652 0.185 0.163 0.733 0.415 0.385 0.415 0.000 0.007 0.430 0.000 0.148 0.748 0.185 0.000 0.700 0.000 אָ
0.000 0.057 0.591 0.932 0.250 0.091 0.727 0.341 0.875 0.250 0.693 0.511 0.182 0.898 0.375 0.591 0.636 0.636 0.955 0.636 0.000 0.000 0.000 0.841 0.227 0.673 0.000 4
0.302 0.698 0.760 0.865 0.417 0.917 0.188 0.000 0.333 0.969 0.792 0.792 0.521 0.729 0.865 0.042 0.281 0.385 0.760 0.323 0.094 0.531 0.635 0.219 0.000 0.679 0.000 9
0.000 0.442 0.547 0.375 0.000 0.385 0.683 0.701 0.875 0.510 0.817 0.452 0.000 0.173 0.933 0.173 0.250 0.000 0.000 0.837 0.606 0.769 0.769 0.769 0.635 0.697 0.000 פֿ
0.000 0.219 0.615 0.490 0.104 0.323 0.760 0.312 0.198 0.021 0.865 0.760 0.604 0.854 0.740 0.969 0.344 0.000 0.208 0.927 0.427 0.865 0.760 0.698 0.302 0.679 0.000 6
0.182 0.841 0.625 0.489 0.114 0.677 0.302 0.354 0.688 0.802 0.875 0.479 0.323 0.240 0.927 0.083 0.167 0.083 0.083 0.823 0.818 0.909 0.909 0.909 0.614 0.667 0.000 פּ
0.182 0.841 0.625 0.489 0.114 0.677 0.302 0.354 0.688 0.802 0.875 0.479 0.000 0.062 0.927 0.083 0.167 0.083 0.083 0.823 0.818 0.909 0.909 0.909 0.614 0.667 0.000 פ
0.125 0.656 0.760 0.875 0.375 0.719 0.323 0.000 0.375 0.906 0.990 0.125 0.000 0.125 0.990 0.875 0.365 0.000 0.365 0.750 0.292 0.854 0.833 0.729 0.167 0.679 0.000 0
0.488 0.869 0.655 0.500 0.119 0.000 0.107 0.440 1.000 0.333 0.011 0.178 0.522 0.944 0.478 0.833 0.774 0.274 0.571 0.690 0.119 0.357 0.357 0.381 0.131 0.806 0.000 גַ
0.600 0.871 0.690 0.557 0.243 0.000 0.029 0.369 1.000 0.600 0.000 0.000 0.167 1.000 0.600 0.000 0.000 0.143 0.871 0.471 0.343 0.343 0.000 0.243 0.443 0.836 0.000 וֵ
0.271 0.893 0.743 0.583 0.357 0.000 0.060 0.229 0.810 0.914 0.000 0.000 0.000 0.667 0.800 0.543 0.714 0.714 0.857 0.843 0.014 0.298 0.357 0.357 0.286 0.828 0.000 נַ
0.600 0.871 0.700 0.586 0.343 0.000 0.029 0.243 0.900 0.800 0.000 0.000 0.000 0.800 0.800 0.000 0.000 0.000 0.714 0.643 0.000 0.057 0.443 0.243 0.000 0.843 0.000 וִ
0.700 0.719 0.667 0.607 0.133 0.000 0.000 0.007 0.704 0.317 0.075 0.133 0.133 0.711 0.325 0.508 0.533 0.533 0.533 0.492 0.000 0.222 0.689 0.148 0.000 0.740 0.000 בָ
0.482 0.929 0.714 0.607 0.375 0.000 0.050 0.617 0.983 0.550 0.000 0.179 0.500 0.179 0.000 0.000 0.000 0.000 0.000 0.000 0.000 0.179 0.482 0.071 0.000 0.853 0.000 יִ
0.482 0.929 0.714 0.607 0.375 0.000 0.050 0.617 0.983 0.550 0.000 0.179 0.500 0.179 0.000 0.000 0.000 0.000 0.000 0.000 0.000 0.304 0.429 0.000 0.000 0.853 0.000 יִ
0.253 0.844 0.760 0.611 0.400 0.000 0.000 0.080 0.756 0.880 0.053 0.133 0.133 0.711 0.853 0.453 0.533 0.533 0.533 0.467 0.000 0.278 0.653 0.689 0.267 0.847 0.000 נָ
0.613 0.856 0.693 0.611 0.480 0.000 0.533 0.747 0.144 0.080 0.000 0.744 0.867 0.133 0.000 0.000 0.222 0.627 0.211 0.000 0.067 0.333 0.760 0.600 0.200 0.847 0.000 זָ
0.560 0.813 0.707 0.613 0.373 0.000 0.000 0.150 0.875 0.800 0.000 0.000 0.000 0.800 0.825 0.000 0.000 0.000 0.425 0.350 0.067 0.333 0.653 0.760 0.333 0.858 0.000 וָ
0.723 0.705 0.643 0.598 0.232 0.058 0.250 0.200 0.408 0.933 0.000 0.196 0.107 0.196 0.857 0.575 0.667 0.667 0.717 0.275 0.000 0.000 0.366 0.036 0.000 0.735 0.000 כִּ
0.364 0.879 0.584 0.364 0.061 0.061 0.273 0.623 1.000 0.333 0.000 0.000 0.169 1.000 0.348 0.121 0.439 0.727 0.833 0.636 0.773 0.697 0.182 0.485 0.606 0.755 0.000 ג
0.723 0.705 0.643 0.598 0.232 0.062 0.223 0.188 0.429 0.929 0.000 0.225 0.125 0.192 0.867 0.616 0.714 0.714 0.768 0.295 0.027 0.268 0.357 0.223 0.000 0.731 0.000 כַּ
0.723 0.698 0.643 0.579 0.116 0.071 0.143 0.151 0.754 0.339 0.000 0.000 0.000 0.667 0.200 0.625 0.714 0.714 0.857 0.750 0.045 0.238 0.357 0.159 0.000 0.709 0.000 בַ
0.530 0.848 0.561 0.364 0.061 0.091 0.318 0.667 1.000 0.333 0.000 0.000 0.197 1.000 0.348 0.182 0.515 0.742 0.833 0.636 0.894 0.621 0.121 0.485 0.606 0.764 0.000 ג
0.291 0.894 0.673 0.470 0.200 0.100 0.319 0.517 0.917 0.950 0.000 0.000 0.000 0.667 0.800 0.017 0.083 0.083 0.694 0.850 0.691 0.909 0.909 0.909 0.818 0.787 0.000 נ
0.727 0.891 0.618 0.473 0.218 0.133 0.283 0.533 0.967 0.800 0.000 0.000 0.000 0.800 0.800 0.000 0.000 0.000 0.800 0.800 0.000 0.000 0.000 0.764 0.673 0.802 0.000 ו
0.691 0.891 0.618 0.473 0.218 0.133 0.283 0.533 0.967 0.800 0.436 0.436 0.000 0.800 0.800 0.000 0.000 0.000 0.800 0.800 0.000 0.000 0.000 0.764 0.673 0.802 0.000 וּ
0.691 0.891 0.618 0.473 0.218 0.133 0.283 0.533 0.967 0.800 0.000 0.000 0.000 0.800 0.800 0.000 0.000 0.000 0.800 0.800 0.000 0.000 0.000 0.764 0.673 0.802 0.000 ו
0.636 0.818 0.527 0.382 0.164 0.183 0.350 0.617 0.983 0.883 0.000 0.000 0.000 0.800 0.800 0.000 0.000 0.000 0.800 0.833 0.000 0.000 0.000 0.745 0.709 0.806 0.000 ו
0.636 0.833 0.582 0.470 0.382 0.200 0.561 0.945 0.561 0.382 0.000 0.727 0.600 0.000 0.000 0.000 0.742 0.927 0.152 0.000 0.000 0.348 0.945 0.318 0.000 0.791 0.000 ז
0.167 0.583 0.917 0.583 0.167 0.476 0.893 1.000 1.000 0.857 0.000 0.333 1.000 1.000 0.833 0.000 0.500 1.000 0.750 0.190 0.389 0.792 0.500 0.083 0.000 0.750 0.000 ,
0.019 0.519 0.529 0.375 0.000 0.481 0.654 0.712 0.875 0.510 0.904 0.327 0.000 0.173 0.933 0.221 0.202 0.000 0.000 0.837 0.692 0.769 0.769 0.769 0.635 0.705 0.000 פֿ
0.167 0.583 0.917 0.583 0.167 0.524 0.893 1.000 1.000 0.905 0.000 0.333 1.000 1.000 0.833 0.000 0.500 1.000 0.750 0.190 0.389 0.792 0.500 0.083 0.000 0.750 0.000 ,
0.375 0.906 0.500 0.312 0.062 0.562 0.844 1.000 1.000 0.781 0.000 0.000 0.583 1.000 0.750 0.000 0.000 0.656 0.875 0.125 0.000 0.312 0.688 0.125 0.000 0.730 0.000 י
0.375 0.906 0.500 0.312 0.062 0.562 0.844 1.000 1.000 0.781 0.000 0.000 0.583 1.000 0.778 0.000 0.000 0.656 0.875 0.125 0.000 0.312 0.688 0.156 0.000 0.730 0.000 י
0.789 0.164 0.000 0.000 0.000 0.566 0.546 0.526 0.612 0.717 0.000 0.000 0.112 0.513 0.572 0.000 0.493 0.454 0.138 0.000 0.000 0.270 0.296 0.296 0.026 0.811 0.000 לֶ
0.123 0.215 0.277 0.477 0.062 0.569 0.800 0.862 0.785 0.492 0.000 0.000 0.114 0.871 0.800 0.000 0.000 0.000 0.800 0.800 0.000 0.000 0.000 0.769 0.692 0.831 0.000 וֹ
0.375 0.906 0.500 0.312 0.062 0.594 0.875 1.000 1.000 0.781 0.000 0.028 0.583 1.000 0.722 0.000 0.000 0.656 0.875 0.125 0.000 0.375 0.688 0.125 0.000 0.730 0.000 י
0.789 0.164 0.000 0.000 0.000 0.605 0.546 0.526 0.605 0.664 0.000 0.000 0.069 0.456 0.644 0.000 0.493 0.526 0.237 0.007 0.000 0.164 0.579 0.250 0.000 0.804 0.000 לָ
0.794 0.184 0.000 0.000 0.000 0.729 0.583 0.556 0.604 0.535 0.000 0.000 0.000 0.285 0.819 0.000 0.375 0.590 0.507 0.090 0.000 0.390 0.316 0.221 0.000 0.786 0.000 לַ
0.400 0.700 0.333 0.100 0.000 0.733 0.950 1.000 1.000 0.733 0.000 0.050 0.533 1.000 0.867 0.000 0.000 0.600 0.900 0.267 0.000 0.450 0.800 0.200 0.000 0.740 0.000 י
0.783 0.192 0.000 0.000 0.000 0.852 0.547 0.500 0.500 0.352 0.133 0.200 0.200 0.367 0.958 0.000 0.016 0.250 0.656 0.398 0.000 0.625 0.517 0.125 0.000 0.753 0.000 ל
1.000 1.000 0.643 0.286 0.286 1.000 1.000 0.500 0.000 0.000 1.000 1.000 0.500 0.000 0.000 1.000 1.000 0.500 0.000 0.000 1.000 1.000 0.643 0.286 0.286 0.900 0.000 [
0.364 0.750 0.955 0.750 0.394 0.000 0.068 0.250 0.091 0.000 0.091 0.318 0.500 0.318 0.091 0.273 0.614 1.000 1.000 0.879 0.212 0.659 0.727 0.409 0.061 0.873 0.000 ;
0.407 0.722 0.944 0.722 0.444 0.111 0.389 0.639 0.417 0.111 0.000 0.000 0.000 0.000 0.000 0.111 0.389 0.611 0.389 0.148 0.407 0.722 0.972 0.750 0.444 0.829 0.000 :
0.417 0.883 0.750 0.633 0.433 0.000 0.000 0.633 1.000 0.217 0.000 0.000 1.000 1.000 0.000 0.000 0.000 1.000 1.000 0.050 0.000 0.000 0.900 0.800 0.150 0.859 0.000 ן
0.609 0.667 0.625 0.708 0.695 0.000 0.000 0.000 0.667 0.281 0.000 0.000 0.000 0.667 0.316 0.000 0.062 0.039 0.333 0.117 0.000 0.188 0.359 0.340 0.070 0.753 0.000 דֶ
0.762 0.802 0.750 0.750 0.679 0.107 0.167 0.188 0.771 0.286 0.000 0.000 0.529 0.529 0.000 0.000 0.260 0.875 0.073 0.000 0.000 0.573 0.562 0.000 0.000 0.702 0.000 7
0.650 0.711 0.667 0.711 0.708 0.000 0.000 0.000 0.667 0.305 0.000 0.000 0.000 0.667 0.305 0.000 0.000 0.000 0.340 0.141 0.000 0.148 0.667 0.378 0.000 0.743 0.000 דָ
0.650 0.711 0.667 0.711 0.708 0.000 0.000 0.000 0.667 0.305 0.000 0.000 0.000 0.667 0.305 0.000 0.000 0.000 0.340 0.141 0.000 0.111 0.600 0.474 0.000 0.743 0.000 דָ
0.450 0.867 0.733 0.633 0.417 0.000 0.000 0.600 0.933 0.417 0.000 0.167 0.300 0.033 0.000 0.000 0.000 0.000 0.000 0.000 0.333 0.600 0.867 0.333 0.083 0.867 0.000 יָ
0.338 0.788 0.738 0.663 0.488 0.000 0.000 0.518 0.882 0.435 0.000 0.125 0.237 0.038 0.000 0.106 0.059 0.000 0.059 0.106 0.338 0.312 0.412 0.312 0.338 0.865 0.000 יֶ
0.200 0.738 0.750 0.663 0.488 0.000 0.000 0.431 0.882 0.435 0.000 0.062 0.229 0.038 0.000 0.106 0.059 0.000 0.082 0.082 0.338 0.312 0.385 0.312 0.262 0.859 0.000 יֶ
0.238 0.655 0.708 0.833 0.417 0.000 0.000 0.104 0.690 0.440 0.000 0.286 0.667 0.821 0.548 0.119 0.012 0.000 0.274 0.917 0.702 0.810 0.740 0.679 0.214 0.714 0.000 3
0.639 0.257 0.000 0.625 0.479 0.294 0.725 0.614 0.484 0.490 0.701 0.271 0.104 0.632 0.514 0.288 0.373 0.020 0.078 0.320 0.000 0.188 0.347 0.250 0.000 0.712 0.000 אֶ
0.639 0.257 0.000 0.625 0.479 0.294 0.725 0.614 0.484 0.490 0.701 0.271 0.104 0.632 0.514 0.288 0.386 0.013 0.072 0.320 0.000 0.222 0.340 0.222 0.000 0.712 0.000 אֶ
0.500 0.722 0.847 0.931 0.667 0.000 0.000 0.167 0.875 0.617 0.000 0.417 0.958 0.319 0.000 0.000 0.278 0.500 0.042 0.000 0.033 0.569 0.903 0.292 0.000 0.786 0.000 ?
0.735 0.777 0.714 0.714 0.612 0.000 0.000 0.000 0.464 0.643 0.000 0.000 0.000 0.625 0.571 0.000 0.000 0.000 0.625 0.592 0.000 0.000 0.000 0.554 0.531 0.757 0.000 ך
0.583 0.717 0.800 0.883 0.767 0.200 0.167 0.350 1.000 0.800 0.000 0.000 0.200 1.000 0.800 0.000 0.000 0.200 1.000 0.800 0.000 0.000 0.200 0.950 0.700 0.812 0.000 1
0.681 0.639 0.625 0.681 0.528 0.208 0.181 0.000 0.056 0.812 0.556 0.333 0.000 0.000 0.810 0.236 0.160 0.014 0.083 0.292 0.000 0.250 0.340 0.250 0.000 0.734 0.000 הֶ
0.726 0.681 0.667 0.704 0.504 0.174 0.160 0.000 0.090 0.819 0.556 0.333 0.000 0.000 0.799 0.306 0.118 0.000 0.000 0.403 0.000 0.185 0.689 0.185 0.000 0.723 0.000 הָ
0.701 0.506 0.021 0.694 0.549 0.026 0.694 0.196 0.112 0.824 0.000 0.438 0.715 0.613 0.181 0.373 0.553 0.340 0.018 0.000 0.000 0.000 0.535 0.000 0.000 0.724 0.000 עְ
0.701 0.506 0.021 0.694 0.549 0.026 0.694 0.196 0.112 0.824 0.000 0.438 0.715 0.613 0.181 0.373 0.647 0.340 0.088 0.000 0.000 0.150 0.125 0.481 0.000 0.724 0.000 עֲ
0.658 0.525 0.000 0.692 0.542 0.058 0.858 0.167 0.317 0.833 0.000 0.625 0.725 0.542 0.108 0.000 0.625 0.333 0.000 0.000 0.000 0.592 0.342 0.000 0.000 0.718 0.000 ץ
0.689 0.653 0.333 0.733 0.452 0.007 0.733 0.104 0.080 0.844 0.133 0.133 0.000 0.000 0.800 0.000 0.000 0.000 0.000 0.400 0.000 0.167 0.689 0.167 0.000 0.713 0.000 וּיָ
0.242 0.825 0.711 0.617 0.250 0.900 0.283 0.044 0.483 0.850 0.400 0.492 0.007 0.250 0.858 0.000 0.000 0.000 0.250 0.817 0.000 0.000 0.000 0.250 0.750 0.739 0.000 ף
0.726 0.480 0.022 0.713 0.519 0.030 0.720 0.178 0.087 0.852 0.000 0.420 0.652 0.640 0.237 0.407 0.660 0.363 0.040 0.000 0.015 0.133 0.689 0.253 0.000 0.713 0.000 עָ
0.736 0.444 0.597 0.708 0.368 0.301 0.601 0.007 0.072 0.856 0.576 0.243 0.229 0.250 0.812 0.314 0.163 0.438 0.471 0.320 0.000 0.250 0.347 0.188 0.000 0.712 0.000 מֶ
0.736 0.444 0.597 0.708 0.368 0.301 0.601 0.007 0.072 0.856 0.576 0.243 0.229 0.250 0.812 0.314 0.157 0.431 0.484 0.320 0.000 0.222 0.340 0.222 0.000 0.712 0.000 מֶ
0.726 0.693 0.667 0.667 0.556 0.148 0.193 0.000 0.033 0.874 0.556 0.400 0.178 0.620 0.393 0.556 0.420 0.385 0.167 0.000 0.378 0.400 0.689 0.167 0.000 0.713 0.000 קָ
0.683 0.700 0.667 0.717 0.475 0.000 0.000 0.000 0.227 0.875 0.000 0.000 0.000 0.125 0.898 0.000 0.000 0.000 0.055 0.445 0.000 0.125 0.600 0.533 0.042 0.757 0.000 רָ
0.732 0.750 0.714 0.714 0.446 0.036 0.071 0.071 0.304 0.875 0.000 0.000 0.000 0.125 0.875 0.000 0.000 0.000 0.107 0.821 0.000 0.134 0.357 0.357 0.080 0.727 0.000 רַ
0.641 0.656 0.625 0.703 0.500 0.000 0.000 0.000 0.188 0.875 0.000 0.000 0.000 0.125 0.912 0.000 0.070 0.039 0.109 0.359 0.000 0.211 0.359 0.344 0.117 0.766 0.000 רֶ
0.227 0.727 0.639 0.641 0.305 0.765 0.434 0.000 0.221 0.919 0.203 0.367 0.250 0.250 0.812 0.368 0.500 0.425 0.500 0.257 0.000 0.281 0.340 0.281 0.000 0.763 0.000 פֶ
0.312 0.734 0.633 0.641 0.305 0.846 0.309 0.000 0.221 0.919 0.258 0.344 0.250 0.250 0.812 0.419 0.500 0.419 0.500 0.257 0.031 0.312 0.352 0.281 0.000 0.769 0.000 פֶ
0.547 0.711 0.625 0.641 0.305 0.000 0.176 0.157 0.272 0.971 0.133 0.266 0.264 0.461 0.680 0.353 0.493 0.431 0.456 0.066 0.000 0.250 0.347 0.312 0.031 0.763 0.000 כֶּ
0.286 0.286 0.524 1.000 1.000 0.000 0.000 0.333 1.000 1.000 0.000 0.000 0.333 1.000 1.000 0.000 0.000 0.333 1.000 1.000 0.286 0.286 0.524 1.000 1.000 0.893 0.000 ]
