0.625 0.643 0.562 0.286 0.438 0.500 0.714 0.750 0.429 0.500 0.625 0.714 0.750 0.643 0.625 0.750 0.714 0.750 0.857 0.750 0.500 0.643 0.625 0.714 0.812 0.059 0.071 —
0.625 0.500 0.875 0.625 0.500 0.750 0.750 1.000 1.000 0.625 0.750 0.750 1.000 1.000 0.750 0.875 0.875 1.000 1.000 0.875 0.625 0.750 0.750 0.625 0.500 0.156 0.094 ―
0.357 0.667 0.643 0.750 0.571 0.714 0.833 0.857 1.000 0.786 0.786 0.917 0.929 1.000 0.929 0.571 0.667 0.571 0.750 0.571 0.143 0.250 0.071 0.250 0.071 0.103 0.113 ―
0.625 0.875 0.700 0.875 0.375 0.875 1.000 1.000 1.000 0.500 0.917 1.000 0.867 1.000 0.833 0.875 1.000 0.700 1.000 0.875 0.750 1.000 0.900 1.000 0.625 0.206 0.132 ־
0.125 0.625 1.000 0.750 0.250 0.667 0.917 1.000 0.917 0.750 0.750 1.000 0.800 1.000 0.875 0.750 1.000 0.733 1.000 0.750 0.625 1.000 1.000 1.000 0.750 0.235 0.145 ־
0.750 1.000 1.000 1.000 0.667 0.750 1.000 0.900 1.000 0.625 0.750 1.000 0.867 1.000 0.750 0.875 1.000 1.000 1.000 0.750 0.667 0.833 0.733 0.667 0.417 0.265 0.164 ־
0.833 1.000 1.000 0.917 0.667 0.750 1.000 1.000 0.750 0.875 0.833 1.000 1.000 0.917 0.750 1.000 1.000 1.000 1.000 0.625 0.833 0.583 0.833 1.000 0.667 0.281 0.167 ־
0.333 0.500 0.889 0.917 0.750 0.625 0.750 1.000 1.000 0.875 0.917 0.917 1.000 1.000 1.000 1.000 1.000 0.833 0.750 1.000 0.667 0.667 0.444 0.500 0.667 0.300 0.170 ־
0.917 0.917 0.444 0.583 0.833 1.000 1.000 1.000 1.000 1.000 1.000 1.000 1.000 1.000 0.750 1.000 1.000 0.889 0.917 0.417 0.500 0.917 0.333 0.500 0.333 0.333 0.172 ־
0.750 0.750 0.867 0.833 0.500 0.833 1.000 1.000 1.000 0.750 0.750 1.000 0.900 0.875 0.750 0.750 1.000 0.867 0.833 0.833 0.500 1.000 0.867 0.833 0.583 0.294 0.182 ־
0.583 0.833 1.000 1.000 0.750 0.833 1.000 1.000 1.000 1.000 0.750 1.000 1.000 1.000 1.000 0.750 1.000 1.000 1.000 0.917 0.250 0.667 0.667 0.667 0.417 0.312 0.182 ־
0.583 0.917 0.833 0.917 0.833 0.833 1.000 1.000 0.833 0.667 0.875 1.000 1.000 0.875 0.625 1.000 1.000 1.000 1.000 0.917 0.750 0.667 0.583 0.667 0.667 0.312 0.182 ־
0.833 0.667 0.533 0.667 0.500 0.583 1.000 1.000 1.000 0.833 0.250 1.000 1.000 1.000 0.875 0.417 1.000 1.000 1.000 0.750 0.333 0.667 0.667 0.833 0.583 0.294 0.182 ־
0.667 0.917 0.667 0.917 0.583 0.917 1.000 0.750 1.000 0.917 1.000 1.000 1.000 1.000 0.875 0.917 1.000 1.000 0.917 0.667 0.667 1.000 0.917 0.833 0.417 0.312 0.185 ־
0.417 0.750 0.867 0.833 0.667 0.583 1.000 1.000 0.833 0.917 0.875 1.000 1.000 1.000 0.750 0.833 1.000 0.933 1.000 0.750 0.667 0.833 0.600 1.000 0.667 0.294 0.196 ־
0.000 0.333 0.833 0.667 0.111 0.222 0.778 1.000 1.000 0.444 0.750 1.000 1.000 0.667 0.333 0.556 1.000 1.000 0.778 0.444 0.111 0.556 1.000 0.778 0.222 0.583 0.222 .
0.111 0.778 0.833 0.778 0.333 0.444 1.000 0.667 0.778 0.778 0.750 1.000 1.000 1.000 0.917 0.333 0.889 1.000 1.000 0.444 0.000 0.444 1.000 0.778 0.111 0.583 0.222 .
0.000 0.625 0.500 0.312 0.850 0.200 0.938 0.450 0.438 0.850 0.533 0.917 0.400 0.917 0.533 0.800 0.500 0.600 0.938 0.200 0.650 0.062 0.550 0.312 0.000 0.395 0.283 ″
0.083 0.583 0.875 0.500 0.000 0.583 1.000 1.000 0.833 0.500 1.000 0.889 0.833 1.000 1.000 0.750 0.833 0.812 1.000 0.833 0.167 0.667 1.000 0.750 0.167 0.600 0.341 .
0.600 0.850 0.800 0.750 0.350 0.600 0.950 0.840 1.000 0.450 0.050 0.150 0.240 1.000 0.700 0.000 0.000 0.040 0.750 0.850 0.000 0.000 0.000 0.450 0.700 0.595 0.356 י
0.792 0.696 0.729 0.625 0.125 0.476 0.673 0.690 0.898 0.548 0.000 0.000 0.000 0.554 0.896 0.000 0.000 0.000 0.551 0.786 0.000 0.000 0.000 0.589 0.562 0.588 0.618 ר
0.233 0.889 0.333 0.389 0.800 0.400 0.917 0.333 0.806 0.767 0.733 0.611 0.333 0.889 0.300 0.800 0.278 0.367 0.667 0.000 0.567 0.000 0.500 0.250 0.000 0.558 0.441 ″
0.708 0.646 0.375 0.562 0.188 0.262 0.833 0.694 0.857 0.667 0.229 0.583 0.054 0.042 0.667 0.524 0.262 0.327 0.310 0.643 0.396 0.229 0.768 0.854 0.562 0.603 0.630 מ
0.405 0.898 0.952 0.796 0.405 0.048 0.714 0.381 0.510 0.619 0.083 0.500 0.000 0.000 0.604 0.524 0.714 0.000 0.000 0.714 0.667 0.571 0.000 0.000 0.476 0.562 0.604 ת
0.714 0.408 0.405 0.408 0.000 0.542 0.839 0.771 0.911 0.292 0.405 0.469 0.000 0.429 0.857 0.542 0.196 0.292 0.464 0.729 0.643 0.592 0.976 0.959 0.381 0.576 0.611 מ
0.762 0.306 0.333 0.306 0.000 0.562 0.857 0.729 0.875 0.188 0.381 0.510 0.024 0.367 0.619 0.521 0.214 0.354 0.411 0.333 0.333 0.612 0.857 0.837 0.095 0.576 0.623 מ
0.857 0.310 0.469 0.238 0.000 0.762 0.810 0.878 0.881 0.286 0.438 0.333 0.018 0.521 0.479 0.500 0.143 0.265 0.524 0.310 0.333 0.714 1.000 0.786 0.048 0.578 0.627 מ
0.792 0.771 0.750 0.708 0.354 0.667 0.738 0.571 0.690 0.762 0.750 0.167 0.000 0.104 0.688 0.833 0.500 0.449 0.476 0.738 0.667 0.792 0.821 0.875 0.729 0.603 0.618 ם
0.405 0.735 0.714 0.673 0.286 0.146 0.857 0.583 0.679 0.792 0.167 0.510 0.000 0.000 0.714 0.438 0.714 0.000 0.018 0.750 0.714 0.796 0.000 0.000 0.571 0.576 0.623 ת
0.405 0.694 0.571 0.592 0.167 0.229 0.875 0.646 0.696 0.750 0.095 0.531 0.000 0.061 0.667 0.396 0.661 0.000 0.036 0.708 0.905 0.796 0.000 0.122 0.786 0.576 0.623 ת
0.688 0.536 0.562 0.500 0.042 0.438 0.589 0.583 0.839 0.417 0.000 0.000 0.000 0.571 0.786 0.000 0.000 0.000 0.554 0.812 0.000 0.000 0.000 0.554 0.354 0.600 0.614 ר
0.673 0.347 0.679 0.510 0.612 0.589 0.429 0.719 0.321 0.786 0.469 0.163 0.393 0.204 0.327 0.393 0.625 0.500 0.589 0.054 0.245 0.837 0.821 0.367 0.000 0.515 0.623 ש
0.690 0.643 0.245 0.810 0.310 0.667 0.643 0.592 0.595 0.810 0.583 0.333 0.018 0.125 0.792 0.500 0.595 0.347 0.500 0.619 0.405 0.857 0.898 0.857 0.405 0.578 0.604 ט
0.595 0.551 0.262 0.796 0.500 0.354 0.929 0.521 0.732 0.458 0.310 0.673 0.952 0.714 0.000 0.542 0.804 0.375 0.875 0.500 0.452 0.878 0.238 0.286 0.690 0.576 0.559 א
0.714 0.619 0.245 0.810 0.357 0.667 0.667 0.571 0.667 0.786 0.583 0.333 0.036 0.125 0.771 0.500 0.595 0.347 0.500 0.619 0.405 0.881 0.898 0.833 0.405 0.578 0.604 ט
0.688 0.542 0.161 0.625 0.333 0.690 0.762 0.571 0.738 0.810 0.500 0.271 0.089 0.021 0.729 0.476 0.619 0.184 0.333 0.690 0.271 0.896 0.839 0.896 0.417 0.603 0.630 ט
0.310 0.796 0.619 0.612 0.333 0.188 0.821 0.750 0.750 0.875 0.119 0.612 0.000 0.000 0.833 0.375 0.750 0.000 0.000 0.812 0.857 0.898 0.119 0.000 0.738 0.576 0.623 ת
0.786 0.690 0.167 0.738 0.524 0.571 0.714 0.548 0.643 0.833 0.500 0.354 0.083 0.000 0.604 0.429 0.643 0.310 0.310 0.619 0.310 0.905 0.810 0.881 0.429 0.594 0.604 ט
0.735 0.327 0.625 0.388 0.469 0.625 0.393 0.719 0.286 0.768 0.429 0.041 0.375 0.163 0.367 0.429 0.607 0.422 0.625 0.054 0.388 0.939 0.893 0.408 0.000 0.515 0.623 ש
0.714 0.484 0.679 0.531 0.571 0.612 0.429 0.755 0.393 0.816 0.500 0.219 0.429 0.203 0.393 0.510 0.643 0.327 0.571 0.041 0.321 0.953 0.964 0.531 0.000 0.515 0.630 ש
0.810 0.452 0.214 0.738 0.357 0.738 0.595 0.571 0.643 0.738 0.708 0.208 0.083 0.125 0.854 0.571 0.452 0.286 0.405 0.619 0.524 1.000 0.952 0.929 0.405 0.594 0.604 ט
0.875 0.592 0.804 0.551 0.661 0.589 0.510 0.804 0.510 0.821 0.469 0.268 0.484 0.179 0.422 0.446 0.653 0.500 0.653 0.054 0.357 0.980 0.982 0.510 0.000 0.471 0.593 ש
0.755 0.446 0.755 0.554 0.633 0.589 0.453 0.750 0.422 0.839 0.510 0.214 0.429 0.179 0.429 0.375 0.625 0.411 0.594 0.071 0.286 0.946 0.939 0.518 0.000 0.500 0.600 ש
0.750 0.531 0.768 0.547 0.554 0.633 0.571 0.837 0.464 0.837 0.482 0.250 0.482 0.172 0.411 0.367 0.536 0.306 0.536 0.061 0.268 0.906 0.982 0.531 0.000 0.515 0.618 ש
0.735 0.429 0.732 0.490 0.531 0.661 0.429 0.734 0.357 0.768 0.449 0.082 0.357 0.102 0.367 0.429 0.464 0.359 0.464 0.054 0.367 1.000 0.982 0.429 0.000 0.515 0.589 ש
0.000 0.167 0.667 0.500 0.111 0.333 0.833 1.000 1.000 0.556 0.833 1.000 0.750 0.875 0.833 0.444 0.833 0.889 1.000 0.556 0.000 0.333 0.778 0.667 0.222 0.625 0.226 .
0.111 0.556 1.000 0.667 0.111 0.417 0.833 0.625 0.917 0.750 0.778 1.000 1.000 1.000 1.000 0.333 0.833 1.000 1.000 0.583 0.000 0.222 0.833 0.778 0.222 0.615 0.295 .
0.550 0.900 0.850 0.500 0.100 0.900 0.950 0.950 1.000 0.500 0.150 0.150 0.400 0.850 0.550 0.000 0.000 0.150 0.850 0.900 0.000 0.000 0.000 0.600 0.900 0.619 0.356 י
0.750 0.750 0.550 0.450 0.050 0.750 1.000 0.900 1.000 0.550 0.100 0.500 0.700 0.800 0.600 0.000 0.000 0.300 0.950 0.350 0.000 0.050 0.700 0.500 0.050 0.619 0.356 י
0.881 0.657 0.762 0.714 0.690 0.619 0.543 0.429 0.629 0.619 0.714 0.000 0.000 0.400 0.476 0.762 0.000 0.000 0.371 0.619 0.690 0.000 0.000 0.343 0.619 0.613 0.585 ח
0.886 0.714 0.743 0.643 0.657 0.371 0.476 0.457 0.738 0.514 0.000 0.000 0.000 0.667 0.229 0.000 0.000 0.000 0.762 0.371 0.000 0.000 0.000 0.643 0.286 0.629 0.585 ד
0.667 0.188 0.321 0.646 0.333 0.667 0.854 0.500 0.917 0.646 0.333 0.729 0.875 0.792 0.000 0.771 0.646 0.446 0.958 0.458 0.792 0.917 0.125 0.417 0.896 0.625 0.590 א
0.667 0.500 0.286 0.750 0.479 0.500 0.938 0.625 0.875 0.708 0.438 0.771 0.911 0.917 0.104 0.771 0.812 0.464 0.938 0.604 0.667 0.917 0.304 0.417 0.875 0.625 0.600 א
0.929 0.476 0.257 0.595 0.286 0.476 0.857 0.514 0.690 0.738 0.396 0.292 0.000 0.000 0.604 0.571 0.190 0.429 0.429 0.667 0.357 0.405 0.857 0.857 0.595 0.609 0.604 מ
0.643 0.571 0.257 0.905 0.452 0.500 0.738 0.286 0.762 0.643 0.000 0.458 0.875 0.583 0.000 0.095 0.333 0.771 0.952 0.476 0.667 0.929 0.971 0.976 0.643 0.609 0.604 צ
0.771 0.542 0.482 0.771 0.417 0.438 0.812 0.571 0.958 0.604 0.000 0.417 0.821 0.438 0.000 0.125 0.312 0.786 0.875 0.375 0.542 0.833 0.786 0.771 0.375 0.625 0.610 צ
0.810 0.667 0.743 0.690 0.643 0.688 0.708 0.550 0.708 0.750 0.714 0.143 0.000 0.357 0.524 0.792 0.208 0.000 0.354 0.667 0.619 0.143 0.000 0.357 0.643 0.621 0.611 ח
0.917 0.229 0.396 0.729 0.438 0.738 0.881 0.357 0.857 0.452 0.625 0.750 0.917 0.667 0.000 0.929 0.429 0.500 0.881 0.310 0.812 0.750 0.021 0.417 0.604 0.618 0.618 א
0.833 0.792 0.646 0.708 0.208 0.571 0.714 0.714 0.881 0.500 0.000 0.000 0.000 0.562 0.479 0.238 0.357 0.286 0.738 0.476 0.812 0.958 0.979 0.958 0.812 0.618 0.618 ב
0.812 0.542 0.300 0.812 0.542 0.452 0.833 0.257 0.762 0.595 0.000 0.396 0.850 0.604 0.021 0.167 0.310 0.657 0.929 0.548 0.604 0.833 0.800 0.833 0.500 0.632 0.618 צ
0.688 0.604 0.650 0.583 0.604 0.595 0.833 0.743 0.786 0.881 0.500 0.312 0.000 0.167 0.646 0.619 0.286 0.000 0.190 0.738 0.646 0.292 0.000 0.167 0.792 0.632 0.618 ח
0.688 0.604 0.575 0.562 0.208 0.548 0.643 0.714 0.810 0.476 0.000 0.000 0.000 0.438 0.458 0.238 0.286 0.286 0.643 0.571 0.854 0.875 0.900 0.854 0.792 0.632 0.618 ב
0.812 0.354 0.100 0.604 0.375 0.714 0.571 0.657 0.714 0.786 0.708 0.167 0.150 0.000 0.688 0.643 0.333 0.171 0.167 0.690 0.521 0.958 0.975 0.979 0.479 0.632 0.618 ט
0.792 0.562 0.250 0.646 0.271 0.571 0.881 0.657 0.786 0.857 0.396 0.542 0.000 0.062 0.667 0.714 0.190 0.257 0.286 0.643 0.604 0.396 0.850 0.896 0.792 0.632 0.618 מ
0.729 0.214 0.458 0.214 0.167 0.625 0.768 0.812 0.768 0.438 0.542 0.286 0.000 0.482 0.542 0.562 0.286 0.479 0.571 0.292 0.312 0.768 0.854 0.607 0.062 0.611 0.610 מ
0.810 0.452 0.119 0.524 0.405 0.667 0.646 0.562 0.625 0.771 0.619 0.310 0.071 0.000 0.714 0.583 0.583 0.417 0.417 0.688 0.452 0.833 0.786 0.857 0.405 0.606 0.623 ט
0.857 0.690 0.714 0.643 0.095 0.396 0.521 0.458 0.792 0.271 0.000 0.000 0.000 0.667 0.238 0.312 0.354 0.375 0.750 0.479 0.833 0.810 0.762 0.786 0.452 0.606 0.623 ב
0.667 0.429 0.143 0.571 0.476 0.500 0.771 0.225 0.812 0.583 0.000 0.500 0.857 0.571 0.000 0.104 0.375 0.825 0.917 0.438 0.714 0.976 0.971 1.000 0.690 0.621 0.623 צ
0.714 0.214 0.057 0.690 0.500 0.479 0.812 0.425 0.667 0.458 0.524 0.619 0.943 0.857 0.048 0.833 0.521 0.300 0.875 0.562 0.738 0.571 0.000 0.214 0.643 0.621 0.623 א
0.619 0.595 0.543 0.571 0.452 0.604 0.729 0.650 0.708 0.750 0.690 0.190 0.000 0.286 0.500 0.771 0.229 0.000 0.333 0.625 0.762 0.190 0.000 0.286 0.619 0.621 0.623 ח
0.714 0.500 0.486 0.571 0.381 0.438 0.583 0.625 0.688 0.688 0.333 0.238 0.000 0.476 0.452 0.812 0.229 0.000 0.500 0.583 0.857 0.143 0.000 0.500 0.548 0.621 0.623 ה
0.690 0.476 0.143 0.619 0.238 0.458 0.854 0.475 0.750 0.875 0.357 0.452 0.000 0.024 0.619 0.604 0.125 0.325 0.312 0.625 0.429 0.381 0.771 0.857 0.619 0.621 0.623 מ
0.643 0.500 0.238 0.548 0.143 0.500 0.896 0.646 0.854 0.708 0.310 0.595 0.000 0.071 0.643 0.604 0.167 0.312 0.250 0.604 0.452 0.405 0.905 0.976 0.619 0.606 0.623 מ
0.786 0.381 0.171 0.500 0.119 0.688 0.771 0.625 0.854 0.792 0.381 0.500 0.000 0.048 0.690 0.604 0.146 0.250 0.250 0.583 0.548 0.524 1.000 0.929 0.762 0.621 0.623 מ
0.833 0.595 0.229 0.786 0.548 0.458 0.771 0.225 0.667 0.438 0.000 0.452 0.771 0.548 0.000 0.104 0.312 0.825 0.917 0.438 0.571 0.857 0.857 0.881 0.452 0.621 0.623 צ
0.857 0.357 0.214 0.810 0.310 0.604 0.792 0.458 0.792 0.625 0.500 0.810 0.905 0.786 0.024 0.833 0.625 0.438 0.958 0.396 0.714 0.833 0.119 0.357 0.738 0.606 0.623 א
0.750 0.729 0.625 0.729 0.250 0.476 0.643 0.643 0.833 0.619 0.000 0.000 0.000 0.333 0.792 0.000 0.000 0.000 0.405 0.619 0.000 0.000 0.000 0.500 0.521 0.618 0.630 ר
0.542 0.646 0.700 0.521 0.188 0.548 0.714 0.686 0.786 0.619 0.729 0.708 0.075 0.083 0.583 0.524 0.571 0.343 0.524 0.452 0.833 0.875 0.825 0.812 0.167 0.632 0.630 פֿ
0.812 0.271 0.200 0.771 0.542 0.690 0.905 0.429 0.738 0.690 0.542 0.688 0.900 0.833 0.125 0.976 0.429 0.400 0.905 0.476 0.792 0.792 0.025 0.312 0.771 0.632 0.630 א
0.812 0.688 0.625 0.625 0.271 0.571 0.619 0.657 0.762 0.857 0.000 0.000 0.000 0.208 0.917 0.000 0.000 0.000 0.286 0.952 0.000 0.000 0.000 0.354 0.708 0.632 0.630 ר
0.792 0.271 0.200 0.812 0.479 0.738 0.857 0.429 0.690 0.738 0.583 0.729 0.900 0.833 0.125 0.952 0.476 0.429 0.929 0.429 0.833 0.750 0.025 0.312 0.812 0.632 0.630 א
0.875 0.542 0.229 0.625 0.188 0.619 0.952 0.786 0.952 0.738 0.458 0.479 0.062 0.208 0.667 0.762 0.190 0.405 0.452 0.738 0.500 0.438 0.750 0.812 0.562 0.618 0.630 מ
0.812 0.271 0.200 0.750 0.521 0.690 0.905 0.429 0.738 0.667 0.562 0.708 0.925 0.833 0.125 1.000 0.452 0.429 0.905 0.476 0.812 0.792 0.025 0.312 0.771 0.632 0.630 א
0.854 0.354 0.312 0.521 0.125 0.690 0.929 0.738 1.000 0.619 0.479 0.562 0.062 0.250 0.708 0.714 0.143 0.190 0.167 0.643 0.625 0.521 0.958 1.000 0.604 0.618 0.630 מ
0.762 0.643 0.543 0.643 0.429 0.667 0.729 0.700 0.917 0.583 0.000 0.000 0.143 0.905 0.119 0.000 0.000 0.200 0.958 0.208 0.000 0.000 0.143 0.833 0.214 0.621 0.623 ד
0.000 0.333 0.889 0.833 0.444 0.000 0.500 1.000 1.000 0.750 0.111 0.667 1.000 1.000 0.333 0.583 1.000 0.750 0.250 0.083 0.778 0.833 0.333 0.000 0.000 0.654 0.245 ,
0.000 0.333 0.833 0.444 0.667 0.000 0.556 1.000 1.000 0.667 0.125 0.750 1.000 0.667 0.125 0.833 1.000 0.667 0.111 0.000 0.833 0.667 0.167 0.000 0.000 0.667 0.226 ,
0.222 0.500 0.889 0.833 0.222 0.667 1.000 1.000 0.750 0.667 0.778 1.000 1.000 1.000 1.000 0.333 0.875 1.000 1.000 0.750 0.000 0.167 0.667 0.667 0.222 0.654 0.245 .
0.222 0.500 0.778 0.500 0.222 0.667 1.000 1.000 1.000 0.750 1.000 1.000 1.000 1.000 1.000 0.833 1.000 1.000 0.750 0.500 0.222 0.667 0.889 0.667 0.222 0.654 0.236 .
0.222 0.667 0.667 0.667 0.778 0.333 1.000 1.000 0.875 0.583 0.333 1.000 1.000 0.500 0.000 0.667 1.000 0.667 0.250 0.000 0.889 0.500 0.111 0.000 0.000 0.654 0.241 ,
0.292 0.708 0.250 0.292 0.125 0.650 1.000 0.900 1.000 0.750 0.125 0.583 0.750 0.958 0.917 0.000 0.000 0.050 0.700 0.800 0.167 0.000 0.458 0.708 0.167 0.667 0.393 י
0.300 0.700 0.550 0.300 0.000 0.542 1.000 0.917 0.958 0.667 0.050 0.500 0.550 0.850 0.950 0.000 0.000 0.167 0.708 0.625 0.000 0.000 0.500 0.800 0.200 0.652 0.418 י
0.333 0.750 1.000 0.500 0.083 0.750 1.000 1.000 0.917 0.667 0.750 0.750 1.000 1.000 1.000 0.667 1.000 0.833 0.750 0.667 0.083 0.583 0.917 0.417 0.083 0.656 0.364 .
0.400 0.650 0.400 0.250 0.000 0.700 0.950 0.867 0.900 0.500 0.292 0.417 0.389 0.833 0.875 0.000 0.000 0.200 0.700 0.500 0.000 0.050 0.733 0.800 0.150 0.659 0.415 י
0.550 0.850 0.600 0.400 0.100 0.600 0.900 0.800 1.000 0.800 0.150 0.500 0.533 0.850 0.950 0.000 0.000 0.000 0.600 0.750 0.000 0.000 0.400 0.800 0.300 0.643 0.396 י
0.600 0.650 0.400 0.400 0.200 0.800 1.000 1.000 0.850 0.700 0.350 0.600 0.667 0.900 0.800 0.000 0.000 0.000 0.500 0.800 0.000 0.050 0.467 0.800 0.450 0.643 0.396 י
0.600 0.750 0.400 0.400 0.200 0.700 1.000 1.000 1.000 0.650 0.350 0.600 0.667 0.900 0.800 0.000 0.000 0.000 0.550 0.750 0.000 0.050 0.467 0.900 0.350 0.643 0.396 י
0.600 0.600 0.850 0.650 0.050 0.950 0.950 0.850 0.950 0.450 0.125 0.208 0.375 1.000 0.625 0.000 0.000 0.150 0.900 0.950 0.000 0.000 0.000 0.500 0.800 0.636 0.373 י
0.600 0.750 0.500 0.400 0.150 0.583 0.958 0.917 0.917 0.625 0.150 0.550 0.450 0.950 1.000 0.000 0.000 0.250 0.792 0.542 0.000 0.000 0.500 0.700 0.100 0.652 0.418 י
0.650 0.850 0.600 0.300 0.100 0.667 0.958 1.000 0.917 0.625 0.150 0.450 0.700 0.950 0.800 0.000 0.000 0.250 0.792 0.583 0.000 0.000 0.600 0.700 0.150 0.652 0.397 י
0.650 0.600 0.267 0.200 0.100 0.750 1.000 0.933 0.950 0.550 0.300 0.600 0.667 0.950 0.650 0.000 0.000 0.000 0.750 0.750 0.000 0.050 0.600 0.850 0.300 0.643 0.396 י
0.650 0.733 0.450 0.333 0.050 0.850 1.000 0.900 1.000 0.550 0.350 0.600 0.500 0.933 0.900 0.000 0.000 0.050 0.733 0.650 0.000 0.000 0.500 0.867 0.250 0.667 0.396 י
0.650 0.850 0.467 0.400 0.200 0.700 0.950 0.933 0.950 0.700 0.150 0.500 0.667 0.900 0.700 0.000 0.000 0.067 0.600 0.800 0.000 0.050 0.533 0.900 0.400 0.643 0.389 י
0.700 0.800 0.450 0.300 0.050 0.750 1.000 1.000 0.900 0.450 0.292 0.542 0.667 0.917 0.625 0.000 0.000 0.150 0.750 0.500 0.000 0.150 0.850 0.700 0.150 0.636 0.407 י
0.700 0.600 0.333 0.350 0.100 0.800 0.900 0.867 1.000 0.650 0.350 0.650 0.667 0.850 0.700 0.000 0.000 0.000 0.750 0.750 0.000 0.050 0.600 0.850 0.300 0.643 0.382 י
0.700 0.900 0.600 0.400 0.100 0.583 1.000 1.000 0.917 0.667 0.150 0.350 0.600 0.950 0.900 0.000 0.000 0.292 0.833 0.583 0.000 0.000 0.650 0.600 0.100 0.652 0.426 י
0.700 0.800 0.550 0.467 0.200 0.800 1.000 1.000 0.867 0.850 0.350 0.667 0.700 0.933 0.950 0.000 0.000 0.050 0.667 0.850 0.000 0.000 0.500 0.933 0.450 0.667 0.396 י
0.750 0.650 0.333 0.300 0.100 0.700 0.900 1.000 1.000 0.550 0.350 0.600 0.667 0.950 0.750 0.000 0.000 0.000 0.750 0.750 0.000 0.050 0.600 0.850 0.300 0.643 0.396 י
0.750 0.800 0.533 0.350 0.100 0.700 0.900 1.000 1.000 0.500 0.300 0.600 0.667 0.900 0.700 0.000 0.000 0.067 0.700 0.750 0.000 0.050 0.667 0.850 0.250 0.643 0.396 י
0.800 0.533 0.350 0.333 0.050 0.950 1.000 0.900 1.000 0.750 0.400 0.733 0.750 1.000 0.750 0.000 0.000 0.100 0.800 0.850 0.000 0.000 0.550 0.933 0.350 0.667 0.389 י
0.800 0.750 0.533 0.450 0.050 0.900 1.000 0.867 1.000 0.500 0.375 0.667 0.667 0.917 0.875 0.000 0.000 0.133 0.850 0.650 0.000 0.200 0.867 0.800 0.150 0.659 0.407 י
0.800 0.850 0.400 0.250 0.100 0.917 0.917 1.000 1.000 0.542 0.300 0.600 0.750 0.900 0.800 0.000 0.000 0.375 0.958 0.542 0.000 0.150 0.900 0.700 0.150 0.652 0.451 י
0.800 0.700 0.600 0.450 0.100 0.750 1.000 1.000 0.900 0.600 0.292 0.500 0.556 0.917 0.750 0.000 0.000 0.267 0.750 0.450 0.000 0.050 0.733 0.550 0.050 0.659 0.407 י
0.850 0.600 0.267 0.350 0.050 0.750 0.950 0.933 1.000 0.350 0.292 0.583 0.556 0.917 0.750 0.000 0.000 0.200 0.800 0.550 0.000 0.100 0.800 0.700 0.100 0.659 0.415 י
0.850 0.733 0.300 0.267 0.200 0.950 0.933 0.950 0.933 0.850 0.350 0.533 0.700 0.933 0.900 0.000 0.000 0.050 0.733 0.950 0.000 0.000 0.550 0.933 0.450 0.667 0.389 י
0.950 0.533 0.300 0.200 0.100 0.900 1.000 1.000 1.000 0.500 0.500 0.667 0.750 1.000 0.750 0.000 0.000 0.250 1.000 0.750 0.000 0.067 0.700 0.867 0.300 0.667 0.396 י
1.000 0.867 0.750 0.533 0.300 0.750 0.867 1.000 1.000 0.800 0.200 0.400 0.550 0.867 1.000 0.000 0.000 0.200 0.867 0.850 0.000 0.000 0.650 0.933 0.350 0.667 0.488 י
1.000 0.733 0.550 0.333 0.100 1.000 1.000 1.000 0.867 0.650 0.500 0.533 0.750 1.000 0.800 0.000 0.000 0.250 0.800 0.750 0.000 0.067 0.750 0.733 0.250 0.667 0.477 י
0.667 0.958 0.633 0.333 0.083 0.850 0.850 0.960 1.000 0.550 0.333 0.750 0.833 0.917 0.875 0.000 0.000 0.360 1.000 0.700 0.000 0.000 0.633 0.792 0.333 0.646 0.545 י
0.875 0.700 0.750 0.700 0.688 0.524 0.714 0.690 0.886 0.714 0.000 0.000 0.104 0.875 0.333 0.000 0.000 0.143 0.914 0.452 0.000 0.000 0.083 0.875 0.396 0.647 0.596 ד
0.810 0.600 0.595 0.543 0.500 0.542 0.625 0.583 0.825 0.583 0.000 0.000 0.048 0.829 0.262 0.000 0.000 0.167 0.950 0.375 0.000 0.000 0.024 0.743 0.310 0.636 0.611 ד
0.619 0.543 0.429 0.429 0.500 0.458 0.575 0.604 0.850 0.688 0.000 0.000 0.024 0.800 0.214 0.000 0.000 0.021 0.825 0.292 0.000 0.000 0.024 0.800 0.214 0.636 0.623 ד
0.792 0.750 0.708 0.750 0.438 0.452 0.571 0.619 0.686 0.810 0.000 0.000 0.000 0.025 0.667 0.000 0.000 0.000 0.029 0.643 0.000 0.000 0.000 0.275 0.750 0.647 0.630 ר
0.800 0.800 0.467 0.400 0.150 0.700 0.950 0.933 0.950 0.700 0.167 0.458 0.556 0.875 0.708 0.000 0.000 0.133 0.850 0.500 0.000 0.050 0.667 0.700 0.100 0.659 0.500 י
0.792 0.700 0.646 0.650 0.646 0.524 0.600 0.667 0.600 0.667 0.479 0.300 0.000 0.325 0.604 0.952 0.229 0.000 0.400 0.714 0.875 0.125 0.000 0.450 0.646 0.647 0.630 ה
0.833 0.550 0.604 0.550 0.583 0.619 0.714 0.690 0.771 0.810 0.375 0.350 0.000 0.425 0.583 0.952 0.257 0.000 0.543 0.643 0.875 0.150 0.000 0.500 0.604 0.647 0.618 ה
0.771 0.675 0.625 0.700 0.604 0.452 0.657 0.667 0.543 0.738 0.396 0.300 0.000 0.325 0.667 0.905 0.314 0.000 0.400 0.786 0.792 0.175 0.000 0.400 0.750 0.647 0.630 ה
0.688 0.600 0.604 0.575 0.521 0.357 0.571 0.500 0.543 0.643 0.312 0.250 0.000 0.325 0.646 0.833 0.286 0.000 0.371 0.667 0.833 0.200 0.000 0.325 0.562 0.647 0.630 ה
0.950 0.600 0.333 0.350 0.050 0.950 0.950 0.933 0.950 0.400 0.375 0.708 0.833 0.917 0.708 0.000 0.000 0.400 0.950 0.650 0.000 0.250 0.933 0.700 0.100 0.659 0.512 י
0.646 0.625 0.542 0.550 0.312 0.476 0.657 0.643 0.657 0.690 0.000 0.000 0.000 0.350 0.667 0.167 0.286 0.214 0.514 0.619 0.729 0.725 0.833 0.975 0.958 0.647 0.630 ב
0.905 0.743 0.690 0.657 0.333 0.625 0.725 0.583 0.650 0.833 0.619 0.200 0.000 0.000 0.619 0.688 0.550 0.250 0.350 0.729 0.238 0.743 0.810 0.800 0.357 0.636 0.611 ס
0.850 0.604 0.500 0.604 0.225 0.629 0.738 0.686 0.833 0.943 0.675 0.167 0.000 0.062 0.750 0.743 0.357 0.114 0.262 0.829 0.325 0.792 0.975 0.812 0.350 0.662 0.618 ס
0.500 0.708 0.600 0.604 0.300 0.457 0.714 0.629 0.690 0.800 0.700 0.750 0.275 0.479 0.675 0.400 0.500 0.343 0.333 0.657 0.675 0.833 0.850 0.875 0.525 0.662 0.630 פּ
0.600 0.688 0.600 0.604 0.275 0.571 0.690 0.657 0.714 0.771 0.750 0.729 0.200 0.000 0.775 0.429 0.476 0.343 0.286 0.743 0.700 0.833 0.850 0.875 0.475 0.662 0.630 פֿ
0.667 0.675 0.583 0.475 0.271 0.595 0.657 0.619 0.714 0.714 0.583 0.075 0.000 0.000 0.583 0.762 0.429 0.143 0.314 0.714 0.354 0.850 0.917 0.850 0.354 0.647 0.630 ס
0.914 0.714 0.548 0.543 0.171 0.475 0.475 0.583 0.750 0.675 0.000 0.000 0.000 0.057 0.743 0.325 0.375 0.375 0.500 0.675 0.857 0.857 0.857 0.771 0.257 0.667 0.623 כ
0.800 0.690 0.629 0.548 0.286 0.725 0.667 0.625 0.646 0.800 0.686 0.095 0.000 0.000 0.800 0.775 0.479 0.250 0.438 0.725 0.371 0.857 0.971 0.762 0.257 0.652 0.623 ס
0.743 0.657 0.571 0.543 0.200 0.400 0.575 0.625 0.700 0.775 0.000 0.000 0.000 0.029 0.771 0.225 0.325 0.292 0.450 0.850 0.829 0.886 0.952 0.829 0.486 0.667 0.623 כ
0.810 0.714 0.571 0.543 0.214 0.688 0.850 0.729 0.825 0.875 0.595 0.314 0.000 0.000 0.571 0.729 0.500 0.250 0.275 0.729 0.286 0.886 0.952 0.914 0.452 0.636 0.611 ס
0.650 0.812 0.700 0.688 0.400 0.571 0.714 0.486 0.548 0.829 0.750 0.875 0.400 0.458 0.650 0.514 0.500 0.343 0.405 0.686 0.750 0.896 0.900 0.792 0.375 0.662 0.630 פּ
0.812 0.725 0.688 0.700 0.333 0.429 0.714 0.643 0.657 0.643 0.000 0.000 0.000 0.200 0.604 0.238 0.314 0.310 0.457 0.643 0.729 0.925 0.875 0.900 0.917 0.647 0.630 ב
0.543 0.657 0.548 0.600 0.457 0.525 0.725 0.583 0.625 0.850 0.686 0.800 0.286 0.000 0.600 0.450 0.525 0.375 0.300 0.700 0.857 0.943 0.905 0.943 0.543 0.667 0.611 פֿ
0.886 0.743 0.643 0.686 0.286 0.700 0.775 0.729 0.675 0.725 0.886 0.743 0.286 0.000 0.657 0.650 0.600 0.396 0.275 0.625 0.886 0.943 0.929 0.914 0.514 0.667 0.611 פֿ
0.714 0.657 0.595 0.543 0.286 0.562 0.700 0.583 0.675 0.771 0.595 0.143 0.000 0.000 0.619 0.625 0.450 0.229 0.325 0.708 0.357 0.943 0.952 0.914 0.357 0.636 0.611 ס
0.750 0.575 0.583 0.500 0.229 0.571 0.686 0.690 0.829 0.595 0.000 0.000 0.000 0.375 0.667 0.167 0.143 0.143 0.457 0.500 0.875 0.950 0.979 0.975 0.958 0.647 0.630 ב
0.750 0.575 0.292 0.850 0.562 0.625 0.850 0.458 0.825 0.750 0.000 0.343 0.833 0.686 0.048 0.062 0.150 0.604 0.925 0.583 0.688 0.950 0.917 0.950 0.792 0.657 0.625 צ
0.714 0.667 0.543 0.548 0.257 0.475 0.562 0.625 0.729 0.800 0.000 0.000 0.000 0.262 0.714 0.200 0.250 0.250 0.479 0.675 0.914 0.952 1.000 0.952 1.000 0.652 0.600 ב
0.690 0.571 0.619 0.286 0.190 0.438 0.625 0.562 0.725 0.521 0.000 0.000 0.000 0.200 0.619 0.208 0.225 0.250 0.450 0.562 0.857 0.971 1.000 1.000 0.929 0.636 0.623 ב
0.475 0.625 0.500 0.521 0.200 0.457 0.762 0.714 0.690 0.829 0.675 0.750 0.275 0.000 0.575 0.400 0.452 0.314 0.214 0.629 0.700 0.979 1.000 1.000 0.550 0.662 0.618 פֿ
0.886 0.686 0.690 0.629 0.286 0.750 0.825 0.688 0.725 0.750 0.886 0.771 0.238 0.000 0.629 0.625 0.600 0.375 0.275 0.675 0.886 1.000 0.929 1.000 0.514 0.667 0.623 פֿ
0.000 0.417 0.875 0.917 0.625 0.000 0.667 1.000 1.000 0.833 0.375 0.833 0.750 0.417 0.125 1.000 1.000 0.500 0.000 0.000 0.875 0.667 0.250 0.000 0.000 0.714 0.255 ,
0.000 0.000 0.583 1.000 0.667 0.000 0.000 0.667 1.000 0.889 0.167 0.625 0.917 0.875 0.500 0.444 1.000 0.889 0.333 0.000 0.833 1.000 0.500 0.000 0.000 0.679 0.259 ,
0.000 0.000 0.667 1.000 0.833 0.000 0.333 0.889 1.000 0.778 0.250 0.875 1.000 0.750 0.333 0.556 1.000 0.889 0.333 0.000 0.500 0.750 0.333 0.000 0.000 0.679 0.264 ,
0.000 0.500 0.875 0.583 0.750 0.000 0.667 1.000 1.000 1.000 0.125 0.750 1.000 0.750 0.250 0.833 1.000 0.833 0.333 0.000 1.000 0.667 0.250 0.000 0.000 0.714 0.264 ,
0.000 0.333 0.750 0.833 0.625 0.000 0.583 1.000 1.000 0.875 0.167 0.778 1.000 0.778 0.167 0.875 1.000 0.875 0.417 0.000 1.000 0.750 0.250 0.000 0.000 0.733 0.278 ,
0.000 0.222 0.833 0.778 0.500 0.000 0.500 1.000 0.917 0.750 0.000 0.556 1.000 0.889 0.333 0.625 0.833 0.625 0.250 0.000 1.000 0.667 0.000 0.000 0.000 0.692 0.220 ,
0.000 0.400 0.867 0.867 0.800 0.067 0.733 1.000 1.000 0.667 0.417 1.000 1.000 0.667 0.167 0.667 0.933 0.733 0.133 0.000 0.800 0.400 0.067 0.000 0.000 0.725 0.370 '
0.000 0.250 0.733 0.750 0.467 0.067 0.650 1.000 0.950 0.667 0.278 0.958 1.000 0.458 0.000 0.667 0.900 0.667 0.100 0.000 0.800 0.550 0.067 0.000 0.000 0.705 0.400 '
0.000 0.333 0.750 1.000 0.875 0.125 0.750 1.000 1.000 0.875 0.333 0.889 1.000 0.778 0.167 0.875 1.000 0.875 0.417 0.000 1.000 0.750 0.250 0.000 0.000 0.733 0.294 ,
0.000 0.267 0.600 0.867 0.733 0.133 0.800 1.000 1.000 0.867 0.467 1.000 0.933 0.733 0.200 0.667 1.000 0.533 0.067 0.000 0.667 0.533 0.067 0.000 0.000 0.738 0.375 '
0.000 0.250 0.750 0.875 0.500 0.250 0.875 1.000 0.750 0.583 0.222 0.833 1.000 0.833 0.333 0.417 0.875 0.833 0.250 0.000 0.833 0.625 0.250 0.000 0.000 0.700 0.278 ,
0.083 0.583 1.000 0.750 0.500 0.250 0.917 1.000 1.000 0.667 0.333 1.000 1.000 0.833 0.250 0.750 1.000 1.000 0.333 0.000 0.833 0.583 0.250 0.083 0.000 0.688 0.308 ,
0.000 0.250 0.750 1.000 0.667 0.250 0.875 0.833 0.750 0.833 0.333 1.000 1.000 0.833 0.333 0.500 1.000 0.833 0.250 0.000 0.833 0.625 0.250 0.000 0.000 0.700 0.273 ,
0.083 0.500 0.833 1.000 0.667 0.333 1.000 0.778 1.000 0.667 0.417 1.000 1.000 0.750 0.250 0.667 1.000 0.889 0.333 0.000 0.833 0.750 0.250 0.000 0.000 0.679 0.264 ,
0.167 0.625 0.833 0.750 0.750 0.333 1.000 1.000 1.000 0.917 0.556 1.000 1.000 1.000 0.444 0.750 1.000 0.750 0.250 0.083 0.833 0.750 0.333 0.000 0.000 0.700 0.278 ,
0.850 0.800 0.450 0.333 0.200 0.700 0.867 1.000 1.000 0.750 0.292 0.500 0.542 0.889 0.917 0.000 0.000 0.150 0.800 0.700 0.000 0.000 0.600 0.867 0.300 0.682 0.407 י
0.933 0.950 0.667 0.500 0.333 0.733 0.700 1.000 1.000 0.800 0.167 0.250 0.500 0.812 0.917 0.000 0.000 0.000 0.550 0.933 0.000 0.100 0.600 0.850 0.267 0.675 0.377 י
0.600 0.700 0.267 0.200 0.100 0.792 0.917 1.000 0.958 0.708 0.300 0.600 0.600 0.800 1.000 0.000 0.000 0.111 0.750 0.792 0.000 0.050 0.600 0.700 0.400 0.674 0.397 י
0.650 0.667 0.550 0.400 0.150 0.800 1.000 0.900 0.867 0.900 0.292 0.556 0.667 0.833 0.917 0.000 0.000 0.050 0.667 0.850 0.000 0.000 0.500 0.933 0.400 0.682 0.400 י
0.850 0.733 0.400 0.267 0.100 0.850 0.867 1.000 1.000 0.650 0.375 0.611 0.667 0.833 0.958 0.000 0.000 0.000 0.533 0.900 0.000 0.000 0.350 0.933 0.550 0.682 0.361 י
0.600 0.600 0.200 0.200 0.100 0.850 1.000 1.000 0.867 0.750 0.375 0.667 0.667 0.778 0.958 0.000 0.000 0.050 0.467 0.950 0.000 0.000 0.500 0.867 0.550 0.682 0.400 י
0.708 0.708 0.667 0.500 0.250 0.900 1.000 1.000 1.000 1.000 0.292 0.458 0.500 0.875 0.917 0.000 0.000 0.133 0.800 0.700 0.000 0.083 0.722 0.750 0.208 0.688 0.407 י
0.933 0.800 0.533 0.500 0.200 0.933 0.850 1.000 1.000 0.933 0.267 0.550 0.533 0.750 1.000 0.000 0.000 0.067 0.600 0.867 0.000 0.100 0.667 0.850 0.267 0.690 0.396 י
0.733 0.700 0.600 0.400 0.000 0.933 0.900 0.867 0.950 0.533 0.200 0.350 0.400 0.750 0.867 0.000 0.000 0.133 0.700 0.400 0.000 0.100 0.733 0.700 0.133 0.690 0.396 י
0.750 0.708 0.389 0.375 0.042 0.950 1.000 0.933 1.000 0.600 0.375 0.750 0.778 1.000 0.750 0.000 0.000 0.400 1.000 0.650 0.000 0.167 0.889 0.833 0.208 0.688 0.414 י
0.875 0.778 0.542 0.389 0.208 1.000 0.867 0.900 1.000 0.900 0.417 0.667 0.750 0.833 0.917 0.000 0.000 0.200 0.867 0.950 0.000 0.000 0.667 0.833 0.333 0.708 0.407 י
0.800 0.600 0.350 0.133 0.150 1.000 1.000 0.900 0.800 0.800 0.375 0.556 0.667 0.889 0.917 0.000 0.000 0.100 0.733 0.900 0.000 0.000 0.550 0.867 0.350 0.682 0.407 י
0.867 0.700 0.667 0.550 0.200 1.000 1.000 1.000 0.900 0.733 0.267 0.450 0.600 0.900 0.867 0.000 0.000 0.067 0.650 0.667 0.000 0.100 0.733 0.600 0.133 0.690 0.396 י
0.900 0.733 0.350 0.333 0.100 1.000 1.000 0.850 1.000 0.700 0.458 0.667 0.708 0.944 0.917 0.000 0.000 0.250 0.933 0.650 0.000 0.000 0.700 0.800 0.250 0.682 0.407 י
0.850 0.467 0.400 0.267 0.050 1.000 1.000 1.000 0.867 0.550 0.542 0.667 0.708 0.889 0.792 0.000 0.000 0.050 0.667 0.850 0.000 0.000 0.500 0.800 0.300 0.682 0.361 י
0.571 0.810 0.929 0.905 0.571 0.143 0.381 0.571 0.381 0.190 0.000 0.000 0.000 0.000 0.000 0.143 0.429 0.571 0.429 0.143 0.429 0.619 0.929 0.810 0.571 0.833 0.556 :
0.821 0.810 0.786 0.667 0.500 0.281 0.417 0.625 1.000 0.750 0.000 0.000 0.179 0.905 0.571 0.000 0.000 0.188 0.917 0.594 0.000 0.000 0.214 0.905 0.643 0.788 0.550 ו
0.810 0.857 0.607 0.476 0.286 0.417 0.542 0.656 0.917 0.750 0.000 0.000 0.250 1.000 0.667 0.000 0.000 0.094 0.792 0.708 0.000 0.000 0.000 0.619 0.571 0.818 0.559 ו
0.500 0.700 0.400 0.350 0.050 0.750 1.000 0.889 1.000 0.708 0.200 0.450 0.467 0.850 0.800 0.000 0.000 0.000 0.667 0.625 0.000 0.050 0.533 0.700 0.200 0.674 0.426 י
0.650 0.667 0.550 0.400 0.150 0.800 1.000 0.900 0.800 0.900 0.292 0.556 0.500 0.833 0.917 0.000 0.000 0.050 0.733 0.750 0.000 0.000 0.450 0.733 0.300 0.682 0.415 י
0.850 0.600 0.350 0.333 0.050 0.917 1.000 0.917 1.000 0.500 0.250 0.533 0.550 0.933 0.700 0.000 0.000 0.250 0.889 0.667 0.000 0.067 0.600 0.533 0.150 0.696 0.523 י
0.800 0.600 0.400 0.267 0.150 0.900 0.867 1.000 1.000 0.750 0.500 0.667 0.583 0.778 0.833 0.000 0.000 0.150 0.800 0.800 0.000 0.000 0.500 0.667 0.300 0.682 0.415 י
0.600 0.600 0.133 0.200 0.050 0.667 0.958 0.944 0.917 0.542 0.250 0.600 0.600 0.800 0.850 0.000 0.000 0.000 0.583 0.667 0.000 0.050 0.533 0.700 0.150 0.674 0.426 י
0.600 0.700 0.400 0.300 0.100 0.583 0.917 1.000 0.958 0.792 0.150 0.500 0.600 0.750 1.000 0.000 0.000 0.056 0.500 0.833 0.050 0.000 0.467 0.750 0.250 0.674 0.434 י
0.750 0.750 0.467 0.400 0.100 0.792 0.917 0.833 0.958 0.750 0.250 0.600 0.600 0.800 0.900 0.000 0.000 0.111 0.792 0.708 0.000 0.100 0.800 0.700 0.100 0.674 0.489 י
0.700 0.650 0.400 0.300 0.050 0.708 1.000 1.000 1.000 0.583 0.300 0.650 0.600 0.900 0.800 0.000 0.000 0.111 0.792 0.458 0.000 0.050 0.533 0.700 0.100 0.674 0.418 י
0.850 0.550 0.467 0.400 0.050 0.833 0.958 0.944 0.917 0.417 0.250 0.600 0.600 0.850 0.300 0.000 0.000 0.278 0.708 0.083 0.000 0.150 0.867 0.500 0.000 0.674 0.418 י
0.500 0.667 0.350 0.267 0.100 0.833 1.000 0.875 1.000 0.875 0.350 0.667 0.650 0.933 0.900 0.000 0.000 0.083 0.778 0.792 0.000 0.000 0.550 0.867 0.300 0.696 0.434 י
0.650 0.600 0.300 0.267 0.100 0.792 1.000 1.000 0.889 0.750 0.350 0.667 0.650 0.933 1.000 0.000 0.000 0.083 0.667 0.750 0.000 0.000 0.550 0.800 0.250 0.696 0.418 י
0.900 0.733 0.450 0.333 0.100 0.917 0.889 0.875 0.944 0.792 0.250 0.600 0.650 0.800 0.900 0.000 0.000 0.208 0.833 0.833 0.000 0.000 0.650 0.600 0.150 0.696 0.418 י
0.700 0.550 0.400 0.300 0.050 0.792 1.000 1.000 0.917 0.667 0.300 0.600 0.667 0.900 0.800 0.000 0.000 0.111 0.708 0.542 0.000 0.050 0.667 0.650 0.100 0.674 0.426 י
0.700 0.550 0.400 0.300 0.050 0.792 0.875 1.000 0.917 0.667 0.300 0.650 0.667 0.750 0.800 0.000 0.000 0.111 0.792 0.542 0.000 0.050 0.667 0.600 0.100 0.674 0.523 י
0.550 0.700 0.533 0.300 0.100 0.667 0.958 0.889 0.917 0.750 0.150 0.550 0.667 0.950 0.950 0.042 0.000 0.222 0.875 0.667 0.050 0.000 0.533 0.700 0.150 0.674 0.418 י
0.700 0.400 0.250 0.200 0.050 1.000 1.000 0.917 0.833 0.667 0.450 0.600 0.700 1.000 0.900 0.000 0.000 0.208 0.833 0.625 0.000 0.000 0.600 0.600 0.200 0.696 0.434 י
0.800 0.533 0.200 0.200 0.050 0.917 1.000 0.958 1.000 0.583 0.400 0.600 0.700 1.000 0.950 0.000 0.000 0.292 1.000 0.625 0.000 0.000 0.650 0.667 0.100 0.696 0.418 י
0.750 0.467 0.250 0.200 0.050 1.000 1.000 0.917 0.889 0.667 0.350 0.467 0.700 1.000 0.900 0.000 0.000 0.208 0.889 0.667 0.000 0.000 0.650 0.667 0.200 0.696 0.426 י
0.850 0.533 0.450 0.400 0.150 1.000 1.000 1.000 0.867 0.800 0.500 0.667 0.708 0.889 1.000 0.000 0.000 0.100 0.733 0.850 0.000 0.067 0.650 0.867 0.500 0.682 0.415 י
0.650 0.750 0.467 0.300 0.100 0.792 0.958 0.889 0.875 0.625 0.100 0.450 0.733 1.000 0.750 0.000 0.000 0.333 0.917 0.625 0.000 0.150 0.800 0.650 0.100 0.674 0.426 י
0.900 0.733 0.400 0.267 0.100 0.792 1.000 1.000 1.000 0.667 0.250 0.600 0.750 1.000 1.000 0.000 0.000 0.458 1.000 0.667 0.000 0.000 0.650 0.667 0.100 0.696 0.523 י
0.867 0.550 0.267 0.250 0.067 1.000 0.900 1.000 1.000 0.800 0.444 0.625 0.778 0.917 1.000 0.000 0.000 0.200 0.900 0.867 0.000 0.050 0.667 0.800 0.333 0.705 0.415 י
0.750 0.700 0.400 0.300 0.050 0.917 0.917 1.000 1.000 0.667 0.300 0.650 0.800 0.850 0.850 0.000 0.000 0.222 0.875 0.708 0.000 0.150 0.867 0.750 0.200 0.674 0.426 י
0.833 0.792 0.444 0.458 0.167 1.000 1.000 0.867 1.000 0.800 0.458 0.750 0.889 1.000 0.917 0.000 0.050 0.467 1.000 0.950 0.000 0.292 1.000 0.917 0.458 0.688 0.545 י
0.679 0.762 0.607 0.524 0.500 0.312 0.583 0.906 0.667 0.562 0.000 0.286 0.964 0.429 0.000 0.000 0.333 1.000 0.625 0.000 0.000 0.381 0.893 0.333 0.000 0.788 0.559 ז
0.679 0.893 0.714 0.714 0.321 0.357 0.750 0.905 0.714 0.429 0.000 0.469 1.000 0.344 0.000 0.000 0.607 0.905 0.536 0.000 0.000 0.679 0.810 0.429 0.000 0.766 0.542 ז
0.600 0.625 0.521 0.525 0.250 0.657 0.771 0.714 0.714 0.914 0.825 0.750 0.229 0.000 0.575 0.514 0.400 0.262 0.229 0.686 0.825 0.950 0.979 0.950 0.575 0.676 0.630 פֿ
0.675 0.688 0.600 0.708 0.300 0.525 0.729 0.725 0.729 0.875 0.000 0.000 0.000 0.167 0.971 0.325 0.479 0.375 0.604 0.775 0.875 0.854 0.850 0.667 0.275 0.671 0.574 כ
0.071 0.714 0.750 0.643 0.429 0.107 0.357 0.571 0.679 0.893 0.469 0.000 0.000 0.250 0.750 0.357 0.000 0.000 0.250 0.821 0.000 0.000 0.000 0.250 0.893 0.750 0.604 ו
0.500 0.893 0.762 0.714 0.429 0.156 0.562 0.625 0.812 0.812 0.000 0.000 0.000 0.429 0.714 0.188 0.000 0.000 0.469 0.750 0.107 0.000 0.000 0.321 0.750 0.773 0.589 ו
0.619 0.786 0.476 0.571 0.333 0.238 0.571 0.619 0.893 0.905 0.000 0.000 0.000 0.438 0.583 0.000 0.000 0.000 0.429 0.714 0.000 0.000 0.000 0.250 0.762 0.797 0.604 ו
0.667 0.750 0.571 0.643 0.381 0.381 0.750 0.857 0.857 0.762 0.000 0.000 0.000 0.469 0.625 0.000 0.000 0.000 0.500 0.810 0.000 0.000 0.000 0.464 0.857 0.797 0.604 ו
0.536 0.857 0.714 0.371 0.000 0.219 0.575 0.719 0.650 0.000 0.000 0.000 0.036 0.486 0.036 0.188 0.325 0.406 0.775 0.562 0.714 0.914 0.536 0.143 0.643 0.727 0.623 ג
0.619 0.750 0.714 0.643 0.333 0.286 0.536 0.524 0.786 0.857 0.000 0.000 0.000 0.500 0.667 0.000 0.000 0.000 0.500 0.714 0.000 0.000 0.000 0.500 0.905 0.797 0.604 ו
0.000 0.714 0.821 0.500 0.464 0.000 0.250 0.625 0.781 0.812 0.000 0.000 0.000 0.536 0.607 0.188 0.312 0.250 0.719 0.812 0.679 0.857 0.893 0.893 0.857 0.758 0.611 נ
0.107 0.750 0.607 0.607 0.286 0.000 0.438 0.688 0.844 0.719 0.000 0.000 0.000 0.607 0.464 0.188 0.250 0.188 0.594 0.625 0.821 0.964 0.964 0.929 0.893 0.758 0.623 נ
0.250 0.857 0.750 0.500 0.357 0.188 0.500 0.625 0.875 0.844 0.000 0.000 0.000 0.643 0.500 0.219 0.250 0.250 0.719 0.781 1.000 0.929 1.000 1.000 0.929 0.758 0.611 נ
0.464 0.886 0.821 0.286 0.000 0.286 0.571 0.821 0.714 0.000 0.000 0.000 0.250 0.650 0.031 0.143 0.286 0.500 0.857 0.536 0.857 0.943 0.571 0.400 0.750 0.719 0.604 ג
0.536 0.857 0.571 0.286 0.000 0.312 0.575 0.688 0.775 0.094 0.000 0.000 0.000 0.657 0.107 0.188 0.250 0.531 0.825 0.531 0.750 0.943 0.607 0.343 0.750 0.727 0.611 ג
0.071 0.743 0.679 0.629 0.214 0.031 0.475 0.625 0.825 0.531 0.000 0.000 0.000 0.657 0.214 0.156 0.275 0.250 0.775 0.438 0.714 1.000 1.000 0.943 0.714 0.727 0.611 נ
0.643 0.762 0.714 0.714 0.464 0.438 0.750 0.812 0.500 0.438 0.000 0.619 0.893 0.286 0.000 0.000 0.667 1.000 0.625 0.000 0.036 0.667 0.750 0.286 0.000 0.788 0.579 ז
0.625 0.675 0.594 0.225 0.000 0.257 0.571 0.821 0.457 0.000 0.000 0.000 0.469 0.450 0.025 0.200 0.286 0.643 0.857 0.171 0.775 0.825 0.250 0.450 0.425 0.706 0.607 ג
0.600 0.675 0.625 0.575 0.425 0.650 0.825 0.500 0.575 0.900 0.829 0.914 0.452 0.000 0.571 0.675 0.700 0.542 0.325 0.725 0.800 0.900 0.917 0.850 0.475 0.686 0.593 פֿ
0.656 0.792 0.656 0.625 0.438 0.393 0.524 0.679 0.857 0.857 0.000 0.000 0.000 0.667 0.750 0.000 0.000 0.000 0.524 0.893 0.000 0.000 0.000 0.542 0.844 0.794 0.618 ו
0.625 0.875 0.594 0.625 0.344 0.321 0.762 0.714 0.952 0.786 0.000 0.000 0.000 0.667 0.719 0.000 0.000 0.071 0.762 0.679 0.000 0.000 0.000 0.625 0.656 0.794 0.630 ו
0.375 0.900 0.594 0.375 0.031 0.214 0.600 0.714 0.886 0.107 0.000 0.000 0.062 0.675 0.188 0.107 0.286 0.500 0.857 0.750 0.688 0.900 0.625 0.200 0.875 0.735 0.630 ג
0.531 0.750 0.562 0.325 0.000 0.393 0.714 0.750 0.771 0.000 0.000 0.000 0.250 0.700 0.000 0.107 0.171 0.500 0.800 0.429 0.844 0.950 0.406 0.325 0.781 0.735 0.630 ג
0.107 0.857 0.821 0.657 0.250 0.000 0.375 0.688 0.875 0.500 0.000 0.000 0.000 0.714 0.179 0.219 0.350 0.500 0.925 0.531 0.679 0.829 0.821 0.886 0.643 0.727 0.600 נ
0.562 0.781 0.667 0.594 0.250 0.393 0.714 0.619 0.857 0.571 0.000 0.000 0.000 0.750 0.500 0.000 0.000 0.000 0.714 0.536 0.094 0.000 0.000 0.750 0.719 0.779 0.630 ו
0.562 0.750 0.562 0.375 0.000 0.286 0.571 0.750 0.800 0.000 0.000 0.000 0.250 0.775 0.000 0.214 0.286 0.536 0.829 0.393 0.906 0.900 0.375 0.375 0.688 0.735 0.567 ג
0.438 0.825 0.750 0.475 0.000 0.214 0.571 0.643 0.771 0.000 0.000 0.000 0.250 0.775 0.062 0.179 0.314 0.643 0.857 0.643 0.875 0.925 0.438 0.350 0.875 0.735 0.618 ג
0.000 0.625 0.725 0.625 0.312 0.000 0.464 0.657 0.893 0.679 0.000 0.000 0.075 0.781 0.281 0.071 0.107 0.143 0.750 0.536 0.781 0.969 0.850 1.000 0.812 0.750 0.630 נ
0.400 0.781 0.575 0.500 0.100 0.475 0.719 0.800 0.844 0.225 0.000 0.000 0.400 0.844 0.100 0.125 0.312 0.650 0.781 0.575 0.825 0.906 0.475 0.250 0.700 0.736 0.610 ג
0.514 0.786 0.543 0.429 0.029 0.250 0.625 0.750 0.906 0.175 0.000 0.000 0.229 0.857 0.171 0.200 0.344 0.575 0.906 0.625 0.771 0.929 0.457 0.250 0.771 0.712 0.623 ג
0.036 0.750 0.686 0.464 0.250 0.000 0.312 0.550 0.812 0.656 0.000 0.000 0.114 0.857 0.286 0.188 0.344 0.350 0.812 0.562 0.821 0.857 0.857 0.929 0.750 0.742 0.623 נ
0.219 0.969 0.750 0.594 0.375 0.107 0.571 0.629 0.857 0.607 0.000 0.000 0.225 0.875 0.375 0.179 0.286 0.314 0.821 0.643 0.656 0.812 0.825 0.844 0.719 0.750 0.630 נ
0.525 0.938 0.825 0.656 0.175 0.200 0.500 0.743 1.000 0.229 0.000 0.000 0.200 1.000 0.225 0.171 0.286 0.514 0.857 0.743 0.725 0.812 0.675 0.125 0.750 0.721 0.618 ג
0.000 0.719 0.825 0.625 0.312 0.000 0.321 0.543 0.821 0.643 0.000 0.000 0.075 0.719 0.344 0.214 0.321 0.343 0.857 0.643 0.719 0.812 0.825 0.875 0.812 0.750 0.607 נ
0.700 0.775 0.531 0.225 0.000 0.371 0.714 0.821 0.543 0.000 0.000 0.000 0.438 0.600 0.000 0.200 0.343 0.714 0.886 0.429 0.950 0.900 0.250 0.600 0.625 0.706 0.630 ג
0.821 0.643 0.571 0.321 0.000 0.438 0.656 0.781 0.812 0.062 0.000 0.000 0.321 0.750 0.464 0.000 0.000 0.250 0.688 0.125 0.000 0.000 0.250 0.821 0.107 0.758 0.611 ו
0.810 0.857 0.667 0.607 0.524 0.292 0.719 0.917 0.562 0.333 0.000 0.464 0.952 0.286 0.000 0.000 0.469 0.875 0.500 0.000 0.000 0.571 0.857 0.286 0.000 0.803 0.623 ז
0.688 0.875 0.667 0.750 0.594 0.286 0.571 1.000 0.643 0.357 0.000 0.406 0.917 0.469 0.000 0.000 0.429 0.905 0.679 0.000 0.000 0.469 0.833 0.438 0.000 0.779 0.618 ז
0.857 0.810 0.643 0.571 0.286 0.406 0.875 0.844 0.625 0.406 0.071 0.762 0.750 0.000 0.000 0.094 0.792 0.906 0.375 0.000 0.143 0.810 0.750 0.238 0.000 0.788 0.569 ז
0.938 0.750 0.562 0.250 0.000 0.464 0.643 0.857 0.821 0.464 0.000 0.000 0.344 0.688 0.156 0.000 0.000 0.321 0.750 0.071 0.000 0.000 0.344 0.844 0.125 0.765 0.630 ו
0.786 0.821 0.571 0.429 0.071 0.438 0.625 0.812 0.906 0.469 0.000 0.000 0.393 0.786 0.071 0.000 0.000 0.250 0.812 0.125 0.000 0.000 0.250 0.893 0.357 0.758 0.611 ו
0.786 0.786 0.619 0.643 0.393 0.406 0.719 1.000 0.719 0.469 0.000 0.500 1.000 0.250 0.000 0.000 0.594 1.000 0.469 0.000 0.000 0.643 0.905 0.429 0.000 0.773 0.611 ז
0.714 0.679 0.571 0.571 0.357 0.438 0.812 1.000 0.688 0.500 0.000 0.536 1.000 0.250 0.000 0.000 0.531 1.000 0.531 0.000 0.000 0.607 0.952 0.357 0.000 0.773 0.611 ז
0.893 0.810 0.536 0.571 0.464 0.500 0.875 0.906 0.792 0.531 0.000 0.667 0.857 0.190 0.000 0.000 0.667 0.938 0.625 0.000 0.000 0.667 0.857 0.429 0.000 0.788 0.611 ז
0.750 0.792 0.656 0.583 0.219 0.571 0.714 0.679 1.000 0.536 0.000 0.000 0.250 1.000 0.438 0.000 0.000 0.214 0.952 0.500 0.000 0.000 0.250 1.000 0.688 0.794 0.630 ו
0.857 0.857 0.619 0.571 0.286 0.375 0.625 0.667 0.875 0.583 0.000 0.000 0.000 0.679 0.571 0.000 0.000 0.000 0.719 0.625 0.000 0.000 0.000 0.679 0.571 0.803 0.623 ו
0.906 0.750 0.531 0.438 0.062 0.438 0.562 0.812 0.969 0.594 0.000 0.000 0.429 0.750 0.464 0.000 0.000 0.438 0.844 0.656 0.000 0.000 0.469 0.875 0.312 0.771 0.614 ו
0.714 0.679 0.571 0.464 0.143 0.417 0.625 0.583 0.844 0.625 0.000 0.000 0.000 0.536 0.429 0.000 0.000 0.000 0.500 0.625 0.000 0.000 0.000 0.500 0.714 0.803 0.611 ו
0.750 0.905 0.571 0.429 0.393 0.107 0.333 0.679 0.905 0.643 0.000 0.000 0.000 0.542 0.594 0.000 0.000 0.000 0.429 0.750 0.000 0.000 0.000 0.524 0.750 0.781 0.604 ו
0.688 0.917 0.625 0.625 0.312 0.321 0.667 0.714 0.905 0.679 0.000 0.000 0.000 0.667 0.688 0.071 0.000 0.000 0.667 0.750 0.062 0.000 0.000 0.667 0.656 0.794 0.630 ו
0.952 0.667 0.571 0.524 0.238 0.542 0.625 0.656 0.792 0.708 0.000 0.000 0.179 0.905 0.667 0.000 0.000 0.219 0.958 0.708 0.000 0.000 0.179 0.905 0.667 0.818 0.623 ו
1.000 0.810 0.571 0.333 0.095 0.542 0.542 0.625 0.958 0.708 0.000 0.000 0.250 0.952 0.571 0.000 0.000 0.156 0.750 0.542 0.000 0.000 0.000 0.619 0.524 0.818 0.623 ו
0.952 0.905 0.679 0.619 0.381 0.429 0.476 0.500 0.810 0.714 0.000 0.000 0.000 0.625 0.667 0.000 0.000 0.000 0.571 0.714 0.000 0.000 0.000 0.619 0.810 0.812 0.593 ו
0.714 0.714 0.786 0.667 0.357 0.438 0.667 0.750 0.917 0.781 0.000 0.000 0.071 0.762 0.500 0.000 0.000 0.125 0.833 0.531 0.000 0.000 0.143 0.857 0.679 0.788 0.600 ו
0.958 0.875 0.688 0.500 0.292 0.571 0.619 0.714 1.000 0.810 0.000 0.000 0.312 0.917 0.583 0.000 0.000 0.286 0.905 0.667 0.000 0.000 0.219 0.917 0.750 0.824 0.618 ו
0.857 0.893 0.762 0.679 0.524 0.190 0.429 0.619 0.893 0.810 0.000 0.000 0.000 0.500 0.762 0.000 0.000 0.000 0.429 0.762 0.000 0.000 0.000 0.464 0.619 0.790 0.585 ו
0.875 0.833 0.656 0.750 0.458 0.381 0.571 0.714 0.952 0.857 0.000 0.000 0.031 0.708 0.792 0.000 0.000 0.321 1.000 0.952 0.000 0.000 0.219 0.792 0.750 0.824 0.618 ו
0.917 0.667 0.625 0.583 0.458 0.476 0.571 0.643 0.857 0.857 0.000 0.000 0.000 0.583 0.792 0.000 0.000 0.000 0.667 0.905 0.000 0.000 0.000 0.542 0.917 0.824 0.630 ו
0.750 0.812 0.583 0.594 0.417 0.286 0.607 0.714 0.857 0.905 0.000 0.000 0.000 0.625 0.792 0.000 0.000 0.000 0.571 0.905 0.000 0.000 0.000 0.594 0.750 0.809 0.618 ו
0.917 0.917 0.781 0.667 0.458 0.476 0.571 0.714 0.905 0.952 0.000 0.000 0.125 0.750 0.625 0.000 0.000 0.000 0.571 0.762 0.000 0.000 0.156 0.833 0.708 0.824 0.630 ו
0.708 0.833 0.562 0.458 0.458 0.238 0.524 0.607 0.905 1.000 0.000 0.000 0.000 0.667 0.917 0.000 0.000 0.000 0.667 1.000 0.000 0.000 0.000 0.667 0.958 0.824 0.618 ו
0.952 0.762 0.679 0.619 0.429 0.429 0.571 0.643 0.810 1.000 0.000 0.000 0.000 0.542 0.958 0.000 0.000 0.000 0.667 1.000 0.000 0.000 0.000 0.381 0.952 0.812 0.593 ו
0.958 0.875 0.562 0.458 0.417 0.333 0.476 0.786 0.952 1.000 0.000 0.000 0.031 0.708 0.792 0.000 0.000 0.000 0.667 0.905 0.000 0.000 0.000 0.583 0.875 0.824 0.576 ו
0.812 0.708 0.714 0.667 0.104 0.458 0.562 0.625 0.812 0.792 0.000 0.000 0.000 0.452 0.905 0.000 0.000 0.000 0.562 0.854 0.000 0.000 0.000 0.583 0.354 0.614 0.636 ר
0.625 0.625 0.438 0.550 0.375 0.548 0.657 0.714 0.800 0.976 0.000 0.000 0.000 0.050 0.792 0.000 0.000 0.000 0.029 0.690 0.000 0.000 0.000 0.125 0.792 0.647 0.642 ר
0.750 0.729 0.600 0.750 0.450 0.400 0.500 0.543 0.667 0.914 0.000 0.000 0.000 0.146 0.900 0.000 0.000 0.000 0.167 0.886 0.000 0.000 0.000 0.208 0.750 0.662 0.642 ר
0.833 0.667 0.686 0.690 0.643 0.542 0.688 0.650 0.792 0.688 0.000 0.000 0.000 0.643 0.405 0.000 0.000 0.000 0.646 0.458 0.000 0.000 0.000 0.595 0.405 0.621 0.647 ד
0.768 0.729 0.679 0.521 0.125 0.357 0.542 0.518 0.854 0.500 0.000 0.000 0.000 0.595 0.735 0.000 0.000 0.000 0.646 0.857 0.000 0.000 0.000 0.708 0.393 0.586 0.648 ר
0.792 0.525 0.646 0.600 0.333 0.458 0.625 0.562 0.775 0.792 0.000 0.000 0.000 0.171 0.786 0.000 0.000 0.000 0.175 0.833 0.000 0.000 0.000 0.300 0.646 0.657 0.648 ר
0.679 0.589 0.583 0.571 0.125 0.464 0.804 0.750 0.893 0.696 0.000 0.000 0.000 0.536 0.750 0.000 0.000 0.000 0.536 0.821 0.000 0.000 0.000 0.518 0.339 0.583 0.655 ר
0.750 0.625 0.500 0.646 0.312 0.417 0.479 0.550 0.604 0.625 0.000 0.000 0.000 0.167 0.690 0.000 0.000 0.000 0.208 0.646 0.000 0.000 0.000 0.396 0.583 0.643 0.660 ר
0.792 0.562 0.643 0.542 0.042 0.479 0.625 0.607 0.896 0.542 0.000 0.000 0.000 0.667 0.833 0.000 0.000 0.000 0.625 0.896 0.000 0.000 0.000 0.583 0.375 0.614 0.660 ר
0.812 0.714 0.625 0.571 0.062 0.521 0.661 0.667 0.857 0.562 0.000 0.000 0.000 0.482 0.896 0.000 0.000 0.000 0.500 0.917 0.000 0.000 0.000 0.554 0.417 0.611 0.632 ר
0.714 0.595 0.571 0.571 0.524 0.417 0.708 0.600 0.750 0.771 0.000 0.000 0.000 0.524 0.452 0.042 0.000 0.000 0.562 0.521 0.024 0.000 0.000 0.595 0.476 0.621 0.647 ד
0.089 0.821 0.688 0.714 0.250 0.339 0.464 0.625 0.732 0.839 0.306 0.000 0.000 0.265 0.939 0.054 0.000 0.000 0.268 0.964 0.000 0.000 0.000 0.321 0.625 0.543 0.636 ר
0.667 0.708 0.696 0.521 0.292 0.333 0.750 0.750 0.896 0.875 0.000 0.000 0.000 0.354 0.729 0.083 0.000 0.000 0.333 0.667 0.000 0.000 0.000 0.458 0.521 0.625 0.655 ר
0.771 0.625 0.625 0.518 0.146 0.688 0.714 0.750 0.893 0.708 0.000 0.000 0.000 0.612 0.833 0.000 0.000 0.000 0.625 0.833 0.000 0.000 0.000 0.696 0.479 0.600 0.636 ר
0.729 0.575 0.479 0.425 0.104 0.562 0.825 0.833 0.875 0.583 0.000 0.000 0.000 0.225 0.771 0.292 0.375 0.375 0.575 0.646 0.792 0.825 0.812 0.700 0.250 0.667 0.667 כ
0.750 0.500 0.550 0.542 0.150 0.371 0.571 0.514 0.738 0.629 0.000 0.000 0.000 0.292 0.550 0.229 0.238 0.286 0.476 0.514 0.800 0.896 0.825 0.833 0.875 0.662 0.642 ב
0.900 0.688 0.650 0.625 0.250 0.486 0.595 0.543 0.738 0.543 0.000 0.000 0.000 0.438 0.500 0.400 0.405 0.371 0.619 0.400 0.825 0.875 0.825 0.792 0.750 0.662 0.642 ב
0.771 0.604 0.729 0.646 0.146 0.381 0.690 0.595 0.833 0.381 0.000 0.000 0.000 0.479 0.333 0.238 0.310 0.310 0.619 0.429 0.750 0.875 0.833 0.875 0.667 0.618 0.642 ב
0.850 0.646 0.700 0.542 0.100 0.550 0.771 0.750 0.833 0.650 0.000 0.000 0.000 0.262 0.829 0.250 0.417 0.350 0.542 0.775 0.825 0.875 0.850 0.792 0.300 0.671 0.636 כ
0.667 0.417 0.300 0.792 0.438 0.583 0.854 0.400 0.833 0.667 0.000 0.604 0.875 0.604 0.000 0.208 0.333 0.775 0.938 0.521 0.688 0.875 0.850 0.854 0.458 0.653 0.655 צ
0.469 0.609 0.625 0.578 0.734 0.321 0.661 0.540 0.429 0.804 0.312 0.422 0.361 0.125 0.469 0.268 0.518 0.540 0.554 0.143 0.203 0.656 0.889 0.625 0.000 0.459 0.654 ש
0.732 0.453 0.750 0.469 0.607 0.571 0.536 0.755 0.411 0.878 0.482 0.250 0.446 0.172 0.446 0.388 0.625 0.306 0.589 0.082 0.268 0.969 0.893 0.562 0.000 0.515 0.642 ש
0.708 0.500 0.500 0.458 0.271 0.458 0.625 0.600 0.792 0.625 0.000 0.000 0.000 0.357 0.571 0.188 0.188 0.250 0.500 0.604 0.688 0.938 0.900 0.938 0.833 0.643 0.648 ב
0.854 0.562 0.375 0.812 0.479 0.500 0.833 0.479 0.812 0.562 0.000 0.476 0.881 0.548 0.000 0.083 0.312 0.792 0.896 0.375 0.562 0.938 0.917 0.917 0.479 0.629 0.636 צ
0.589 0.250 0.516 0.357 0.375 0.554 0.500 0.766 0.375 0.839 0.347 0.102 0.304 0.102 0.306 0.321 0.446 0.344 0.464 0.071 0.268 0.964 0.953 0.464 0.000 0.543 0.648 ש
0.667 0.646 0.446 0.750 0.479 0.458 0.771 0.625 0.875 0.583 0.000 0.333 0.878 0.405 0.000 0.042 0.250 0.643 0.875 0.333 0.479 0.958 0.964 0.958 0.521 0.614 0.648 צ
0.750 0.604 0.550 0.458 0.125 0.600 0.833 0.829 0.881 0.657 0.000 0.021 0.025 0.167 0.750 0.200 0.214 0.171 0.405 0.857 0.850 0.958 0.975 0.875 0.425 0.662 0.642 כ
0.667 0.583 0.625 0.604 0.271 0.357 0.595 0.543 0.762 0.595 0.000 0.000 0.000 0.375 0.604 0.214 0.310 0.343 0.619 0.571 0.771 0.854 0.825 0.854 0.854 0.632 0.642 ב
0.521 0.661 0.625 0.536 0.271 0.271 0.893 0.625 0.750 0.771 0.250 0.554 0.000 0.143 0.812 0.604 0.696 0.000 0.143 0.854 0.729 0.661 0.000 0.107 0.646 0.611 0.655 ת
0.625 0.667 0.583 0.625 0.479 0.381 0.643 0.690 0.714 0.643 0.396 0.271 0.000 0.417 0.521 0.786 0.238 0.000 0.500 0.571 0.771 0.167 0.000 0.417 0.479 0.618 0.642 ה
0.583 0.625 0.625 0.575 0.583 0.396 0.600 0.583 0.525 0.688 0.452 0.400 0.000 0.143 0.714 0.875 0.350 0.000 0.150 0.917 0.750 0.175 0.000 0.225 0.771 0.657 0.660 ה
0.854 0.604 0.708 0.667 0.583 0.771 0.750 0.625 0.812 0.729 0.857 0.190 0.000 0.595 0.476 0.917 0.188 0.000 0.562 0.625 0.750 0.146 0.000 0.479 0.479 0.629 0.686 ח
0.667 0.771 0.729 0.708 0.625 0.262 0.571 0.524 0.714 0.619 0.333 0.354 0.000 0.438 0.542 0.929 0.357 0.000 0.452 0.667 0.958 0.229 0.000 0.458 0.542 0.618 0.667 ה
0.771 0.583 0.604 0.667 0.479 0.476 0.667 0.643 0.738 0.548 0.354 0.250 0.000 0.542 0.292 0.952 0.214 0.000 0.595 0.357 0.854 0.083 0.000 0.542 0.312 0.618 0.667 ה
0.771 0.562 0.600 0.562 0.521 0.405 0.690 0.657 0.738 0.643 0.479 0.271 0.000 0.417 0.542 0.952 0.143 0.000 0.405 0.619 0.625 0.042 0.000 0.438 0.479 0.632 0.642 ה
0.750 0.600 0.604 0.625 0.521 0.762 0.743 0.548 0.657 0.810 0.896 0.200 0.000 0.400 0.562 0.976 0.200 0.000 0.400 0.619 0.750 0.100 0.000 0.400 0.646 0.647 0.642 ח
0.875 0.688 0.725 0.708 0.604 0.417 0.604 0.500 0.667 0.646 0.381 0.286 0.000 0.571 0.500 0.979 0.229 0.000 0.604 0.542 0.833 0.125 0.000 0.521 0.438 0.643 0.636 ה
0.542 0.771 0.714 0.708 0.479 0.262 0.952 0.714 0.738 0.905 0.271 0.667 0.018 0.000 0.792 0.524 0.738 0.020 0.000 0.810 0.792 0.792 0.054 0.000 0.688 0.603 0.667 ת
0.792 0.333 0.200 0.771 0.625 0.571 0.929 0.486 0.667 0.619 0.500 0.646 0.950 0.875 0.146 0.786 0.595 0.314 0.881 0.619 0.646 0.771 0.100 0.208 0.792 0.632 0.642 א
0.771 0.375 0.250 0.792 0.396 0.667 0.905 0.476 0.786 0.690 0.500 0.771 0.875 0.771 0.042 0.786 0.571 0.452 0.929 0.381 0.750 0.854 0.104 0.396 0.750 0.618 0.642 א
0.646 0.292 0.229 0.625 0.396 0.583 0.917 0.438 0.792 0.667 0.396 0.729 0.938 0.792 0.042 0.812 0.583 0.396 0.896 0.521 0.646 0.833 0.188 0.333 0.708 0.639 0.667 א
0.667 0.438 0.286 0.771 0.396 0.479 0.917 0.518 0.812 0.583 0.333 0.738 0.857 0.762 0.000 0.854 0.708 0.464 0.917 0.396 0.875 0.875 0.196 0.438 0.833 0.614 0.648 א
0.625 0.542 0.536 0.458 0.292 0.708 0.833 0.696 0.833 0.792 0.738 0.214 0.000 0.119 0.786 0.667 0.396 0.304 0.438 0.771 0.542 0.854 0.804 0.875 0.729 0.614 0.660 ם
0.854 0.646 0.688 0.646 0.396 0.750 0.646 0.583 0.667 0.812 0.810 0.048 0.000 0.095 0.762 0.896 0.312 0.292 0.333 0.750 0.812 0.792 0.812 0.854 0.646 0.629 0.636 ם
0.800 0.354 0.325 0.708 0.325 0.914 0.643 0.743 0.762 0.943 0.800 0.062 0.050 0.167 0.925 0.943 0.381 0.314 0.476 0.686 0.750 0.875 0.825 0.854 0.325 0.662 0.642 ט
0.550 0.688 0.550 0.583 0.275 0.600 0.729 0.700 0.625 0.750 0.714 0.833 0.314 0.000 0.714 0.525 0.729 0.475 0.500 0.775 0.800 0.833 0.825 0.854 0.425 0.671 0.636 פֿ
0.604 0.650 0.500 0.575 0.229 0.708 0.750 0.646 0.800 0.708 0.875 0.825 0.438 0.625 0.771 0.646 0.725 0.458 0.475 0.688 0.750 0.775 0.854 0.800 0.333 0.667 0.655 פּ
0.667 0.400 0.292 0.625 0.188 0.548 0.914 0.738 0.829 0.690 0.417 0.425 0.021 0.050 0.583 0.548 0.114 0.357 0.400 0.500 0.417 0.575 0.854 0.850 0.542 0.647 0.642 מ
0.771 0.667 0.550 0.562 0.375 0.833 0.792 0.725 0.729 0.938 0.738 0.048 0.000 0.000 0.690 0.812 0.250 0.250 0.250 0.792 0.854 0.833 0.875 0.833 0.917 0.643 0.636 ם
0.875 0.464 0.333 0.482 0.021 0.688 0.875 0.708 0.911 0.479 0.452 0.490 0.000 0.347 0.714 0.604 0.232 0.375 0.464 0.521 0.521 0.464 0.875 0.821 0.250 0.600 0.636 מ
0.479 0.675 0.521 0.600 0.333 0.479 0.725 0.625 0.625 0.729 0.619 0.886 0.381 0.000 0.524 0.417 0.525 0.375 0.275 0.562 0.708 0.800 0.875 0.925 0.438 0.657 0.636 פֿ
0.696 0.417 0.429 0.479 0.036 0.592 0.905 0.776 0.929 0.388 0.518 0.438 0.036 0.354 0.625 0.612 0.095 0.184 0.333 0.510 0.518 0.542 0.929 0.958 0.321 0.574 0.667 מ
0.646 0.525 0.208 0.550 0.229 0.476 0.943 0.833 0.971 0.810 0.250 0.650 0.167 0.125 0.625 0.524 0.143 0.214 0.200 0.500 0.479 0.350 0.958 0.975 0.833 0.647 0.654 מ
0.750 0.771 0.708 0.688 0.312 0.929 0.810 0.714 0.690 0.833 0.812 0.104 0.000 0.167 0.750 0.786 0.333 0.310 0.405 0.738 0.979 0.938 0.979 0.979 0.792 0.618 0.667 ם
0.656 0.411 0.719 0.446 0.594 0.589 0.429 0.679 0.347 0.750 0.375 0.107 0.359 0.196 0.422 0.411 0.551 0.393 0.653 0.089 0.312 0.857 0.875 0.500 0.000 0.500 0.642 ש
0.614 0.714 0.750 0.771 0.086 0.000 0.000 0.000 0.643 0.243 0.000 0.000 0.000 0.443 0.529 0.000 0.000 0.000 0.243 0.771 0.000 0.000 0.000 0.043 0.743 0.652 0.780 ר
0.833 0.750 0.708 0.725 0.375 0.571 0.686 0.714 0.857 0.929 0.000 0.000 0.000 0.225 0.896 0.000 0.000 0.000 0.257 0.881 0.000 0.000 0.000 0.300 0.771 0.647 0.791 ר
0.625 0.542 0.625 0.500 0.196 0.518 0.708 0.679 0.917 0.482 0.000 0.000 0.000 0.396 0.964 0.000 0.000 0.000 0.354 0.982 0.000 0.000 0.000 0.479 0.554 0.597 0.706 ר
0.624 0.337 0.316 0.731 0.197 0.269 0.823 0.519 0.604 0.306 0.521 0.202 0.453 0.817 0.137 0.352 0.708 0.278 0.260 0.602 0.000 0.019 0.350 0.538 0.094 0.669 1.000 אָ
0.712 0.762 0.844 0.863 0.750 0.162 0.725 0.100 0.575 0.438 0.000 0.750 0.081 0.352 0.557 0.000 0.575 0.256 0.175 0.775 0.000 0.325 0.356 0.013 0.712 0.606 0.797 ח
0.729 0.333 0.208 0.417 0.083 0.688 0.875 0.750 0.896 0.542 0.396 0.479 0.042 0.167 0.792 0.646 0.167 0.375 0.312 0.562 0.500 0.479 0.854 0.833 0.500 0.639 0.766 מ
0.667 0.562 0.150 0.750 0.500 0.407 0.648 0.067 0.444 0.519 0.104 0.646 0.350 0.583 0.167 0.130 0.389 0.800 0.796 0.093 0.604 0.625 0.375 0.125 0.000 0.671 0.717 ע
0.148 0.611 0.683 0.722 0.259 0.667 0.685 0.000 0.648 0.759 0.400 0.767 0.443 0.883 0.333 0.815 0.556 0.000 0.500 0.870 0.333 0.648 0.349 0.556 0.556 0.679 0.764 8
0.741 0.704 0.389 0.796 0.593 0.229 0.771 0.250 0.521 0.688 0.019 0.630 0.426 0.500 0.296 0.042 0.250 0.750 0.854 0.167 0.556 0.704 0.556 0.278 0.000 0.667 0.709 ע
0.815 0.574 0.407 0.833 0.481 0.444 0.741 0.241 0.593 0.593 0.125 0.729 0.354 0.688 0.208 0.093 0.352 0.796 0.778 0.037 0.574 0.741 0.426 0.185 0.000 0.675 0.755 ע
0.771 0.625 0.525 0.875 0.625 0.407 0.815 0.267 0.593 0.722 0.062 0.750 0.475 0.542 0.333 0.111 0.444 0.911 0.833 0.259 0.688 0.750 0.550 0.292 0.000 0.671 0.884 ע
0.759 0.574 0.244 0.722 0.537 0.521 0.625 0.175 0.417 0.708 0.167 0.685 0.356 0.556 0.204 0.021 0.333 0.850 0.833 0.146 0.630 0.796 0.511 0.315 0.000 0.679 0.736 ע
0.429 0.688 0.589 0.562 0.393 0.286 0.938 0.643 0.646 0.804 0.179 0.667 0.000 0.000 0.625 0.500 0.875 0.107 0.000 0.714 0.696 0.812 0.179 0.000 0.607 0.597 0.750 ת
0.833 0.688 0.500 0.562 0.250 0.729 0.833 0.750 0.875 0.812 0.738 0.286 0.000 0.119 0.810 0.812 0.521 0.225 0.500 0.812 0.396 0.812 0.925 0.833 0.333 0.643 0.795 ס
0.750 0.646 0.625 0.750 0.475 0.457 0.667 0.657 0.738 0.971 0.000 0.000 0.000 0.000 0.750 0.000 0.000 0.000 0.000 0.743 0.000 0.000 0.000 0.104 0.850 0.662 0.739 ר
0.148 0.352 0.259 0.611 0.259 0.688 0.417 0.000 0.479 0.750 0.870 0.426 0.000 0.500 0.889 0.688 0.417 0.000 0.458 0.688 0.185 0.463 0.278 0.500 0.278 0.667 0.830 0
0.688 0.500 0.458 0.500 0.229 0.583 0.725 0.771 0.875 0.729 0.000 0.000 0.000 0.375 0.625 0.312 0.375 0.375 0.575 0.604 0.812 0.825 0.875 0.825 0.750 0.667 0.766 ב
0.339 0.729 0.643 0.583 0.411 0.143 0.854 0.643 0.625 0.857 0.143 0.810 0.000 0.000 0.755 0.411 0.896 0.125 0.000 0.714 0.714 0.854 0.214 0.021 0.714 0.586 0.729 ת
0.500 0.732 0.625 0.571 0.396 0.333 0.893 0.729 0.786 0.958 0.262 0.673 0.000 0.143 0.952 0.542 0.786 0.062 0.143 0.958 0.812 0.857 0.083 0.125 0.896 0.600 0.946 ת
0.756 0.850 0.800 0.820 0.122 0.211 0.610 0.078 0.400 0.378 0.044 0.640 0.000 0.220 0.578 0.022 0.590 0.011 0.040 0.667 0.344 0.890 0.156 0.000 0.656 0.533 0.780 ת
0.896 0.646 0.729 0.688 0.438 0.762 0.810 0.667 0.786 0.929 0.792 0.167 0.000 0.062 0.833 0.857 0.500 0.405 0.381 0.905 0.750 0.896 0.854 0.896 0.917 0.618 0.791 ם
0.750 0.729 0.600 0.646 0.350 0.629 0.810 0.600 0.690 0.800 0.900 0.854 0.425 0.625 0.850 0.629 0.643 0.429 0.738 0.743 0.775 0.896 0.875 0.833 0.450 0.662 0.791 פּ
0.900 0.750 0.708 0.725 0.300 0.371 0.629 0.548 0.657 0.857 0.000 0.000 0.000 0.075 0.825 0.257 0.286 0.262 0.429 0.857 0.800 0.900 0.750 0.775 0.425 0.676 0.773 כ
0.651 0.223 0.630 0.182 0.558 0.514 0.421 0.812 0.368 0.810 0.279 0.277 0.091 0.221 0.141 0.519 0.382 0.246 0.490 0.000 0.550 0.903 0.882 0.157 0.000 0.495 0.814 ש
0.722 0.251 0.255 0.658 0.105 0.654 0.784 0.511 0.584 0.729 0.447 0.268 0.111 0.002 0.512 0.589 0.226 0.230 0.213 0.416 0.586 0.916 0.907 0.895 0.522 0.567 0.806 ט
0.625 0.771 0.750 0.646 0.450 0.543 0.786 0.629 0.762 0.914 0.675 0.792 0.300 0.021 0.775 0.514 0.500 0.286 0.190 0.743 0.750 0.979 0.925 0.958 0.550 0.662 0.723 פֿ
0.825 0.562 0.575 0.521 0.200 0.600 0.762 0.686 0.929 0.714 0.000 0.000 0.000 0.229 0.875 0.229 0.357 0.371 0.571 0.829 0.925 0.979 0.975 0.875 0.325 0.662 0.791 כ
0.771 0.375 0.188 0.583 0.271 0.833 0.762 0.690 0.857 0.786 0.625 0.271 0.208 0.125 0.792 0.619 0.429 0.143 0.238 0.643 0.542 1.000 0.979 0.979 0.375 0.618 0.723 ט
0.463 0.815 0.778 0.852 0.611 0.229 0.000 0.042 0.667 0.167 0.000 0.000 0.537 0.426 0.000 0.000 0.271 0.854 0.083 0.000 0.000 0.370 0.907 0.130 0.000 0.667 0.750 7
0.407 0.714 0.333 0.746 0.519 0.375 0.589 0.208 0.393 0.521 0.333 0.444 0.574 0.444 0.185 0.000 0.125 0.646 0.786 0.021 0.259 0.825 0.574 0.254 0.000 0.641 0.736 ע
0.500 0.595 0.577 0.488 0.077 0.216 0.523 0.535 0.688 0.511 0.000 0.351 0.496 0.021 0.485 0.114 0.264 0.329 0.176 0.497 0.824 0.961 0.955 0.949 0.762 0.626 0.798 ב
0.889 0.367 0.575 0.578 0.544 0.656 0.033 0.688 0.022 0.633 0.654 0.074 0.625 0.123 0.642 0.478 0.356 0.538 0.267 0.711 0.133 0.744 0.875 0.778 0.611 0.556 0.763 ש
0.667 0.540 0.333 0.810 0.537 0.315 0.921 0.704 0.794 0.463 0.550 0.700 0.683 0.829 0.217 0.481 0.778 0.204 0.556 0.630 0.000 0.190 0.778 0.444 0.037 0.667 0.977 אָ
0.463 0.714 0.148 0.778 0.556 0.241 0.841 0.722 0.730 0.481 0.617 0.729 0.517 0.843 0.283 0.481 0.810 0.444 0.476 0.741 0.019 0.079 0.667 0.571 0.037 0.667 0.778 אָ
0.744 0.400 0.389 0.850 0.200 0.256 0.913 0.322 0.475 0.344 0.481 0.486 0.802 0.708 0.111 0.489 0.275 0.233 0.825 0.244 0.311 0.812 0.322 0.175 0.678 0.567 0.763 א
0.500 0.722 0.206 0.796 0.704 0.292 0.792 0.768 0.688 0.479 0.556 0.667 0.603 0.944 0.278 0.500 0.958 0.357 0.500 0.875 0.185 0.556 0.603 0.407 0.296 0.654 0.722 אַ
0.537 0.648 0.222 0.796 0.556 0.167 0.852 0.714 0.741 0.463 0.562 0.625 0.643 0.875 0.125 0.519 0.926 0.254 0.574 0.704 0.185 0.574 0.540 0.315 0.185 0.663 0.755 אַ
0.825 0.500 0.540 0.778 0.492 0.429 0.963 0.698 0.759 0.238 0.714 0.550 0.700 0.800 0.143 0.619 0.889 0.238 0.685 0.492 0.032 0.222 0.810 0.296 0.048 0.655 0.764 אָ
0.722 0.508 0.370 0.730 0.463 0.426 0.984 0.704 0.778 0.352 0.667 0.635 0.796 0.778 0.093 0.648 0.889 0.148 0.667 0.611 0.148 0.508 0.630 0.333 0.148 0.659 0.932 אַ
0.704 0.389 0.317 0.611 0.370 0.407 0.907 0.540 0.741 0.296 0.683 0.517 0.743 0.800 0.117 0.667 0.815 0.206 0.685 0.704 0.056 0.148 0.667 0.278 0.056 0.679 0.792 אָ
0.746 0.426 0.444 0.685 0.429 0.508 0.981 0.698 0.796 0.302 0.714 0.574 0.825 0.741 0.079 0.698 0.870 0.175 0.722 0.571 0.143 0.556 0.619 0.296 0.127 0.646 0.932 אַ
0.619 0.444 0.381 0.635 0.413 0.400 0.943 0.643 0.829 0.343 0.683 0.683 0.810 0.698 0.016 0.643 0.871 0.243 0.829 0.429 0.143 0.651 0.571 0.349 0.079 0.640 0.729 אַ
0.302 0.730 0.159 0.778 0.397 0.587 0.698 0.746 0.683 0.333 0.643 0.757 0.529 0.843 0.200 0.333 0.810 0.492 0.460 0.587 0.000 0.063 0.556 0.540 0.000 0.631 0.913 אָ
0.426 0.635 0.093 0.683 0.574 0.148 0.841 0.722 0.746 0.519 0.463 0.667 0.667 0.905 0.185 0.500 0.952 0.315 0.571 0.778 0.167 0.603 0.611 0.349 0.204 0.659 0.719 אַ
0.704 0.463 0.204 0.722 0.537 0.426 0.963 0.648 0.741 0.481 0.625 0.542 0.771 0.875 0.125 0.704 0.870 0.185 0.611 0.741 0.278 0.574 0.426 0.389 0.222 0.675 0.741 אַ
0.741 0.444 0.352 0.683 0.407 0.389 0.889 0.519 0.778 0.352 0.556 0.635 0.815 0.730 0.037 0.704 0.778 0.185 0.730 0.426 0.259 0.571 0.481 0.302 0.148 0.659 0.745 אַ
0.778 0.593 0.204 0.833 0.611 0.444 0.963 0.741 0.833 0.519 0.708 0.604 0.750 0.896 0.229 0.704 0.889 0.185 0.593 0.852 0.222 0.685 0.611 0.444 0.204 0.675 0.930 אַ
0.611 0.315 0.000 0.722 0.556 0.354 0.854 0.425 0.583 0.521 0.593 0.519 0.733 0.907 0.241 0.708 0.771 0.100 0.542 0.812 0.278 0.537 0.400 0.352 0.185 0.679 0.736 אַ
0.796 0.500 0.204 0.796 0.574 0.354 0.958 0.646 0.688 0.396 0.667 0.556 0.704 0.870 0.148 0.708 0.896 0.146 0.625 0.750 0.222 0.630 0.556 0.389 0.185 0.667 0.736 אַ
0.759 0.463 0.381 0.815 0.444 0.444 0.963 0.603 0.759 0.370 0.685 0.648 0.825 0.759 0.056 0.741 0.852 0.190 0.704 0.593 0.111 0.556 0.508 0.241 0.074 0.671 0.745 אַ
0.611 0.463 0.349 0.704 0.500 0.370 0.926 0.635 0.759 0.333 0.648 0.537 0.683 0.759 0.111 0.741 0.926 0.143 0.556 0.611 0.093 0.241 0.714 0.333 0.074 0.671 0.774 אָ
0.556 0.413 0.127 0.778 0.444 0.857 0.964 0.625 0.982 0.875 0.619 0.968 1.000 0.937 0.413 0.768 0.732 0.571 0.911 0.750 0.619 0.714 0.111 0.397 0.508 0.603 1.000 א
0.762 0.370 0.476 0.593 0.492 0.540 0.926 0.698 0.815 0.254 0.810 0.611 0.857 0.759 0.079 0.810 0.852 0.286 0.833 0.492 0.286 0.741 0.635 0.426 0.159 0.646 0.774 אַ
0.778 0.333 0.296 0.741 0.444 0.556 0.926 0.500 0.796 0.481 0.771 0.625 0.917 0.750 0.042 0.833 0.722 0.222 0.796 0.611 0.389 0.685 0.426 0.389 0.278 0.675 0.741 אַ
0.870 0.389 0.333 0.741 0.630 0.458 0.917 0.646 0.688 0.333 0.759 0.500 0.722 0.815 0.111 0.854 0.750 0.083 0.583 0.604 0.278 0.648 0.519 0.259 0.185 0.667 0.736 אַ
0.875 0.438 0.292 0.792 0.521 0.595 0.952 0.500 0.833 0.571 0.500 0.667 0.854 0.729 0.000 0.881 0.452 0.381 0.857 0.381 0.708 0.729 0.021 0.396 0.667 0.618 0.773 א
0.833 0.250 0.200 0.771 0.542 0.690 0.881 0.429 0.738 0.690 0.542 0.688 0.900 0.854 0.125 1.000 0.429 0.429 0.929 0.476 0.833 0.771 0.025 0.312 0.771 0.632 0.791 א
0.833 0.429 0.481 0.746 0.352 0.567 0.943 0.717 0.771 0.217 0.796 0.587 0.741 0.762 0.130 0.717 0.743 0.250 0.714 0.483 0.000 0.254 0.833 0.286 0.019 0.674 0.811 אָ
0.648 0.711 0.667 0.622 0.444 0.333 0.289 0.296 0.400 0.722 0.685 0.089 0.167 0.378 0.407 0.648 0.444 0.481 0.067 0.000 0.556 0.044 0.019 0.000 0.000 0.707 0.759 ק
0.778 0.533 0.333 0.778 0.537 0.593 0.711 0.222 0.489 0.704 0.229 0.750 0.292 0.525 0.354 0.074 0.356 0.759 0.867 0.222 0.759 0.778 0.537 0.244 0.000 0.700 0.727 ע
0.759 0.511 0.389 0.756 0.537 0.583 0.675 0.229 0.500 0.750 0.222 0.778 0.296 0.533 0.407 0.000 0.275 0.729 0.800 0.250 0.685 0.822 0.648 0.444 0.037 0.692 0.709 ע
0.594 0.781 0.625 0.562 0.156 0.312 0.594 0.719 0.969 0.531 0.000 0.000 0.107 0.714 0.107 0.000 0.000 0.031 0.781 0.406 0.000 0.000 0.125 0.781 0.344 0.771 0.673 ו
0.750 0.656 0.500 0.469 0.125 0.469 0.562 0.750 0.938 0.469 0.000 0.000 0.333 1.000 0.286 0.000 0.000 0.083 0.750 0.438 0.000 0.000 0.125 0.750 0.594 0.786 0.636 ו
0.250 0.875 0.725 0.562 0.188 0.062 0.406 0.575 0.906 0.531 0.000 0.000 0.171 0.964 0.286 0.312 0.312 0.450 0.938 0.469 0.781 0.875 0.875 0.906 0.594 0.757 0.648 נ
0.188 0.844 0.650 0.531 0.219 0.062 0.500 0.625 0.812 0.500 0.000 0.000 0.086 0.679 0.179 0.156 0.219 0.250 0.781 0.531 0.656 0.781 0.775 0.844 0.750 0.757 0.648 נ
0.906 0.750 0.562 0.458 0.312 0.344 0.500 0.750 0.958 0.656 0.000 0.000 0.179 0.905 0.500 0.000 0.000 0.188 0.917 0.562 0.000 0.000 0.156 0.833 0.656 0.800 0.648 ו
0.188 0.875 0.725 0.625 0.250 0.107 0.536 0.686 0.821 0.714 0.000 0.000 0.125 0.750 0.312 0.179 0.250 0.257 0.786 0.571 0.844 0.938 1.000 0.938 0.844 0.750 0.642 נ
0.781 0.750 0.531 0.500 0.156 0.536 0.714 0.821 1.000 0.679 0.000 0.000 0.156 0.833 0.438 0.000 0.000 0.000 0.667 0.571 0.000 0.000 0.000 0.667 0.656 0.794 0.642 ו
0.714 0.750 0.476 0.500 0.190 0.381 0.679 0.714 0.893 0.571 0.000 0.000 0.083 0.750 0.292 0.000 0.000 0.095 0.786 0.619 0.000 0.000 0.143 0.786 0.619 0.797 0.727 ו
0.360 0.783 0.820 0.467 0.000 0.000 0.000 0.360 0.883 0.100 0.000 0.000 0.222 0.963 0.378 0.000 0.217 0.700 0.933 0.620 0.660 0.717 0.380 0.317 0.860 0.744 0.763 ג
0.786 0.821 0.714 0.571 0.250 0.438 0.656 0.833 0.969 0.594 0.000 0.000 0.333 0.857 0.250 0.000 0.000 0.083 0.750 0.625 0.000 0.000 0.048 0.750 0.536 0.773 0.635 ו
0.720 0.840 0.860 0.460 0.000 0.000 0.000 0.520 0.880 0.120 0.000 0.000 0.222 0.867 0.400 0.000 0.020 0.020 0.720 0.640 0.080 0.700 0.740 0.860 0.780 0.767 0.763 נ
0.312 0.850 0.625 0.450 0.062 0.071 0.400 0.643 0.686 0.036 0.000 0.000 0.000 0.600 0.094 0.143 0.314 0.464 0.771 0.643 0.656 0.775 0.531 0.200 0.688 0.735 0.642 ג
0.531 0.875 0.667 0.594 0.469 0.219 0.531 0.625 0.812 0.875 0.000 0.000 0.000 0.607 0.571 0.031 0.000 0.000 0.594 0.656 0.000 0.000 0.000 0.656 0.719 0.786 0.729 ו
0.406 0.825 0.562 0.575 0.094 0.219 0.450 0.688 0.875 0.125 0.000 0.000 0.107 0.714 0.036 0.188 0.400 0.594 0.800 0.656 0.781 0.825 0.594 0.150 0.750 0.743 0.648 ג
0.796 0.759 0.756 0.667 0.463 0.767 0.650 0.380 0.567 0.700 0.778 0.704 0.133 0.204 0.630 0.033 0.000 0.000 0.333 0.683 0.000 0.000 0.000 0.315 0.704 0.709 0.754 ף
0.125 0.750 0.625 0.500 0.312 0.094 0.500 0.625 0.875 0.844 0.000 0.000 0.000 0.688 0.500 0.219 0.281 0.312 0.812 0.719 0.875 0.812 0.781 0.812 0.812 0.778 0.655 נ
0.312 0.675 0.469 0.450 0.062 0.281 0.550 0.750 0.925 0.344 0.000 0.000 0.125 0.800 0.188 0.156 0.350 0.656 0.825 0.750 0.656 0.875 0.625 0.200 0.781 0.750 0.655 ג
0.619 0.857 0.667 0.679 0.286 0.167 0.562 0.667 0.906 0.750 0.000 0.000 0.000 0.643 0.571 0.042 0.000 0.000 0.625 0.750 0.143 0.000 0.000 0.536 0.762 0.803 0.750 ו
0.857 0.857 0.679 0.667 0.286 0.375 0.625 0.719 0.958 0.750 0.000 0.000 0.143 0.857 0.571 0.000 0.000 0.125 0.833 0.750 0.000 0.000 0.036 0.714 0.762 0.818 0.750 ו
0.875 0.812 0.583 0.469 0.292 0.571 0.643 0.762 0.929 0.762 0.000 0.000 0.000 0.688 0.667 0.000 0.000 0.000 0.679 0.762 0.000 0.000 0.000 0.719 0.875 0.809 0.642 ו
0.722 0.759 0.644 0.611 0.426 0.800 0.733 0.580 0.650 0.850 0.722 0.685 0.156 0.148 0.722 0.017 0.000 0.000 0.200 0.767 0.000 0.000 0.000 0.204 0.722 0.709 0.741 ף
0.750 0.750 0.562 0.625 0.438 0.438 0.750 0.812 0.958 0.844 0.000 0.000 0.179 0.905 0.750 0.000 0.000 0.094 0.792 0.781 0.000 0.000 0.125 0.750 0.844 0.800 0.648 ו
0.958 0.625 0.375 0.344 0.083 0.708 0.844 0.917 0.938 0.500 0.000 0.000 0.333 0.944 0.407 0.000 0.000 0.292 0.938 0.792 0.000 0.000 0.292 0.844 0.708 0.824 0.649 ו
0.875 0.675 0.583 0.550 0.150 0.600 0.675 0.750 0.800 0.850 0.000 0.000 0.000 0.143 0.886 0.175 0.175 0.229 0.375 0.900 0.975 0.975 1.000 0.925 0.475 0.686 0.745 כ
0.952 0.667 0.536 0.476 0.190 0.625 0.750 0.844 0.917 0.583 0.000 0.000 0.107 0.810 0.810 0.000 0.000 0.000 0.583 1.000 0.000 0.000 0.000 0.619 0.952 0.818 0.647 ו
0.694 0.852 0.667 0.667 0.556 0.028 0.185 0.583 0.926 0.500 0.000 0.042 0.688 0.750 0.062 0.000 0.111 0.806 0.889 0.167 0.000 0.111 0.722 0.741 0.167 0.825 0.755 ן
0.630 0.861 0.704 0.778 0.704 0.000 0.111 0.481 0.861 0.407 0.000 0.219 0.833 0.750 0.042 0.000 0.194 0.815 0.861 0.185 0.000 0.194 0.815 0.639 0.074 0.837 0.755 ן
0.694 0.889 0.694 0.667 0.556 0.194 0.333 0.639 1.000 0.694 0.000 0.233 0.875 1.000 0.250 0.000 0.296 0.917 1.000 0.250 0.000 0.222 0.861 0.852 0.194 0.833 0.764 ן
0.889 0.852 0.694 0.630 0.528 0.250 0.333 0.667 0.926 0.639 0.000 0.167 0.875 0.933 0.200 0.000 0.259 0.944 0.926 0.194 0.000 0.222 0.917 0.741 0.083 0.833 0.764 ן
0.583 0.694 0.519 0.528 0.444 0.275 0.450 0.733 0.950 0.675 0.000 0.222 0.889 0.917 0.222 0.000 0.250 0.933 0.900 0.225 0.000 0.167 0.815 0.806 0.194 0.826 0.741 ן
0.944 0.815 0.583 0.630 0.444 0.194 0.370 0.722 0.963 0.583 0.000 0.267 0.900 0.700 0.025 0.000 0.333 0.972 0.778 0.083 0.000 0.370 0.917 0.852 0.167 0.833 0.764 ן
0.792 0.812 0.583 0.594 0.500 0.500 0.719 0.917 0.781 0.625 0.000 0.500 0.905 0.357 0.000 0.000 0.594 0.958 0.625 0.000 0.000 0.625 0.792 0.406 0.000 0.814 0.636 ז
0.812 0.917 0.719 0.708 0.562 0.464 0.714 0.929 0.857 0.679 0.000 0.250 0.906 0.625 0.000 0.000 0.286 0.964 0.667 0.000 0.000 0.458 0.875 0.500 0.000 0.794 0.667 ז
0.741 0.778 0.630 0.583 0.519 0.111 0.278 0.556 0.861 0.630 0.000 0.250 0.917 0.719 0.083 0.000 0.250 0.926 0.806 0.185 0.000 0.250 0.926 0.750 0.222 0.837 0.741 ן
0.852 0.750 0.667 0.639 0.481 0.185 0.361 0.556 0.861 0.556 0.000 0.278 0.926 0.694 0.000 0.000 0.333 0.926 0.694 0.000 0.000 0.333 0.926 0.583 0.037 0.841 0.759 ן
0.625 0.833 0.688 0.625 0.562 0.375 0.583 0.875 0.750 0.625 0.000 0.381 0.929 0.524 0.000 0.000 0.417 1.000 0.833 0.125 0.000 0.458 0.812 0.458 0.062 0.800 0.636 ז
0.378 0.689 0.978 0.400 0.000 0.000 0.175 0.925 0.375 0.000 0.000 0.178 0.933 0.356 0.000 0.000 0.150 0.950 0.350 0.000 0.067 0.356 0.867 0.578 0.422 0.731 0.750 1
0.812 0.958 0.781 0.708 0.500 0.464 0.714 0.893 0.857 0.679 0.000 0.583 0.938 0.500 0.000 0.000 0.667 0.964 0.667 0.000 0.000 0.667 0.875 0.500 0.000 0.794 0.723 ז
0.694 0.889 0.639 0.704 0.556 0.000 0.111 0.611 0.963 0.389 0.000 0.292 0.969 0.833 0.125 0.000 0.296 0.972 1.000 0.250 0.000 0.259 0.833 0.741 0.111 0.825 0.755 ן
0.533 0.800 0.907 0.311 0.000 0.000 0.378 0.981 0.400 0.000 0.000 0.400 0.979 0.375 0.000 0.000 0.311 0.944 0.311 0.000 0.111 0.400 0.944 0.644 0.422 0.725 0.727 1
0.889 0.833 0.815 0.722 0.815 0.074 0.250 0.667 1.000 0.630 0.000 0.250 1.000 1.000 0.333 0.000 0.250 1.000 0.917 0.333 0.000 0.222 0.926 0.750 0.185 0.841 0.745 ן
0.815 0.600 0.315 0.911 0.722 0.458 0.725 0.167 0.450 0.708 0.185 0.733 0.426 0.533 0.315 0.083 0.375 0.771 0.925 0.250 0.556 0.689 0.500 0.222 0.019 0.692 0.736 ע
0.704 0.578 0.333 0.756 0.519 0.463 0.622 0.167 0.333 0.667 0.146 0.750 0.438 0.600 0.375 0.148 0.400 0.815 0.889 0.278 0.759 0.711 0.463 0.222 0.000 0.700 0.755 ע
0.333 0.741 0.833 0.815 0.481 0.037 0.185 0.306 0.185 0.037 0.000 0.125 0.438 0.292 0.042 0.148 0.556 0.861 0.852 0.370 0.222 0.667 0.639 0.185 0.000 0.850 0.755 ;
0.525 0.800 0.550 0.225 0.000 0.275 0.625 0.825 0.450 0.000 0.000 0.000 0.486 0.486 0.000 0.150 0.275 0.650 0.875 0.175 0.800 0.925 0.375 0.650 0.475 0.700 0.636 ג
0.625 0.750 0.594 0.325 0.000 0.300 0.600 0.875 0.600 0.000 0.000 0.000 0.429 0.571 0.171 0.175 0.375 0.656 0.850 0.575 0.850 0.875 0.312 0.400 0.550 0.714 0.648 ג
0.741 0.444 0.222 0.722 0.444 0.517 0.933 0.617 0.750 0.550 0.667 0.611 0.722 0.907 0.222 0.717 0.883 0.200 0.533 0.750 0.167 0.259 0.704 0.444 0.037 0.698 0.741 אָ
0.722 0.333 0.259 0.722 0.444 0.519 0.926 0.500 0.778 0.500 0.704 0.556 0.833 0.852 0.111 0.796 0.852 0.222 0.667 0.759 0.259 0.704 0.667 0.352 0.222 0.683 0.745 אַ
0.852 0.444 0.133 0.815 0.648 0.481 0.963 0.711 0.759 0.500 0.833 0.375 0.725 0.875 0.250 0.796 0.833 0.156 0.519 0.870 0.204 0.556 0.600 0.519 0.204 0.688 0.741 אַ
0.796 0.333 0.200 0.833 0.556 0.574 0.926 0.600 0.741 0.519 0.854 0.458 0.825 0.917 0.188 0.833 0.741 0.111 0.611 0.741 0.370 0.722 0.489 0.333 0.241 0.688 0.741 אַ
0.815 0.352 0.178 0.833 0.556 0.556 0.926 0.511 0.667 0.556 0.778 0.556 0.822 0.870 0.130 0.870 0.722 0.111 0.574 0.759 0.222 0.611 0.533 0.333 0.130 0.695 0.745 אַ
0.796 0.289 0.296 0.822 0.556 0.630 0.933 0.556 0.756 0.481 0.792 0.400 0.812 0.875 0.146 0.889 0.733 0.130 0.644 0.778 0.370 0.644 0.407 0.378 0.204 0.700 0.741 אַ
0.773 0.630 0.640 0.604 0.266 0.289 0.469 0.473 0.520 0.779 0.000 0.000 0.000 0.000 0.617 0.000 0.000 0.000 0.000 0.619 0.000 0.000 0.000 0.000 0.562 0.683 0.806 ר
0.738 0.667 0.673 0.700 0.582 0.096 0.192 0.180 0.195 0.423 0.000 0.000 0.000 0.047 0.456 0.000 0.000 0.000 0.062 0.644 0.000 0.000 0.000 0.064 0.606 0.709 0.984 ך
0.778 0.630 0.622 0.630 0.422 0.422 0.352 0.333 0.333 0.756 0.820 0.200 0.240 0.483 0.400 0.800 0.611 0.533 0.074 0.000 0.867 0.259 0.044 0.000 0.000 0.726 0.778 ק
0.778 0.711 0.704 0.756 0.556 0.311 0.178 0.222 0.267 0.667 0.778 0.022 0.259 0.511 0.511 0.756 0.444 0.611 0.089 0.000 0.711 0.089 0.037 0.000 0.000 0.732 0.774 ק
0.667 0.630 0.578 0.630 0.533 0.356 0.426 0.422 0.444 0.844 0.840 0.150 0.200 0.483 0.620 0.800 0.463 0.644 0.111 0.000 0.867 0.315 0.133 0.000 0.000 0.726 0.778 ק
0.844 0.778 0.822 0.815 0.622 0.378 0.315 0.311 0.370 0.889 0.711 0.111 0.311 0.537 0.489 0.644 0.463 0.644 0.130 0.000 0.822 0.204 0.089 0.000 0.000 0.720 0.932 ק
0.867 0.796 0.733 0.759 0.600 0.378 0.426 0.444 0.444 0.889 0.820 0.233 0.240 0.583 0.600 0.800 0.630 0.600 0.148 0.000 0.911 0.278 0.044 0.000 0.000 0.726 0.778 ק
0.759 0.622 0.611 0.622 0.407 0.383 0.340 0.400 0.420 0.783 0.648 0.067 0.204 0.489 0.444 0.650 0.480 0.650 0.180 0.000 0.630 0.133 0.056 0.000 0.000 0.721 0.782 ק
0.741 0.689 0.667 0.667 0.593 0.741 0.711 0.407 0.489 0.889 0.600 0.560 0.233 0.160 0.800 0.000 0.000 0.000 0.200 0.926 0.000 0.000 0.000 0.178 0.907 0.714 0.955 ף
0.562 0.667 0.531 0.500 0.344 0.286 0.619 0.643 0.762 0.964 0.000 0.000 0.000 0.333 0.781 0.000 0.000 0.000 0.333 0.821 0.000 0.000 0.000 0.333 0.938 0.794 0.791 ו
0.704 0.756 0.704 0.689 0.704 0.200 0.380 0.383 0.640 0.767 0.000 0.000 0.000 0.400 0.630 0.000 0.000 0.000 0.340 0.633 0.000 0.000 0.000 0.378 0.574 0.721 0.768 ך
0.580 0.560 0.000 0.000 0.000 0.680 0.640 0.467 0.480 0.440 0.378 0.489 0.463 0.578 0.889 0.000 0.000 0.150 0.340 0.420 0.000 0.180 0.633 0.020 0.000 0.756 0.833 ל
0.792 0.812 0.625 0.562 0.375 0.333 0.464 0.714 0.929 0.905 0.000 0.000 0.042 0.625 0.708 0.000 0.000 0.000 0.500 0.762 0.000 0.000 0.000 0.500 0.792 0.809 0.773 ו
0.433 0.767 0.629 0.650 0.333 0.519 0.741 0.413 0.611 0.667 0.550 0.667 0.300 0.450 0.650 0.000 0.000 0.000 0.500 0.778 0.000 0.000 0.000 0.483 0.717 0.693 0.846 ף
0.426 0.741 0.711 0.741 0.296 0.574 0.389 0.178 0.167 0.000 0.241 0.352 0.311 0.815 0.556 0.481 0.148 0.000 0.500 0.815 0.574 0.537 0.311 0.648 0.278 0.695 1.000 5
0.756 0.722 0.689 0.685 0.600 0.222 0.407 0.378 0.722 0.578 0.000 0.000 0.000 0.500 0.380 0.000 0.000 0.000 0.500 0.400 0.000 0.000 0.000 0.519 0.489 0.726 0.778 ך
0.204 0.352 0.467 0.630 0.315 0.537 0.444 0.000 0.500 0.944 0.042 0.062 0.200 0.792 0.396 0.037 0.333 0.489 0.222 0.278 0.574 0.852 0.578 0.667 0.815 0.688 0.851 2
0.840 0.800 0.760 0.767 0.720 0.200 0.333 0.311 0.722 0.733 0.000 0.000 0.000 0.550 0.600 0.000 0.000 0.000 0.611 0.600 0.000 0.000 0.000 0.550 0.460 0.739 0.863 ך
0.188 0.844 0.688 0.594 0.344 0.062 0.500 0.562 0.781 0.688 0.000 0.000 0.000 0.714 0.429 0.219 0.219 0.250 0.750 0.656 0.812 0.844 0.750 0.812 0.844 0.771 0.795 נ
0.708 0.597 0.111 0.692 0.441 0.266 0.649 0.187 0.303 0.678 0.029 0.683 0.084 0.301 0.276 0.033 0.366 0.736 0.815 0.017 0.502 0.769 0.450 0.104 0.000 0.684 0.992 ע
0.708 0.844 0.583 0.688 0.417 0.238 0.679 0.762 0.964 0.714 0.000 0.000 0.000 0.750 0.625 0.000 0.000 0.095 0.821 0.905 0.000 0.000 0.125 0.781 0.792 0.809 0.773 ו
0.296 0.815 0.926 0.778 0.481 0.074 0.296 0.444 0.296 0.111 0.037 0.296 0.370 0.222 0.111 0.185 0.593 0.852 0.926 0.667 0.296 0.741 0.741 0.444 0.111 0.866 0.872 ;
0.438 0.875 0.525 0.406 0.062 0.250 0.643 0.800 0.821 0.143 0.000 0.000 0.225 0.812 0.094 0.071 0.143 0.429 0.929 0.607 0.812 1.000 0.575 0.406 0.875 0.750 0.773 ג
0.844 0.850 0.719 0.375 0.000 0.250 0.600 0.643 0.571 0.000 0.000 0.000 0.219 0.675 0.031 0.107 0.343 0.643 0.943 0.500 0.844 0.900 0.469 0.325 0.719 0.735 0.773 ג
0.625 0.812 0.600 0.438 0.050 0.314 0.714 0.857 0.821 0.114 0.000 0.000 0.325 0.781 0.100 0.143 0.393 0.686 0.964 0.657 0.825 1.000 0.525 0.312 0.800 0.721 0.791 ג
0.810 0.748 0.560 0.408 0.184 0.312 0.584 0.744 0.942 0.630 0.000 0.000 0.131 0.946 0.116 0.000 0.000 0.188 1.000 0.487 0.000 0.000 0.214 0.898 0.415 0.845 0.798 ו
0.333 0.333 0.311 0.800 0.600 0.689 0.244 0.422 0.822 0.556 0.120 0.740 0.400 0.460 0.200 0.000 0.444 0.689 0.533 0.089 0.000 0.378 0.867 0.489 0.022 0.750 0.792 ?
0.759 0.630 0.200 0.796 0.574 0.204 0.704 0.267 0.704 0.500 0.000 0.741 0.644 0.130 0.000 0.000 0.833 0.244 0.000 0.000 0.000 0.778 0.178 0.000 0.000 0.695 0.774 ץ
0.620 0.650 0.060 0.000 0.000 0.520 0.633 0.300 0.300 0.260 0.309 0.621 0.564 0.606 0.818 0.000 0.000 0.100 0.333 0.440 0.000 0.183 0.820 0.183 0.000 0.755 0.855 ל
0.875 0.792 0.562 0.542 0.438 0.393 0.714 0.929 0.619 0.500 0.000 0.667 0.844 0.125 0.000 0.000 0.667 0.929 0.333 0.000 0.031 0.708 0.844 0.333 0.000 0.794 0.773 ז
0.704 0.426 0.185 0.759 0.574 0.333 0.907 0.667 0.667 0.352 0.717 0.517 0.550 0.883 0.300 0.667 0.778 0.167 0.389 0.741 0.000 0.148 0.796 0.463 0.037 0.690 0.792 אָ
0.700 0.500 0.000 0.000 0.000 0.680 0.540 0.267 0.300 0.220 0.436 0.582 0.636 0.655 0.873 0.000 0.000 0.150 0.400 0.460 0.000 0.300 0.650 0.060 0.000 0.766 0.855 ל
0.870 0.278 0.200 0.796 0.537 0.617 0.917 0.560 0.767 0.450 0.907 0.519 0.689 0.889 0.222 0.767 0.683 0.020 0.400 0.650 0.000 0.167 0.711 0.519 0.019 0.709 0.782 אָ
0.760 0.520 0.000 0.000 0.000 0.740 0.580 0.283 0.360 0.320 0.460 0.660 0.600 0.660 0.920 0.000 0.000 0.117 0.420 0.480 0.000 0.200 0.733 0.080 0.000 0.761 0.852 ל
0.200 0.578 0.889 0.444 0.000 0.000 0.333 0.972 0.533 0.000 0.000 0.350 1.000 0.550 0.000 0.000 0.333 1.000 0.422 0.000 0.000 0.267 0.806 0.600 0.311 0.750 0.976 1
0.759 0.370 0.200 0.796 0.685 0.444 0.926 0.689 0.722 0.426 0.759 0.481 0.644 0.907 0.296 0.741 0.852 0.178 0.426 0.870 0.093 0.296 0.867 0.463 0.056 0.695 0.774 אָ
0.640 0.320 0.000 0.000 0.000 0.700 0.460 0.450 0.320 0.280 0.340 0.580 0.483 0.620 0.800 0.000 0.000 0.233 0.460 0.380 0.000 0.240 0.600 0.020 0.000 0.761 0.868 ל
0.630 0.537 0.302 0.741 0.481 0.333 0.933 0.700 0.833 0.500 0.519 0.667 0.651 0.889 0.222 0.567 0.950 0.286 0.500 0.717 0.074 0.148 0.651 0.500 0.056 0.686 0.977 אָ
0.796 0.481 0.259 0.815 0.556 0.426 0.963 0.741 0.833 0.444 0.783 0.617 0.617 0.933 0.317 0.759 0.870 0.296 0.500 0.611 0.037 0.167 0.778 0.444 0.019 0.690 0.792 אָ
0.860 0.700 0.050 0.000 0.000 0.840 0.680 0.450 0.460 0.400 0.460 0.560 0.583 0.680 0.960 0.000 0.000 0.250 0.520 0.540 0.000 0.300 0.667 0.040 0.000 0.761 0.885 ל
0.740 0.600 0.000 0.000 0.000 0.709 0.667 0.291 0.318 0.218 0.480 0.733 0.740 0.867 0.880 0.000 0.000 0.109 0.500 0.473 0.000 0.400 0.780 0.067 0.000 0.760 0.828 ל
0.367 0.833 0.850 0.933 0.433 0.296 0.852 0.833 0.926 0.296 0.000 0.600 0.850 0.767 0.133 0.037 0.407 0.722 0.444 0.037 0.467 0.767 0.850 0.867 0.567 0.886 0.830 !
0.780 0.320 0.000 0.000 0.000 0.860 0.440 0.350 0.380 0.280 0.540 0.600 0.567 0.760 0.640 0.000 0.020 0.267 0.540 0.300 0.000 0.500 0.500 0.000 0.000 0.761 0.852 ל
0.833 0.370 0.296 0.722 0.426 0.500 0.933 0.617 0.800 0.317 0.852 0.500 0.685 0.852 0.185 0.733 0.783 0.183 0.550 0.633 0.000 0.222 0.741 0.315 0.000 0.698 0.796 אָ
0.567 0.767 0.569 0.000 0.000 0.000 0.309 0.818 0.036 0.000 0.000 0.017 0.806 0.333 0.000 0.000 0.000 0.606 0.673 0.000 0.000 0.000 0.361 0.917 0.533 0.796 0.915 ן
0.722 0.750 0.667 0.611 0.389 0.111 0.306 0.444 0.833 0.639 0.000 0.000 0.667 0.694 0.000 0.000 0.000 0.667 0.694 0.000 0.000 0.000 0.667 0.722 0.028 0.817 0.804 ן
0.852 0.806 0.667 0.500 0.519 0.111 0.167 0.778 0.833 0.407 0.000 0.417 1.000 0.694 0.000 0.000 0.417 1.000 0.722 0.000 0.000 0.306 0.963 0.583 0.000 0.841 0.774 ן
0.667 0.806 0.704 0.667 0.417 0.167 0.389 0.741 0.917 0.556 0.000 0.175 0.867 0.775 0.025 0.000 0.194 0.926 0.750 0.000 0.000 0.194 0.926 0.722 0.056 0.821 0.792 ן
0.667 0.778 0.630 0.639 0.444 0.194 0.333 0.704 0.944 0.389 0.000 0.389 0.852 0.750 0.000 0.000 0.472 0.889 0.750 0.000 0.000 0.444 0.778 0.611 0.000 0.817 0.774 ן
0.444 0.852 0.926 0.778 0.481 0.037 0.222 0.370 0.185 0.037 0.185 0.481 0.556 0.370 0.259 0.148 0.667 0.926 0.889 0.556 0.370 0.704 0.593 0.259 0.037 0.866 0.837 ;
0.694 0.815 0.722 0.667 0.639 0.056 0.111 0.528 0.963 0.611 0.000 0.000 0.750 1.000 0.278 0.000 0.000 0.722 0.926 0.250 0.000 0.185 0.778 0.593 0.139 0.829 0.774 ן
0.556 0.704 0.694 0.667 0.556 0.111 0.222 0.500 0.963 0.778 0.000 0.000 0.667 0.926 0.389 0.000 0.000 0.694 0.926 0.500 0.000 0.000 0.694 0.741 0.278 0.829 0.774 ן
0.750 0.815 0.750 0.741 0.472 0.222 0.333 0.750 0.963 0.667 0.000 0.067 0.700 0.767 0.075 0.000 0.037 0.667 0.963 0.306 0.000 0.037 0.667 0.852 0.250 0.833 0.955 ן
0.806 0.889 0.667 0.704 0.583 0.139 0.333 0.611 1.000 0.694 0.000 0.000 0.675 1.000 0.250 0.000 0.000 0.722 1.000 0.278 0.000 0.074 0.722 0.815 0.333 0.833 0.955 ן
