0.889 1.000 1.000 1.000 0.889 0.944 1.000 1.000 1.000 0.944 1.000 1.000 1.000 1.000 1.000 1.000 1.000 1.000 1.000 1.000 0.944 1.000 1.000 1.000 0.944 0.068 0.083 —
0.556 0.526 0.000 0.000 0.000 0.667 0.645 0.250 0.250 0.250 1.000 1.000 1.000 1.000 1.000 1.000 1.000 1.000 1.000 1.000 1.000 1.000 1.000 1.000 1.000 0.079 0.094 —
0.444 0.200 0.222 0.500 0.444 0.667 0.400 0.444 1.000 0.889 0.926 0.800 0.815 1.000 0.963 0.889 1.000 1.000 1.000 1.000 0.778 1.000 1.000 1.000 1.000 0.081 0.097 —
0.333 0.286 0.000 0.143 0.333 1.000 1.000 1.000 1.000 0.833 1.000 1.000 1.000 1.000 0.833 1.000 1.000 1.000 1.000 1.000 1.000 1.000 1.000 1.000 1.000 0.086 0.082 —
0.500 1.000 0.864 0.750 0.750 0.500 1.000 1.000 1.000 1.000 0.750 1.000 1.000 1.000 0.900 1.000 1.000 1.000 1.000 0.600 1.000 1.000 1.000 1.000 0.100 0.204 0.137 ־
1.000 0.833 0.667 0.667 0.667 1.000 1.000 1.000 1.000 1.000 1.000 1.000 1.000 1.000 1.000 0.875 0.667 0.750 0.792 0.792 0.750 0.500 0.250 0.375 0.375 0.208 0.101 ־
0.000 0.800 1.000 1.000 1.000 0.133 0.933 1.000 1.000 1.000 0.600 1.000 1.000 1.000 0.933 1.000 1.000 1.000 1.000 0.733 1.000 1.000 1.000 1.000 0.600 0.214 0.118 ־
0.000 0.000 0.000 0.100 0.556 0.267 0.600 0.600 0.640 0.822 0.667 1.000 1.000 1.000 0.822 1.000 1.000 1.000 0.980 0.444 1.000 1.000 1.000 0.900 0.000 0.216 0.131 -
1.000 1.000 1.000 1.000 1.000 1.000 1.000 1.000 1.000 1.000 1.000 1.000 1.000 1.000 1.000 1.000 1.000 1.000 1.000 1.000 0.500 0.500 0.500 0.500 0.667 0.267 0.111 ־
0.750 1.000 1.000 1.000 0.850 1.000 1.000 1.000 1.000 1.000 1.000 1.000 1.000 1.000 1.000 0.850 1.000 1.000 1.000 1.000 0.700 1.000 1.000 1.000 1.000 0.320 0.142 ־
0.000 0.100 0.150 0.300 1.000 0.000 0.650 0.600 0.650 0.900 0.320 1.000 0.560 1.000 0.600 0.850 1.000 0.500 1.000 0.300 1.000 0.800 0.800 1.000 0.100 0.340 0.227 „
0.133 0.867 0.833 0.467 1.000 0.400 1.000 0.778 0.600 1.000 0.533 1.000 0.722 1.000 0.867 0.600 0.800 0.500 1.000 0.467 0.867 0.267 0.667 0.867 0.067 0.341 0.205 “
0.400 1.000 0.667 0.833 0.850 0.500 1.000 0.583 0.875 0.800 0.800 1.000 0.500 0.933 0.360 0.950 0.667 0.833 0.750 0.050 0.900 0.417 0.917 0.458 0.000 0.354 0.227 “
0.000 0.750 0.917 0.417 1.000 0.080 0.900 0.833 0.833 1.000 0.400 1.000 0.500 0.917 0.800 0.920 0.967 0.567 0.967 0.320 0.800 0.417 0.833 0.500 0.000 0.375 0.231 “
0.000 0.778 0.889 0.000 0.952 0.000 0.806 0.583 0.306 1.000 0.514 0.972 0.250 0.708 0.639 1.000 0.875 0.569 0.958 0.278 1.000 0.349 0.778 0.571 0.000 0.378 0.228 “
0.200 0.900 0.700 0.500 1.000 0.400 1.000 0.400 0.800 0.900 0.500 0.750 0.200 0.900 0.600 0.700 0.300 0.500 0.900 0.200 0.650 0.200 0.850 0.250 0.000 0.381 0.232 “
0.000 0.733 1.000 0.400 1.000 0.000 0.800 0.867 0.333 1.000 0.167 0.867 0.400 0.267 1.000 0.667 0.733 0.267 0.733 0.667 0.667 0.267 0.400 0.733 0.167 0.395 0.214 “
0.250 1.000 0.333 0.467 1.000 0.333 0.800 0.000 0.600 0.917 0.500 0.400 0.000 0.667 0.667 0.667 0.133 0.133 0.733 0.167 0.583 0.000 0.667 0.400 0.000 0.395 0.224 “
0.250 1.000 0.250 0.500 1.000 0.625 1.000 0.250 0.750 1.000 0.750 0.875 0.062 0.812 0.500 0.938 0.312 0.438 0.938 0.000 0.750 0.125 0.688 0.438 0.000 0.400 0.225 “
0.200 0.900 0.500 0.200 0.800 0.400 1.000 0.400 0.600 0.900 0.520 0.720 0.120 0.840 0.520 0.700 0.150 0.400 0.900 0.150 0.600 0.100 0.800 0.400 0.000 0.405 0.230 “
0.333 0.833 0.400 0.167 0.833 0.500 1.000 0.350 0.250 1.000 0.688 0.500 0.100 0.562 0.875 0.125 0.000 0.300 0.875 0.250 0.000 0.000 0.600 0.667 0.000 0.412 0.203 “
0.062 0.688 0.562 0.250 0.375 0.250 1.000 0.500 0.750 1.000 0.700 0.900 0.100 0.750 0.800 1.000 0.438 0.250 0.812 0.250 1.000 0.250 0.500 0.500 0.000 0.425 0.213 “
0.250 1.000 0.375 0.188 1.000 0.250 1.000 0.250 0.500 0.875 0.550 0.700 0.050 0.800 0.400 0.875 0.250 0.562 0.938 0.000 0.562 0.000 0.938 0.438 0.000 0.425 0.230 “
0.000 0.000 0.333 0.333 0.000 0.000 0.222 0.778 0.778 0.333 0.500 0.778 1.000 1.000 0.833 1.000 1.000 1.000 1.000 1.000 1.000 1.000 1.000 1.000 1.000 0.500 0.120 .
0.000 0.833 1.000 0.167 0.000 0.833 0.972 1.000 0.861 0.167 1.000 1.000 1.000 1.000 0.867 1.000 1.000 1.000 1.000 0.333 0.200 0.867 1.000 1.000 0.200 0.500 0.163 .
0.000 0.667 1.000 1.000 1.000 0.000 0.667 1.000 1.000 1.000 0.667 0.889 1.000 1.000 1.000 0.667 0.889 1.000 1.000 1.000 0.000 0.667 1.000 1.000 1.000 0.500 0.123 .
0.000 0.600 1.000 1.000 1.000 0.600 0.840 1.000 1.000 1.000 1.000 1.000 1.000 1.000 1.000 0.800 0.920 1.000 0.960 0.800 0.000 0.600 1.000 0.800 0.000 0.500 0.136 .
0.000 0.833 1.000 1.000 0.200 0.000 0.833 1.000 1.000 0.200 0.833 0.972 1.000 1.000 0.867 0.167 0.861 1.000 1.000 0.333 0.000 0.167 0.867 0.333 0.040 0.500 0.166 .
0.062 0.375 0.500 0.625 1.000 0.438 1.000 1.000 1.000 1.000 0.500 1.000 1.000 1.000 1.000 0.625 1.000 1.000 1.000 0.750 0.750 1.000 1.000 1.000 0.500 0.500 0.202 “
0.500 0.833 1.000 0.833 0.500 1.000 1.000 1.000 1.000 1.000 1.000 1.000 1.000 1.000 1.000 1.000 1.000 1.000 1.000 1.000 0.500 0.833 1.000 0.833 0.500 0.500 0.115 .
0.000 0.000 0.750 0.250 0.500 0.000 0.467 0.900 0.500 0.960 0.160 0.833 0.667 0.833 0.880 0.600 1.000 0.733 1.000 0.640 0.900 1.000 0.833 1.000 0.300 0.396 0.253 „
0.000 0.000 0.587 0.287 0.338 0.000 0.367 0.967 0.867 0.922 0.222 0.956 1.000 1.000 0.378 0.922 0.889 1.000 1.000 0.022 0.688 0.500 0.750 0.750 0.000 0.390 0.267 „
0.000 0.000 0.657 0.293 0.400 0.000 0.727 0.982 0.909 0.980 0.350 0.973 1.000 1.000 0.720 0.800 1.000 1.000 1.000 0.550 0.556 0.960 0.596 0.556 0.056 0.449 0.291 „
0.000 0.112 0.688 0.188 0.306 0.296 0.767 0.922 0.511 1.000 0.691 1.000 0.611 0.778 0.852 1.000 1.000 1.000 0.978 0.444 1.000 0.600 0.850 0.900 0.000 0.443 0.265 „
0.000 0.125 0.800 0.625 0.750 0.000 0.417 0.950 0.458 1.000 0.280 0.900 0.440 0.567 0.880 0.700 1.000 0.400 1.000 0.800 0.750 0.833 0.300 1.000 0.600 0.370 0.246 „
0.000 0.167 0.600 0.167 0.800 0.000 0.567 0.886 0.833 1.000 0.333 0.933 0.686 0.933 0.733 0.600 1.000 0.914 1.000 0.233 0.833 0.833 0.943 0.867 0.133 0.389 0.339 „
0.000 0.200 0.917 0.550 0.250 0.000 0.600 0.917 0.600 1.000 0.240 0.920 0.667 0.440 1.000 0.650 0.950 0.375 0.900 0.700 0.900 0.750 0.250 1.000 0.500 0.386 0.236 „
0.000 0.250 0.875 0.208 0.550 0.000 0.633 0.800 0.500 0.880 0.400 0.967 0.533 0.833 0.640 0.840 1.000 0.533 1.000 0.360 0.900 0.750 0.500 0.917 0.150 0.396 0.271 „
0.000 0.250 0.900 0.167 0.600 0.040 0.733 0.680 0.567 0.840 0.440 0.933 0.360 0.933 0.560 0.920 0.833 0.480 1.000 0.320 1.000 0.667 0.800 0.833 0.100 0.413 0.271 „
0.000 0.300 0.708 0.100 0.500 0.000 0.600 0.667 0.400 1.000 0.320 0.920 0.367 0.680 0.920 0.500 0.750 0.208 1.000 0.500 0.800 0.400 0.500 0.900 0.100 0.386 0.254 ''
0.000 0.333 0.000 0.000 0.000 0.000 0.111 0.667 0.111 0.533 0.067 0.722 0.750 0.444 0.967 0.467 1.000 0.333 0.889 0.400 0.840 0.900 0.400 0.733 0.080 0.500 0.320 „
0.000 0.375 0.333 0.250 0.600 0.000 0.833 0.600 0.667 0.960 0.160 0.900 0.333 0.800 0.640 0.680 0.733 0.567 0.833 0.200 0.800 0.208 0.750 0.292 0.000 0.396 0.253 “
0.000 0.417 0.667 0.750 0.500 0.240 0.933 1.000 1.000 1.000 0.520 1.000 1.000 1.000 0.880 0.920 1.000 1.000 0.933 0.440 1.000 1.000 1.000 0.583 0.000 0.396 0.275 “
0.000 0.417 0.667 0.667 0.900 0.080 0.867 1.000 1.000 0.960 0.560 1.000 1.000 1.000 0.640 0.840 1.000 1.000 0.933 0.240 0.950 0.708 0.958 0.458 0.000 0.396 0.250 “
0.000 0.500 0.833 0.417 0.400 0.080 0.800 0.667 0.900 0.760 0.400 0.833 0.708 1.000 0.350 0.640 0.867 0.933 0.800 0.080 0.900 0.542 0.958 0.375 0.000 0.375 0.240 “
0.100 0.550 0.583 0.350 0.750 0.480 1.000 0.600 0.760 0.920 0.600 0.900 0.583 1.000 0.600 0.760 0.760 1.000 0.960 0.240 0.300 0.250 0.958 0.500 0.000 0.409 0.257 “
0.000 0.600 0.667 0.600 1.000 0.320 0.960 0.433 0.680 1.000 0.500 0.900 0.375 1.000 0.700 0.840 0.600 0.533 0.800 0.080 0.550 0.150 0.792 0.300 0.000 0.409 0.300 “
0.000 0.625 1.000 0.432 0.938 0.000 0.909 1.000 1.000 1.000 0.000 0.909 0.798 0.960 0.822 0.500 0.980 0.899 0.980 0.211 0.750 0.773 0.955 0.773 0.050 0.398 0.260 “
0.000 0.625 0.625 0.000 0.750 0.050 0.800 0.600 0.300 1.000 0.375 1.000 0.438 0.812 1.000 0.800 0.650 0.300 1.000 0.700 0.625 0.062 0.875 0.812 0.125 0.450 0.277 “
0.000 0.650 0.667 0.400 0.800 0.160 0.880 0.500 0.520 1.000 0.560 1.000 0.900 0.920 0.680 0.920 1.000 1.000 0.920 0.160 0.250 0.350 0.875 0.350 0.000 0.432 0.271 “
0.806 0.653 0.819 0.569 0.611 0.605 0.704 0.864 0.506 0.914 0.444 0.395 0.568 0.235 0.481 0.395 0.901 0.605 0.728 0.123 0.194 0.986 1.000 0.528 0.000 0.476 0.520 ש
0.000 0.700 1.000 1.000 1.000 0.160 0.880 1.000 1.000 0.840 0.560 1.000 1.000 1.000 0.440 0.680 1.000 1.000 0.720 0.000 0.550 0.250 0.800 0.300 0.000 0.380 0.250 “
0.891 0.736 0.944 0.792 0.828 0.359 0.403 0.708 0.278 0.766 0.597 0.333 0.198 0.407 0.222 0.688 0.653 0.431 0.569 0.000 0.438 0.944 0.972 0.292 0.000 0.474 0.463 ש
0.100 0.750 0.667 0.300 1.000 0.400 1.000 0.500 0.600 1.000 0.520 0.880 0.267 0.840 0.680 0.900 0.550 0.417 0.950 0.150 0.750 0.200 0.667 0.500 0.000 0.386 0.254 “
0.080 0.767 1.000 0.667 0.600 0.200 1.000 0.920 0.967 1.000 0.440 1.000 0.840 0.933 0.800 0.920 1.000 1.000 1.000 0.320 0.560 0.333 0.880 0.467 0.040 0.457 0.333 “
0.000 0.800 1.000 1.000 1.000 0.200 0.900 0.708 0.800 0.950 0.400 0.960 0.300 0.680 0.760 0.700 0.700 0.458 0.900 0.250 0.750 0.250 0.625 0.400 0.000 0.386 0.239 “
0.167 0.875 0.525 0.312 0.597 0.514 1.000 1.000 1.000 1.000 1.000 0.850 0.850 1.000 0.556 0.889 0.287 0.775 0.863 0.139 0.208 0.300 1.000 0.400 0.000 0.455 0.265 “
0.100 0.900 0.700 0.500 0.900 0.400 1.000 0.300 0.600 1.000 0.680 0.920 0.280 0.840 0.720 0.950 0.350 0.450 0.900 0.350 0.800 0.000 0.800 0.500 0.000 0.405 0.233 “
0.200 0.917 0.833 0.750 0.900 0.520 1.000 0.900 1.000 0.840 0.700 0.917 0.792 1.000 0.600 1.000 0.733 0.867 0.800 0.080 0.750 0.833 1.000 0.458 0.000 0.375 0.290 “
0.500 1.000 0.500 0.600 1.000 0.750 1.000 0.300 0.800 1.000 0.900 0.720 0.320 1.000 0.700 0.938 0.300 0.500 0.800 0.125 0.500 0.000 0.700 0.200 0.000 0.447 0.254 “
0.000 0.222 0.778 1.000 1.000 0.000 0.667 1.000 1.000 1.000 0.750 0.917 1.000 1.000 1.000 1.000 1.000 1.000 1.000 1.000 0.333 0.778 1.000 1.000 1.000 0.625 0.158 .
0.000 0.333 1.000 0.333 0.000 0.167 0.556 1.000 0.556 0.167 0.833 1.000 1.000 1.000 0.833 1.000 1.000 1.000 1.000 1.000 0.500 0.778 1.000 1.000 0.667 0.591 0.159 .
0.000 0.600 1.000 0.800 0.000 0.833 0.933 1.000 0.967 0.833 1.000 1.000 1.000 1.000 1.000 1.000 1.000 1.000 0.833 0.167 0.200 0.680 1.000 0.800 0.000 0.604 0.160 .
0.000 0.000 0.400 0.800 0.000 0.000 0.500 0.900 0.967 0.833 0.833 0.933 1.000 1.000 1.000 1.000 1.000 1.000 1.000 1.000 0.200 0.680 1.000 1.000 1.000 0.604 0.166 .
0.000 0.750 1.000 0.750 0.000 1.000 1.000 1.000 1.000 1.000 1.000 1.000 1.000 1.000 1.000 0.000 0.750 1.000 0.750 0.000 0.000 0.000 0.500 0.750 0.000 0.600 0.167 .
0.000 0.667 1.000 0.778 0.333 0.333 0.778 1.000 1.000 1.000 1.000 1.000 1.000 1.000 1.000 1.000 1.000 1.000 1.000 1.000 0.333 0.778 1.000 0.889 0.667 0.591 0.169 .
0.000 0.667 1.000 0.833 0.333 0.333 1.000 1.000 1.000 0.833 0.500 1.000 1.000 1.000 1.000 0.667 1.000 1.000 1.000 0.500 0.500 0.833 1.000 0.667 0.000 0.583 0.171 .
0.000 0.333 1.000 1.000 1.000 0.250 0.833 1.000 1.000 0.917 0.500 1.000 1.000 1.000 0.583 1.000 1.000 1.000 1.000 0.333 0.778 1.000 0.778 0.444 0.111 0.607 0.192 .
0.000 0.000 0.000 0.444 1.000 0.000 0.000 0.500 0.917 0.750 0.000 0.333 0.833 0.833 0.333 0.167 0.833 1.000 0.500 0.000 0.556 0.778 0.444 0.111 0.000 0.607 0.192 '
0.000 0.139 0.861 1.000 0.867 0.000 0.833 1.000 1.000 0.200 0.000 0.833 1.000 1.000 0.200 0.571 0.929 1.000 0.524 0.086 1.000 1.000 1.000 0.167 0.000 0.586 0.193 ,
0.000 0.833 1.000 1.000 0.867 0.000 0.833 1.000 1.000 0.200 0.429 0.905 1.000 1.000 0.200 1.000 1.000 1.000 0.524 0.086 1.000 1.000 0.444 0.056 0.000 0.586 0.200 ,
0.000 0.139 0.861 0.278 0.000 0.333 0.889 1.000 1.000 0.200 1.000 1.000 1.000 1.000 0.467 1.000 1.000 1.000 1.000 0.600 0.167 0.861 1.000 1.000 0.200 0.600 0.203 .
0.000 0.000 0.500 1.000 1.000 0.000 0.000 0.750 1.000 1.000 0.083 0.583 0.938 1.000 0.500 0.500 1.000 0.938 0.417 0.083 1.000 0.833 0.438 0.000 0.000 0.625 0.203 '
0.000 0.000 0.125 0.833 1.000 0.000 0.000 0.500 1.000 1.000 0.000 0.333 0.875 1.000 0.667 0.083 0.750 1.000 0.833 0.250 0.500 1.000 0.688 0.083 0.000 0.625 0.203 '
0.000 0.417 1.000 0.500 0.833 0.267 1.000 1.000 1.000 1.000 0.333 1.000 1.000 1.000 0.667 0.333 1.000 1.000 1.000 0.333 0.667 0.917 0.917 0.833 0.083 0.583 0.214 “
0.000 0.000 0.222 0.833 1.000 0.000 0.250 1.000 0.917 0.444 0.000 0.500 1.000 0.667 0.000 0.111 0.667 0.778 0.167 0.000 0.778 0.833 0.222 0.000 0.000 0.567 0.217 '
0.000 0.139 0.861 1.000 1.000 0.000 0.833 1.000 1.000 0.771 0.000 0.833 1.000 1.000 0.200 0.000 0.833 1.000 0.524 0.086 0.667 0.944 1.000 0.167 0.000 0.586 0.223 ,
0.000 0.000 0.333 0.889 0.778 0.000 0.000 0.750 1.000 0.667 0.000 0.222 0.833 0.778 0.222 0.222 0.778 0.833 0.222 0.000 0.667 1.000 0.333 0.000 0.000 0.600 0.224 '
0.083 0.417 0.750 0.500 0.167 0.333 1.000 1.000 1.000 0.667 0.667 1.000 1.000 1.000 1.000 0.500 1.000 1.000 1.000 1.000 0.083 0.583 0.938 1.000 0.833 0.625 0.190 .
0.167 0.667 1.000 1.000 0.333 0.833 1.000 1.000 1.000 1.000 1.000 1.000 1.000 1.000 1.000 0.833 1.000 1.000 1.000 1.000 0.333 0.833 1.000 1.000 0.667 0.545 0.155 .
0.556 1.000 1.000 0.444 0.000 1.000 1.000 1.000 0.889 0.444 1.000 1.000 1.000 1.000 0.833 1.000 1.000 1.000 1.000 0.667 0.556 1.000 1.000 0.778 0.222 0.542 0.190 .
1.000 1.000 1.000 0.800 0.000 1.000 1.000 1.000 0.800 0.000 1.000 1.000 1.000 0.967 0.708 1.000 1.000 1.000 0.833 0.292 0.200 0.680 1.000 0.800 0.000 0.604 0.158 .
1.000 1.000 1.000 0.800 0.000 1.000 1.000 1.000 0.967 0.833 1.000 1.000 1.000 1.000 1.000 1.000 1.000 1.000 0.833 0.167 0.200 0.680 1.000 0.800 0.000 0.604 0.166 .
0.000 0.000 0.429 1.000 0.810 0.000 0.143 0.714 1.000 0.333 0.125 0.821 0.946 0.518 0.083 0.479 1.000 0.571 0.000 0.000 1.000 0.837 0.245 0.000 0.000 0.574 0.234 '
0.000 0.667 1.000 1.000 0.444 0.333 0.833 1.000 1.000 0.833 0.833 1.000 1.000 1.000 1.000 0.417 0.833 1.000 1.000 0.833 0.000 0.667 1.000 1.000 0.444 0.571 0.246 .
0.000 0.125 0.667 1.000 1.000 0.000 0.375 1.000 1.000 0.750 0.000 0.500 1.000 0.812 0.167 0.417 0.875 0.917 0.438 0.000 1.000 0.812 0.333 0.000 0.000 0.594 0.229 '
0.167 0.833 1.000 1.000 0.917 0.733 1.000 1.000 1.000 1.000 1.000 1.000 1.000 1.000 0.467 1.000 1.000 1.000 1.000 0.133 0.500 0.500 0.833 1.000 0.000 0.605 0.237 “
0.462 1.000 1.000 0.971 0.240 0.303 0.588 0.588 0.937 0.344 0.000 0.000 0.000 0.846 0.534 0.285 0.529 0.529 0.928 0.543 0.832 0.981 0.846 0.788 0.692 0.589 0.523 ב
0.500 0.960 0.800 0.800 0.600 0.583 1.000 1.000 1.000 0.958 0.167 0.600 0.667 0.867 1.000 0.000 0.000 0.000 0.467 1.000 0.000 0.000 0.200 0.880 0.650 0.625 0.304 י
0.643 0.902 1.000 1.000 0.916 0.302 0.685 0.778 0.941 0.857 0.294 0.563 0.000 0.733 0.714 0.643 0.467 0.000 0.733 0.714 0.681 0.357 0.000 0.639 0.441 0.589 0.469 ה
0.643 0.941 0.843 1.000 0.727 0.222 0.741 0.778 0.867 0.778 0.294 0.489 0.000 0.511 0.714 0.643 0.800 0.000 0.733 0.714 0.786 0.514 0.000 0.561 0.546 0.589 0.525 ה
0.679 0.688 0.536 0.719 0.196 0.661 1.000 0.821 0.844 0.732 0.365 0.542 0.032 0.125 0.825 0.643 0.125 0.214 0.250 0.750 0.857 0.422 0.982 1.000 0.786 0.554 0.468 מ
0.688 0.944 0.500 0.500 0.250 0.716 1.000 1.000 1.000 0.500 0.375 1.000 1.000 1.000 0.955 0.034 0.091 0.293 0.899 0.773 0.000 0.044 0.667 0.911 0.300 0.602 0.338 י
0.700 0.880 0.800 0.720 0.100 0.833 1.000 1.000 1.000 0.667 0.167 0.600 0.667 0.867 0.833 0.000 0.000 0.000 0.467 0.833 0.000 0.000 0.300 0.800 0.300 0.625 0.320 י
0.714 0.344 0.719 0.266 0.571 0.714 0.516 0.734 0.031 0.482 0.429 0.153 0.431 0.014 0.238 0.429 0.469 0.078 0.422 0.268 0.304 0.906 0.719 0.781 0.000 0.541 0.500 ש
0.714 1.000 0.929 0.857 0.875 0.411 0.875 0.625 0.518 0.821 0.492 0.476 0.000 0.095 0.698 0.518 0.429 0.000 0.143 0.786 0.464 0.464 0.000 0.214 0.929 0.581 0.463 ח
0.714 0.857 0.554 0.875 0.446 0.304 0.857 0.714 0.714 0.893 0.111 0.206 0.032 0.000 0.587 0.304 0.000 0.214 0.250 0.714 0.536 0.357 0.982 0.964 0.821 0.581 0.463 מ
0.738 0.857 0.857 0.857 0.476 0.286 0.306 0.381 0.531 0.810 0.000 0.000 0.000 0.082 0.857 0.000 0.000 0.000 0.000 0.667 0.000 0.000 0.000 0.020 0.667 0.600 0.479 ר
0.750 0.929 0.453 0.786 0.375 0.429 0.893 0.812 0.821 0.946 0.333 0.540 0.028 0.032 0.810 0.589 0.250 0.359 0.375 0.911 0.714 0.482 1.000 1.000 0.875 0.568 0.529 מ
0.786 0.821 0.250 0.661 0.196 0.411 0.929 0.719 0.857 0.875 0.304 0.625 0.000 0.000 0.714 0.696 0.286 0.375 0.357 0.857 0.696 0.482 0.906 1.000 0.929 0.600 0.506 מ
0.923 0.875 0.264 0.889 0.529 0.755 0.668 0.889 0.774 1.000 0.909 0.173 0.096 0.135 0.952 0.663 0.740 0.500 0.697 0.543 0.615 1.000 1.000 0.817 0.101 0.594 0.519 ט
0.929 0.625 0.446 0.679 0.268 0.619 0.984 0.825 0.841 0.825 0.444 0.444 0.000 0.063 0.762 0.619 0.111 0.333 0.333 0.746 0.643 0.393 1.000 1.000 0.786 0.603 0.494 מ
0.929 0.812 0.500 0.812 0.232 0.508 0.958 0.746 0.833 0.762 0.349 0.556 0.016 0.083 0.889 0.778 0.236 0.413 0.500 0.921 0.804 0.500 1.000 1.000 0.804 0.577 0.500 מ
0.979 0.875 0.875 0.875 0.875 0.426 0.519 0.444 0.537 0.815 0.537 0.333 0.000 0.463 0.889 1.000 0.333 0.000 0.500 1.000 0.958 0.292 0.000 0.500 0.792 0.615 0.520 ה
1.000 0.944 0.500 0.422 0.250 0.475 1.000 1.000 1.000 0.525 0.250 0.500 0.500 0.900 0.950 0.000 0.000 0.250 0.878 0.550 0.000 0.000 0.500 0.911 0.300 0.620 0.338 י
1.000 1.000 0.922 0.375 0.161 1.000 1.000 1.000 1.000 0.492 1.000 1.000 1.000 1.000 1.000 0.222 0.222 0.319 1.000 1.000 0.000 0.000 0.125 0.812 0.500 0.564 0.260 י
0.000 0.000 0.000 0.667 1.000 0.000 0.333 0.667 0.917 0.833 0.000 0.667 1.000 0.750 0.167 0.417 0.917 0.833 0.333 0.000 0.917 0.750 0.250 0.000 0.000 0.656 0.216 '
0.000 0.000 0.000 0.333 0.833 0.000 0.000 0.500 0.917 0.833 0.000 0.083 0.750 1.000 0.417 0.250 0.833 0.833 0.417 0.083 0.583 0.667 0.167 0.000 0.000 0.656 0.229 '
0.000 0.000 0.125 0.833 1.000 0.000 0.000 0.550 1.000 1.000 0.000 0.333 0.875 1.000 0.667 0.200 0.867 0.750 0.400 0.133 0.833 0.500 0.062 0.000 0.000 0.667 0.243 '
0.000 0.238 0.286 0.881 0.429 0.000 0.833 1.000 1.000 1.000 0.000 0.833 1.000 0.896 0.375 0.375 0.896 1.000 0.167 0.000 0.429 0.905 0.524 0.071 0.000 0.647 0.234 ,
0.000 0.000 0.286 0.886 1.000 0.000 0.000 1.000 1.000 1.000 0.000 0.750 1.000 1.000 0.250 0.000 1.000 1.000 0.625 0.000 0.571 1.000 0.429 0.000 0.000 0.632 0.233 '
0.000 0.000 0.333 0.667 1.000 0.000 0.000 0.667 1.000 1.000 0.000 0.500 0.917 0.917 0.750 0.250 0.917 0.833 0.333 0.000 0.500 0.667 0.167 0.000 0.000 0.656 0.239 '
0.000 0.000 0.370 0.907 1.000 0.000 0.667 0.967 1.000 0.760 0.200 0.867 1.000 1.000 0.200 0.400 0.900 1.000 1.000 0.200 0.000 0.833 1.000 1.000 0.200 0.727 0.293 (
0.000 0.083 0.375 1.000 0.167 0.000 0.500 1.000 1.000 1.000 0.429 0.750 1.000 1.000 1.000 0.964 1.000 1.000 0.857 0.429 1.000 1.000 0.667 0.250 0.000 0.655 0.199 ,
0.000 0.167 0.417 0.833 0.917 0.000 0.667 1.000 0.833 0.333 0.250 0.917 1.000 0.417 0.000 0.833 1.000 0.500 0.083 0.000 0.917 0.417 0.083 0.000 0.000 0.656 0.229 '
0.000 0.083 0.417 0.833 0.833 0.000 0.333 1.000 1.000 1.000 0.167 0.667 1.000 1.000 0.750 0.333 1.000 1.000 0.833 0.333 0.667 1.000 0.500 0.083 0.000 0.656 0.254 ,
0.000 0.000 0.429 1.000 1.000 0.000 0.190 0.810 1.000 0.556 0.074 0.603 1.000 0.746 0.185 0.352 0.937 0.540 0.095 0.000 0.917 0.357 0.000 0.000 0.000 0.628 0.269 '
0.000 0.100 0.500 0.833 0.167 0.000 0.600 1.000 1.000 1.000 0.429 0.771 1.000 1.000 1.000 0.429 0.771 1.000 1.000 1.000 0.000 0.600 1.000 1.000 1.000 0.672 0.252 .
0.000 0.100 0.500 1.000 1.000 0.000 0.600 1.000 1.000 1.000 0.429 0.771 1.000 0.914 0.571 1.000 1.000 0.771 0.343 0.000 1.000 1.000 0.600 0.000 0.000 0.672 0.200 ,
0.000 0.214 0.500 1.000 0.893 0.000 0.750 1.000 1.000 1.000 0.125 0.781 1.000 0.969 1.000 1.000 1.000 1.000 0.750 0.125 1.000 1.000 0.714 0.321 0.000 0.706 0.266 ,
0.000 0.000 0.500 1.000 1.000 0.000 0.333 0.833 1.000 1.000 0.250 0.750 1.000 1.000 1.000 1.000 1.000 1.000 0.917 0.750 0.750 0.917 0.750 0.333 0.000 0.719 0.203 ,
0.000 0.171 0.571 0.857 0.286 0.000 0.600 1.000 1.000 1.000 0.750 0.900 1.000 0.850 0.250 1.000 1.000 0.850 0.500 0.000 1.000 0.657 0.257 0.000 0.000 0.721 0.254 ,
0.000 0.444 0.667 0.889 1.000 0.111 0.778 1.000 1.000 0.889 0.333 1.000 1.000 0.667 0.000 0.778 1.000 0.778 0.333 0.000 1.000 1.000 0.333 0.000 0.000 0.633 0.190 '
0.000 0.167 0.667 1.000 1.000 0.125 0.625 1.000 1.000 1.000 0.500 1.000 1.000 1.000 0.500 0.750 1.000 1.000 1.000 0.000 1.000 1.000 1.000 0.333 0.000 0.643 0.192 ,
0.000 0.300 0.700 1.000 1.000 0.455 0.782 1.000 1.000 1.000 1.000 1.000 1.000 1.000 1.000 0.545 0.818 1.000 1.000 1.000 0.000 0.060 0.460 1.000 1.000 0.806 0.325 (
0.000 0.000 0.800 1.000 0.429 0.000 0.400 0.900 1.000 0.600 0.125 0.975 1.000 0.875 0.025 1.000 1.000 0.625 0.000 0.000 0.429 1.000 0.000 0.000 0.000 0.632 0.239 ,
0.000 0.333 0.833 1.000 1.000 0.750 0.917 1.000 1.000 1.000 1.000 1.000 1.000 1.000 1.000 1.000 1.000 1.000 0.917 0.750 0.750 0.917 0.833 0.333 0.000 0.719 0.229 .
0.000 0.000 0.833 1.000 1.000 0.000 0.630 0.944 1.000 0.911 0.500 0.917 1.000 1.000 0.200 1.000 1.000 0.907 0.426 0.067 1.000 0.604 0.104 0.000 0.000 0.684 0.235 '
0.000 0.229 0.857 1.000 0.429 0.000 0.800 1.000 1.000 1.000 0.100 0.825 1.000 1.000 0.400 0.925 1.000 1.000 0.625 0.075 1.000 1.000 0.429 0.000 0.000 0.632 0.228 ,
0.000 0.333 0.881 1.000 0.429 0.000 0.833 1.000 1.000 1.000 0.250 0.875 1.000 1.000 0.400 1.000 1.000 1.000 0.688 0.125 0.286 0.881 0.524 0.071 0.000 0.647 0.245 ,
0.000 0.417 0.917 1.000 0.600 0.909 0.985 1.000 1.000 0.200 1.000 1.000 1.000 0.621 0.109 0.545 0.924 1.000 0.167 0.000 0.000 0.500 0.933 0.167 0.000 0.755 0.338 (
0.000 0.600 1.000 1.000 1.000 0.500 0.800 1.000 1.000 1.000 1.000 1.000 1.000 0.850 0.250 1.000 1.000 0.850 0.500 0.000 1.000 1.000 0.600 0.000 0.000 0.721 0.227 ,
0.000 0.286 1.000 1.000 1.000 0.019 0.365 1.000 1.000 0.556 0.167 1.000 1.000 0.746 0.185 0.815 0.937 0.540 0.095 0.000 0.917 0.357 0.000 0.000 0.000 0.628 0.269 '
0.000 0.600 1.000 1.000 1.000 0.286 0.714 1.000 1.000 1.000 1.000 1.000 1.000 0.914 0.571 1.000 1.000 0.771 0.343 0.000 1.000 1.000 0.600 0.000 0.000 0.672 0.207 ,
0.000 0.460 1.000 0.683 0.167 0.407 0.968 1.000 1.000 0.519 0.815 1.000 1.000 1.000 0.926 0.148 0.921 1.000 1.000 0.333 0.000 0.127 0.698 0.413 0.000 0.678 0.298 .
0.000 0.667 1.000 1.000 1.000 0.167 0.833 1.000 1.000 1.000 0.333 1.000 1.000 1.000 0.750 0.833 1.000 1.000 0.667 0.167 0.833 0.833 0.417 0.083 0.000 0.656 0.213 ,
0.000 0.500 1.000 1.000 1.000 0.667 0.833 1.000 1.000 1.000 1.000 1.000 1.000 1.000 1.000 0.667 0.833 1.000 1.000 1.000 0.000 0.333 0.889 0.833 0.667 0.682 0.157 .
0.000 0.250 1.000 0.500 0.000 0.833 0.875 1.000 0.917 0.833 1.000 1.000 1.000 1.000 1.000 1.000 1.000 1.000 1.000 1.000 1.000 1.000 1.000 1.000 1.000 0.708 0.149 .
0.062 0.482 1.000 0.518 0.000 0.352 1.000 1.000 0.810 0.296 1.000 1.000 1.000 1.000 1.000 0.259 1.000 1.000 1.000 0.481 0.062 0.643 1.000 1.000 0.312 0.628 0.258 .
0.133 0.667 1.000 0.833 0.167 0.800 1.000 1.000 1.000 1.000 0.800 1.000 1.000 1.000 1.000 0.800 1.000 1.000 0.867 0.333 0.167 0.833 0.500 0.100 0.000 0.650 0.196 .
0.167 0.667 0.667 0.133 0.000 1.000 1.000 1.000 0.857 0.286 1.000 1.000 1.000 1.000 1.000 1.000 1.000 1.000 1.000 1.000 0.333 0.733 0.733 0.333 0.333 0.672 0.200 .
0.286 0.657 1.000 0.914 0.357 1.000 1.000 1.000 0.900 0.500 1.000 1.000 0.950 0.700 0.000 1.000 1.000 0.600 0.000 0.000 1.000 0.657 0.257 0.000 0.000 0.721 0.233 ,
0.400 0.867 0.200 0.133 0.000 0.889 1.000 1.000 0.944 0.833 0.333 0.500 0.500 0.611 0.944 0.000 0.000 0.000 0.056 0.722 0.000 0.000 0.133 0.600 0.733 0.688 0.338 י
0.500 1.000 1.000 1.000 0.750 0.750 1.000 1.000 1.000 1.000 1.000 1.000 1.000 1.000 1.000 1.000 1.000 1.000 1.000 1.000 0.500 1.000 1.000 1.000 1.000 0.650 0.145 .
0.650 1.000 0.840 0.600 0.200 0.600 1.000 1.000 1.000 1.000 0.400 1.000 1.000 1.000 1.000 0.000 0.000 0.000 0.500 1.000 0.000 0.000 0.520 1.000 1.000 0.660 0.338 י
0.667 1.000 1.000 0.750 0.000 0.944 1.000 1.000 0.958 0.833 1.000 1.000 1.000 1.000 1.000 1.000 1.000 1.000 1.000 1.000 1.000 1.000 1.000 1.000 1.000 0.708 0.159 .
0.800 0.800 0.600 0.600 0.350 0.750 1.000 1.000 1.000 0.958 0.100 0.500 0.600 0.500 0.600 0.000 0.000 0.000 0.208 0.917 0.000 0.000 0.000 0.500 0.550 0.652 0.333 י
0.857 0.438 0.400 0.400 0.171 1.000 1.000 1.000 1.000 0.429 0.643 1.000 1.000 1.000 0.943 0.000 0.062 0.213 1.000 1.000 0.000 0.000 0.688 1.000 0.771 0.660 0.316 י
0.900 1.000 1.000 0.875 0.243 1.000 1.000 1.000 1.000 0.688 0.091 0.091 0.489 1.000 1.000 0.000 0.000 0.409 1.000 0.740 0.000 0.000 0.700 0.600 0.257 0.653 0.331 י
0.933 0.933 0.800 0.800 0.533 0.889 1.000 1.000 1.000 1.000 0.222 0.333 0.333 0.667 1.000 0.000 0.000 0.000 0.333 1.000 0.000 0.000 0.467 0.667 0.533 0.688 0.304 י
1.000 0.850 0.950 0.800 0.267 1.000 1.000 1.000 1.000 0.933 0.722 0.875 1.000 1.000 1.000 0.000 0.100 0.400 0.600 1.000 0.000 0.000 0.000 0.300 1.000 0.682 0.275 י
1.000 0.750 0.500 0.312 0.000 1.000 1.000 1.000 0.966 0.390 0.545 0.545 0.602 1.000 0.429 0.000 0.000 0.125 1.000 0.688 0.000 0.000 0.637 0.600 0.257 0.653 0.338 י
1.000 1.000 1.000 1.000 0.714 1.000 1.000 1.000 1.000 1.000 0.221 0.545 0.602 1.000 1.000 0.000 0.000 0.125 1.000 1.000 0.000 0.000 0.438 0.850 0.314 0.653 0.327 י
1.000 0.700 0.200 0.200 0.200 1.000 1.000 1.000 1.000 1.000 0.500 0.667 0.833 0.833 0.944 0.000 0.000 0.000 0.083 0.722 0.000 0.000 0.200 0.700 1.000 0.708 0.324 י
1.000 1.000 1.000 1.000 1.000 1.000 1.000 1.000 1.000 1.000 1.000 1.000 1.000 1.000 1.000 0.800 0.800 0.867 1.000 1.000 0.000 0.000 0.333 1.000 1.000 0.763 0.123 .
0.000 0.500 0.900 1.000 1.000 0.000 0.000 0.400 1.000 1.000 0.000 0.000 0.400 1.000 1.000 0.000 0.138 0.538 1.000 1.000 0.333 0.733 0.867 0.583 0.250 0.839 0.393 1
0.000 0.667 0.975 0.875 0.425 0.000 0.185 0.578 0.944 0.556 0.000 0.000 0.000 0.833 0.467 0.067 0.222 0.267 0.907 0.911 0.800 1.000 1.000 1.000 0.850 0.705 0.488 נ
0.000 0.725 1.000 0.900 0.750 0.000 0.275 0.500 0.575 1.000 0.000 0.000 0.000 0.200 1.000 0.000 0.200 0.250 0.250 1.000 0.625 0.975 1.000 0.825 0.875 0.743 0.500 נ
0.000 0.622 0.741 0.556 0.422 0.000 0.489 0.741 0.911 0.756 0.000 0.000 0.093 0.822 0.622 0.044 0.111 0.111 0.533 0.822 0.622 1.000 1.000 1.000 0.889 0.732 0.512 נ
0.426 0.830 0.688 0.688 0.460 0.000 0.321 0.588 0.588 0.658 0.080 0.214 0.000 0.000 0.711 0.455 0.455 0.000 0.000 0.818 0.506 0.318 0.000 0.000 0.750 0.652 0.500 ה
0.219 0.950 1.000 0.900 0.594 0.031 0.350 0.500 0.700 0.750 0.000 0.000 0.000 0.511 0.667 0.000 0.000 0.000 0.650 0.812 0.812 0.875 0.875 0.975 0.969 0.743 0.507 נ
0.188 0.800 0.700 0.625 0.156 0.083 0.467 0.578 0.867 0.250 0.000 0.000 0.000 0.600 0.250 0.056 0.222 0.178 0.600 0.639 0.875 1.000 0.975 1.000 0.875 0.756 0.527 נ
0.507 1.000 0.956 0.469 0.035 0.098 0.353 0.835 0.676 0.039 0.000 0.000 0.388 0.782 0.065 0.366 0.529 0.824 0.929 0.686 0.861 0.800 0.294 0.488 0.451 0.722 0.491 ג
0.656 1.000 0.700 0.625 0.625 0.194 0.444 0.889 0.889 0.667 0.000 0.000 0.800 0.583 0.000 0.000 0.111 0.844 0.750 0.000 0.000 0.500 0.975 0.594 0.000 0.782 0.494 ז
0.792 1.000 0.500 0.750 0.750 0.222 0.556 0.074 0.741 1.000 0.000 0.000 0.000 0.667 1.000 0.000 0.000 0.000 0.667 1.000 0.000 0.000 0.000 0.667 1.000 0.803 0.494 ו
0.597 1.000 0.636 0.455 0.455 0.286 1.000 1.000 1.000 1.000 0.286 1.000 1.000 1.000 1.000 0.065 0.182 0.227 0.636 1.000 0.000 0.000 0.000 0.500 1.000 0.691 0.364 י
0.479 0.929 0.875 0.875 0.625 0.296 0.778 0.444 0.444 0.778 0.667 0.968 0.407 0.000 0.500 0.333 0.444 0.370 0.413 0.796 0.708 0.946 0.896 0.875 0.688 0.641 0.513 פ
0.222 0.417 0.833 0.833 0.222 0.381 0.714 1.000 1.000 0.333 0.000 0.250 1.000 1.000 0.333 0.000 0.286 1.000 1.000 0.429 0.444 0.833 1.000 1.000 1.000 0.750 0.394 1
0.400 0.800 1.000 1.000 0.467 0.425 0.688 0.688 0.675 0.425 0.000 0.000 0.000 0.000 0.000 0.287 0.500 0.625 0.562 0.262 0.733 0.733 0.893 0.893 0.600 0.858 0.507 :
0.042 0.633 0.933 0.733 0.583 0.429 0.629 0.171 0.543 1.000 0.000 0.000 0.533 0.967 0.667 0.000 0.400 0.714 0.486 0.286 0.083 0.833 1.000 1.000 1.000 0.661 0.350 2
0.000 0.417 0.917 1.000 0.600 0.455 0.909 1.000 1.000 0.200 1.000 1.000 1.000 1.000 0.200 0.545 0.924 1.000 1.000 0.200 0.000 0.500 0.933 1.000 0.520 0.755 0.350 (
0.000 0.083 0.500 0.833 0.778 0.619 0.893 1.000 0.821 0.143 1.000 1.000 1.000 0.750 0.000 0.762 0.964 1.000 0.750 0.000 0.000 0.458 0.944 0.875 0.167 0.768 0.350 (
0.542 1.000 1.000 1.000 0.792 0.667 0.722 0.460 0.481 0.889 0.708 1.000 0.393 0.000 0.542 0.370 0.444 0.317 0.296 0.833 0.688 0.875 0.875 0.875 0.792 0.645 0.500 פ
0.740 0.981 0.907 0.907 0.292 0.692 0.402 0.444 1.000 0.500 0.029 0.368 0.838 0.538 0.077 0.760 0.915 0.231 0.530 0.423 1.000 1.000 1.000 0.815 0.833 0.669 0.391 2
0.583 0.667 0.333 0.333 0.250 0.917 1.000 1.000 1.000 1.000 0.333 0.667 0.700 0.833 1.000 0.000 0.000 0.000 0.500 1.000 0.000 0.000 0.267 0.708 0.667 0.673 0.356 י
0.375 0.504 0.769 0.650 0.423 0.929 0.754 0.071 0.778 0.929 0.000 0.476 0.714 0.857 0.321 0.857 0.683 0.000 0.778 0.857 0.692 0.692 0.692 0.607 0.154 0.695 0.441 3
0.100 0.350 0.637 0.812 0.214 0.935 1.000 1.000 1.000 0.948 0.182 0.455 0.602 1.000 1.000 0.000 0.000 0.250 1.000 1.000 0.000 0.000 0.550 0.800 0.243 0.653 0.383 י
0.479 0.843 0.417 0.778 0.292 1.000 0.718 0.000 0.778 0.692 0.154 0.188 0.419 0.821 0.269 0.087 0.744 0.829 0.316 0.423 0.250 0.889 1.000 1.000 0.833 0.669 0.421 2
0.417 0.733 0.583 0.333 0.167 1.000 1.000 1.000 1.000 0.917 0.500 0.767 0.875 1.000 1.000 0.000 0.000 0.125 0.800 0.958 0.000 0.000 0.417 0.900 0.542 0.654 0.371 י
0.917 0.500 0.286 0.000 0.000 1.000 1.000 0.961 0.909 0.606 1.000 1.000 1.000 1.000 1.000 0.091 0.221 0.545 0.545 0.848 0.000 0.000 0.000 0.286 0.833 0.704 0.350 י
0.870 0.545 0.489 0.091 0.039 1.000 1.000 1.000 1.000 0.429 0.452 0.750 0.781 1.000 0.571 0.000 0.000 0.333 1.000 0.571 0.000 0.000 0.750 0.864 0.273 0.685 0.372 י
0.810 0.905 0.619 0.429 0.429 0.708 1.000 1.000 1.000 0.792 0.048 0.143 0.524 1.000 0.667 0.000 0.000 0.083 1.000 0.750 0.000 0.000 0.000 0.952 0.619 0.773 0.434 ו
0.909 0.649 0.455 0.455 0.130 0.299 1.000 1.000 1.000 0.935 0.156 0.545 0.610 1.000 1.000 0.000 0.000 0.078 0.740 1.000 0.000 0.000 0.455 0.948 0.675 0.657 0.342 י
0.829 0.504 0.623 0.484 0.308 0.745 0.947 0.947 0.992 0.854 0.474 0.271 0.000 0.857 0.692 1.000 0.571 0.000 0.857 0.692 1.000 0.393 0.000 0.857 0.607 0.640 0.497 ה
1.000 1.000 0.571 0.500 0.500 1.000 1.000 1.000 1.000 1.000 0.143 0.786 0.571 0.714 1.000 0.000 0.000 0.071 0.714 1.000 0.000 0.000 0.857 0.786 0.500 0.650 0.400 י
1.000 1.000 0.571 0.500 0.143 1.000 1.000 1.000 1.000 0.286 0.500 0.500 0.571 1.000 1.000 0.000 0.000 0.500 1.000 1.000 0.000 0.286 0.929 0.786 0.143 0.650 0.345 י
0.818 0.545 0.545 0.511 0.234 1.000 1.000 1.000 1.000 0.740 0.403 0.727 0.477 1.000 1.000 0.000 0.000 0.136 1.000 0.831 0.000 0.000 0.534 0.591 0.052 0.691 0.410 י
1.000 0.852 0.556 0.556 0.407 0.556 0.926 1.000 0.963 0.889 0.000 0.630 1.000 0.667 0.000 0.000 0.704 1.000 0.704 0.037 0.000 0.778 1.000 0.667 0.074 0.817 0.519 ז
0.875 0.804 0.625 0.589 0.167 0.704 0.810 0.667 0.429 0.556 0.852 0.206 0.000 0.095 0.889 0.963 0.556 0.222 0.492 0.889 0.396 0.982 1.000 0.893 0.292 0.628 0.520 ס
0.900 0.800 0.600 0.600 0.350 1.000 1.000 1.000 1.000 0.875 0.500 0.833 0.867 1.000 1.000 0.000 0.000 0.033 0.792 0.958 0.000 0.000 0.320 0.950 0.650 0.646 0.343 י
0.800 0.800 0.600 0.600 0.350 1.000 1.000 1.000 1.000 0.875 0.667 0.833 0.833 0.958 1.000 0.000 0.000 0.000 0.583 1.000 0.000 0.000 0.100 0.850 0.900 0.667 0.343 י
1.000 0.900 0.800 0.700 0.200 1.000 1.000 1.000 1.000 0.708 0.542 0.667 0.667 0.917 0.833 0.000 0.000 0.067 0.833 0.750 0.000 0.000 0.440 0.850 0.500 0.646 0.343 י
0.958 0.958 0.875 0.708 0.625 0.375 0.583 0.750 0.917 1.000 0.000 0.000 0.000 0.667 1.000 0.000 0.000 0.000 0.458 1.000 0.000 0.000 0.000 0.333 1.000 0.797 0.507 ו
0.943 0.714 0.571 0.714 0.457 0.450 0.625 0.292 0.333 0.100 0.400 0.208 0.000 0.000 0.125 0.450 0.208 0.000 0.000 0.125 0.600 0.167 0.000 0.000 0.229 0.647 0.493 ח
0.938 0.938 0.750 0.750 0.562 0.333 0.611 0.844 0.639 0.500 0.000 0.667 0.800 0.000 0.000 0.000 0.500 0.956 0.389 0.000 0.000 0.656 0.825 0.250 0.000 0.782 0.513 ז
0.917 1.000 0.750 0.750 0.750 0.481 0.704 1.000 0.852 0.556 0.000 0.630 1.000 0.667 0.000 0.000 1.000 1.000 0.926 0.259 0.000 0.792 1.000 0.875 0.250 0.808 0.494 ז
0.875 1.000 0.812 0.750 0.531 0.444 0.556 0.722 0.944 1.000 0.000 0.000 0.000 0.750 1.000 0.000 0.000 0.000 0.750 1.000 0.000 0.000 0.000 0.750 0.969 0.789 0.521 ו
0.875 0.750 0.750 0.750 0.750 0.292 0.583 0.375 0.375 0.896 0.500 0.037 0.000 0.000 0.833 0.604 0.208 0.000 0.000 0.833 0.667 0.333 0.000 0.000 0.833 0.635 0.500 ח
0.833 0.929 0.875 0.768 0.271 0.833 0.619 0.603 0.778 0.796 0.981 0.905 0.222 0.143 0.926 0.630 0.714 0.508 0.587 0.833 1.000 0.982 1.000 0.946 0.479 0.628 0.520 פ
0.865 1.000 1.000 0.844 0.688 0.294 0.529 1.000 0.804 0.363 0.000 0.353 1.000 1.000 0.147 0.000 0.500 1.000 1.000 0.000 0.000 0.500 0.833 0.750 0.000 0.810 0.520 ז
0.800 0.886 0.857 0.857 0.514 0.629 0.600 0.429 0.429 0.714 0.914 0.771 0.314 0.000 0.114 0.457 0.286 0.057 0.000 0.229 0.686 0.771 0.943 1.000 0.829 0.643 0.522 פ
0.979 0.375 0.411 0.929 0.708 0.704 0.921 0.429 0.698 0.704 0.759 0.683 0.937 0.825 0.037 0.963 0.492 0.460 0.984 0.611 0.854 0.839 0.000 0.589 0.938 0.628 0.494 א
1.000 1.000 1.000 1.000 0.536 0.294 0.498 0.475 0.842 0.667 0.000 0.000 0.000 0.615 0.667 0.529 0.529 0.529 0.819 0.843 0.750 0.750 0.750 0.846 0.750 0.627 0.527 ב
0.167 0.861 0.500 0.500 0.222 0.214 0.810 0.796 0.881 0.810 0.214 0.452 0.000 0.048 0.714 0.667 0.690 0.000 0.000 0.595 0.972 0.806 0.024 0.000 0.167 0.534 0.558 ת
0.464 0.839 0.625 0.625 0.411 0.250 0.964 0.734 0.679 0.946 0.250 0.714 0.000 0.000 0.857 0.429 0.929 0.125 0.000 0.857 0.982 1.000 0.312 0.000 0.750 0.600 0.548 ת
0.500 1.000 1.000 0.938 0.528 0.175 0.500 0.500 0.656 0.712 0.000 0.000 0.000 0.000 0.400 0.150 0.433 0.500 0.500 0.712 0.917 1.000 1.000 1.000 0.889 0.557 0.550 ב
0.533 0.722 0.667 0.556 0.233 0.400 0.714 0.714 0.714 0.743 0.343 0.000 0.000 0.000 0.343 0.829 0.333 0.190 0.238 0.371 1.000 1.000 0.944 0.972 0.800 0.586 0.547 ם
0.589 0.911 0.875 0.875 0.518 0.232 0.750 0.625 0.518 0.768 0.286 0.571 0.000 0.000 0.625 0.357 0.714 0.000 0.000 0.571 0.964 0.786 0.000 0.000 0.536 0.613 0.541 ת
0.604 0.768 0.411 0.375 0.292 0.625 0.875 0.875 0.946 0.938 0.000 0.000 0.000 0.179 1.000 0.000 0.000 0.000 0.143 1.000 0.000 0.000 0.000 0.143 1.000 0.637 0.548 ר
0.625 0.786 0.625 0.625 0.232 0.444 0.698 0.698 0.873 0.571 0.000 0.000 0.000 0.349 0.571 0.111 0.222 0.190 0.524 0.460 0.929 1.000 1.000 1.000 0.982 0.603 0.534 ב
0.667 0.821 0.750 0.714 0.250 0.407 0.556 0.556 0.841 0.667 0.000 0.000 0.000 0.413 0.667 0.185 0.333 0.365 0.746 0.741 0.958 1.000 1.000 1.000 1.000 0.628 0.557 ב
0.683 0.714 0.683 0.778 0.667 0.349 0.667 0.667 0.762 0.825 0.397 0.317 0.000 0.397 0.571 1.000 0.381 0.000 0.381 0.762 0.952 0.302 0.000 0.381 0.730 0.622 0.562 ה
0.714 0.732 0.625 0.625 0.429 0.603 0.825 0.667 0.730 0.968 0.714 0.175 0.000 0.000 0.857 0.714 0.429 0.222 0.286 0.921 0.804 1.000 1.000 0.982 0.875 0.603 0.557 ם
0.714 0.762 0.667 0.667 0.635 0.317 0.556 0.683 0.619 0.857 0.302 0.317 0.000 0.365 0.841 0.873 0.508 0.000 0.333 0.857 0.968 0.429 0.000 0.381 0.825 0.622 0.562 ה
0.714 0.703 0.484 0.750 0.179 0.476 0.958 0.819 0.889 0.667 0.321 0.531 0.000 0.188 0.821 0.619 0.278 0.222 0.222 0.683 0.821 0.625 1.000 1.000 0.518 0.553 0.543 מ
0.508 0.651 0.556 0.540 0.317 0.254 0.952 0.778 0.794 0.810 0.190 0.730 0.014 0.016 0.746 0.460 0.873 0.042 0.000 0.714 1.000 0.984 0.111 0.000 0.635 0.610 0.547 ת
0.701 0.410 0.389 0.385 0.269 0.802 1.000 0.838 0.960 0.854 0.733 0.623 0.020 0.494 0.680 0.899 0.538 0.000 0.538 0.717 0.761 0.432 0.000 0.474 0.662 0.635 0.567 ח
0.254 0.847 0.708 0.736 0.413 0.095 0.861 0.750 0.639 0.825 0.111 0.833 0.028 0.000 0.841 0.524 0.958 0.167 0.000 0.857 0.825 0.903 0.292 0.000 0.714 0.585 0.562 ת
0.214 0.812 0.625 0.625 0.339 0.071 0.750 0.781 0.734 0.857 0.000 0.703 0.031 0.016 0.875 0.214 0.875 0.125 0.000 0.821 0.893 1.000 0.344 0.000 0.732 0.575 0.548 ת
0.571 0.656 0.214 0.547 0.196 0.333 0.917 0.762 0.806 0.762 0.286 0.611 0.032 0.000 0.730 0.746 0.292 0.317 0.264 0.619 0.786 0.531 1.000 1.000 0.607 0.577 0.565 מ
0.607 0.696 0.172 0.554 0.321 0.679 0.804 0.859 0.804 1.000 0.607 0.286 0.078 0.000 0.714 0.589 0.714 0.250 0.268 0.679 0.500 1.000 1.000 0.982 0.321 0.600 0.548 ט
0.381 0.764 0.444 0.500 0.317 0.444 1.000 1.000 1.000 0.873 0.429 0.587 0.100 0.125 0.829 0.508 0.694 0.250 0.361 0.778 0.857 1.000 1.000 1.000 0.905 0.595 0.560 ם
0.600 0.583 0.500 0.500 0.433 0.543 1.000 1.000 1.000 0.943 0.371 0.214 0.143 0.143 0.571 0.600 0.167 0.000 0.000 0.600 0.733 0.167 0.000 0.000 0.600 0.586 0.547 ח
0.500 0.281 0.766 0.328 0.516 0.641 0.281 0.641 0.203 0.609 0.417 0.028 0.167 0.028 0.056 0.344 0.484 0.219 0.391 0.094 0.156 0.938 0.891 0.500 0.000 0.514 0.552 ש
0.583 0.821 0.643 0.625 0.292 0.481 0.841 0.651 0.825 0.889 0.852 0.905 0.365 0.032 0.741 0.519 0.508 0.381 0.286 0.852 0.833 1.000 1.000 1.000 0.708 0.628 0.534 פ
0.703 0.528 0.792 0.542 0.594 0.722 0.630 0.827 0.580 0.931 0.542 0.235 0.494 0.309 0.431 0.569 0.852 0.444 0.741 0.056 0.359 1.000 0.986 0.431 0.000 0.500 0.534 ש
0.667 0.395 0.716 0.543 0.458 0.681 0.802 0.889 0.765 0.986 0.542 0.481 0.556 0.210 0.556 0.542 0.914 0.543 0.704 0.083 0.319 0.938 0.926 0.519 0.000 0.524 0.562 ש
0.340 0.479 0.375 0.340 0.073 0.523 1.000 1.000 1.000 0.632 0.326 0.934 0.668 0.562 1.000 0.378 0.688 0.349 0.312 0.934 0.562 0.705 1.000 1.000 0.736 0.573 0.556 מ
0.000 0.450 0.934 0.722 0.722 0.303 0.426 0.960 0.910 1.000 0.776 0.436 0.787 0.461 0.958 0.026 0.732 0.975 0.281 0.905 0.000 0.251 0.698 0.185 0.622 0.449 0.556 ה
0.600 0.467 0.111 0.800 0.800 0.886 0.857 0.500 1.000 1.000 0.571 0.800 0.976 0.886 0.543 1.000 0.714 0.619 0.943 0.771 1.000 0.933 0.278 0.533 1.000 0.621 0.547 א
0.567 0.100 0.100 0.833 0.633 0.886 0.714 0.229 0.800 0.971 0.457 0.743 1.000 1.000 0.371 0.943 0.600 0.629 0.971 0.686 1.000 0.867 0.200 0.333 0.833 0.638 0.547 א
0.741 0.524 0.159 0.698 0.537 0.722 0.905 0.317 0.825 0.704 0.000 0.413 0.651 0.635 0.000 0.000 0.111 0.619 0.937 0.481 0.500 0.937 1.000 1.000 0.963 0.646 0.562 צ
0.750 0.821 0.750 0.714 0.292 0.222 0.460 0.556 0.746 0.667 0.000 0.000 0.000 0.286 0.667 0.130 0.222 0.206 0.397 0.556 0.792 1.000 1.000 1.000 0.979 0.618 0.567 ב
0.833 0.679 0.214 0.929 0.750 0.407 0.714 0.206 0.651 0.537 0.000 0.250 0.786 0.179 0.000 0.037 0.111 0.476 0.381 0.444 0.354 1.000 1.000 1.000 0.833 0.618 0.551 צ
0.850 0.800 0.800 0.750 0.463 0.712 0.800 0.800 0.800 0.850 0.000 0.000 0.000 0.000 0.550 0.000 0.000 0.000 0.000 0.488 0.000 0.000 0.000 0.000 0.475 0.598 0.548 ר
0.854 0.542 0.500 0.479 0.167 0.685 0.778 0.778 0.870 0.741 0.000 0.000 0.000 0.111 0.815 0.111 0.222 0.238 0.481 0.907 0.896 1.000 1.000 1.000 0.521 0.654 0.534 כ
0.873 0.714 0.667 0.667 0.286 0.381 0.746 0.778 0.873 0.794 0.000 0.000 0.000 0.302 0.857 0.000 0.000 0.000 0.286 0.905 0.000 0.000 0.000 0.286 0.746 0.622 0.562 ר
0.896 0.804 0.625 0.625 0.354 0.593 0.889 0.889 0.937 0.944 0.000 0.000 0.000 0.175 1.000 0.000 0.000 0.000 0.143 1.000 0.000 0.000 0.000 0.143 0.938 0.628 0.557 ר
0.958 0.786 0.750 0.696 0.271 0.519 0.556 0.587 0.857 0.500 0.000 0.000 0.000 0.571 0.500 0.222 0.222 0.222 0.730 0.519 1.000 0.964 1.000 0.982 0.896 0.628 0.557 ב
0.979 0.875 0.875 0.875 0.646 0.458 0.500 0.500 0.625 1.000 0.000 0.000 0.000 0.019 0.704 0.000 0.000 0.000 0.000 0.667 0.000 0.000 0.000 0.125 0.896 0.649 0.552 ר
0.833 0.708 0.229 0.750 0.375 0.389 0.944 0.722 0.796 0.963 0.125 0.583 0.000 0.000 0.542 0.611 0.093 0.204 0.222 0.556 0.583 0.229 1.000 1.000 0.958 0.605 0.567 מ
0.800 0.500 0.333 0.333 0.333 0.771 1.000 1.000 1.000 1.000 0.229 0.167 0.143 0.143 0.829 0.771 0.167 0.000 0.000 0.800 0.867 0.167 0.000 0.000 0.800 0.586 0.547 ה
0.750 0.901 0.901 0.951 0.708 0.389 0.617 0.667 0.741 0.708 0.250 0.025 0.000 0.222 0.583 0.736 0.111 0.000 0.049 0.653 0.750 0.086 0.000 0.222 0.722 0.567 0.562 ה
0.815 0.143 0.333 0.683 0.537 0.574 0.778 0.222 0.683 0.741 0.259 0.571 0.794 0.540 0.037 0.944 0.349 0.397 0.937 0.537 0.833 0.794 0.063 0.397 0.889 0.646 0.554 א
0.800 0.567 0.500 0.500 0.500 0.667 0.833 0.833 0.900 0.933 0.267 0.000 0.000 0.400 0.600 1.000 0.000 0.000 0.000 0.600 0.933 0.000 0.000 0.000 0.867 0.583 0.566 ה
0.857 0.679 0.214 0.661 0.518 0.556 0.571 0.508 0.365 0.714 0.464 0.143 0.000 0.000 0.518 0.524 0.397 0.222 0.317 0.587 0.321 0.929 0.946 0.946 0.268 0.592 0.543 ט
0.875 0.531 0.875 0.578 0.594 0.583 0.542 0.875 0.444 0.958 0.486 0.333 0.542 0.167 0.403 0.403 0.889 0.333 0.694 0.042 0.219 1.000 1.000 0.469 0.000 0.488 0.557 ש
0.875 0.750 0.819 0.722 0.500 0.639 0.728 0.901 0.667 0.972 0.625 0.519 0.519 0.333 0.611 0.569 0.926 0.444 0.765 0.111 0.359 0.986 1.000 0.514 0.000 0.500 0.557 ש
1.000 0.500 0.528 0.556 0.100 0.943 1.000 0.762 0.810 0.743 0.629 0.452 0.024 0.048 0.486 0.800 0.262 0.286 0.286 0.429 0.867 0.722 1.000 1.000 0.933 0.586 0.547 מ
0.746 0.635 0.444 0.444 0.222 0.698 0.905 0.778 0.778 0.841 0.635 0.159 0.000 0.000 0.762 0.714 0.333 0.143 0.238 0.905 0.635 0.889 0.889 0.889 0.825 0.622 0.562 ם
0.857 0.821 0.750 0.696 0.214 0.683 0.825 0.667 0.857 0.825 0.683 0.286 0.000 0.159 0.873 0.683 0.508 0.222 0.349 0.794 0.464 0.929 1.000 0.964 0.411 0.603 0.557 ס
0.719 0.578 0.708 0.547 0.672 0.819 0.736 0.827 0.611 0.958 0.708 0.361 0.543 0.181 0.556 0.639 0.778 0.506 0.819 0.181 0.375 1.000 1.000 0.562 0.000 0.526 0.534 ש
0.812 0.521 0.375 0.375 0.292 0.907 0.778 0.667 0.704 0.963 0.796 0.000 0.000 0.000 0.630 0.796 0.111 0.000 0.000 0.407 0.979 0.938 0.875 0.875 0.938 0.654 0.557 ם
0.900 0.300 0.167 0.867 0.733 0.943 0.800 0.595 1.000 1.000 0.829 0.857 1.000 0.771 0.314 1.000 0.686 0.595 0.943 0.686 1.000 0.867 0.278 0.467 0.900 0.621 0.547 א
0.854 0.732 0.625 0.625 0.521 0.815 0.794 0.667 0.746 1.000 0.870 0.254 0.000 0.016 0.704 0.907 0.286 0.222 0.286 0.870 0.958 1.000 1.000 1.000 0.833 0.628 0.557 ם
0.729 0.667 0.500 0.500 0.312 0.870 0.685 0.524 0.667 0.519 0.889 0.630 0.206 0.000 0.370 0.444 0.519 0.286 0.241 0.685 0.833 0.979 1.000 1.000 0.729 0.654 0.557 פ
0.786 0.792 0.625 0.625 0.505 0.688 0.807 0.625 0.703 0.990 0.922 0.250 0.000 0.000 0.703 0.255 0.031 0.078 0.062 0.849 0.365 0.807 0.823 0.917 0.833 0.625 0.556 ם
0.828 0.706 0.706 0.706 0.583 0.779 0.824 0.765 0.922 0.902 0.975 0.250 0.000 0.667 0.583 1.000 0.250 0.000 0.667 0.583 0.779 0.103 0.000 0.471 0.412 0.647 0.567 ח
0.828 0.706 0.706 0.525 0.152 1.000 0.932 0.880 1.000 0.667 1.000 0.880 0.380 0.423 0.759 0.954 0.637 0.551 0.679 0.667 1.000 1.000 1.000 0.946 0.387 0.649 0.560 פ
0.889 0.619 0.556 0.556 0.556 0.593 0.667 0.667 0.857 0.889 0.000 0.000 0.000 0.698 0.556 0.000 0.143 0.317 0.841 0.815 0.000 0.302 0.746 0.921 0.759 0.646 0.577 ד
0.794 0.778 0.778 0.542 0.032 0.524 0.667 0.736 1.000 0.143 0.000 0.000 0.014 0.889 0.143 0.286 0.333 0.347 0.931 0.254 0.905 0.972 1.000 1.000 0.714 0.585 0.577 ב
0.571 0.429 0.429 0.429 0.333 0.452 0.857 0.857 0.881 0.881 0.357 0.000 0.000 0.167 0.619 0.500 0.000 0.000 0.167 0.667 0.619 0.000 0.000 0.167 0.667 0.581 0.585 ח
0.746 0.683 0.667 0.667 0.587 0.444 0.556 0.556 0.873 0.635 0.000 0.000 0.048 0.810 0.429 0.000 0.000 0.143 1.000 0.429 0.000 0.000 0.127 0.937 0.381 0.622 0.586 ד
0.750 0.396 0.375 0.375 0.292 0.815 0.852 0.746 0.796 0.926 0.704 0.037 0.000 0.000 0.333 0.722 0.148 0.032 0.148 0.481 0.958 0.958 0.893 0.958 1.000 0.654 0.582 ם
0.800 0.667 0.571 0.571 0.514 0.571 0.857 0.857 0.857 0.886 0.257 0.048 0.000 0.000 0.600 1.000 0.167 0.000 0.000 0.600 0.743 0.095 0.000 0.190 0.714 0.613 0.585 ה
0.828 0.485 0.412 0.412 0.118 1.000 1.000 1.000 1.000 0.681 0.892 0.132 0.059 0.294 0.975 0.912 0.250 0.176 0.382 0.583 0.755 1.000 1.000 1.000 0.583 0.647 0.586 ם
0.600 0.690 0.571 0.571 0.514 0.514 0.881 0.857 0.857 0.886 0.686 0.167 0.000 0.000 0.600 1.000 0.167 0.000 0.000 0.600 0.857 0.143 0.000 0.000 0.600 0.613 0.585 ח
0.926 0.630 0.556 0.556 0.556 0.611 0.778 0.741 0.759 0.926 0.333 0.185 0.000 0.556 0.667 1.000 0.333 0.000 0.611 0.815 0.981 0.259 0.000 0.463 0.685 0.634 0.586 ה
0.651 0.714 0.556 0.556 0.683 0.349 0.667 0.667 0.714 0.921 0.175 0.254 0.000 0.143 0.778 0.714 0.571 0.000 0.238 0.857 0.714 0.508 0.000 0.302 0.841 0.622 0.586 ה
0.981 0.667 0.611 0.981 0.741 0.500 0.852 0.648 0.889 0.833 0.000 0.317 0.900 0.883 0.050 0.167 0.426 0.741 1.000 0.833 0.667 0.889 0.981 0.889 0.852 0.643 0.568 צ
0.907 0.741 0.667 0.667 0.667 0.722 0.926 0.778 0.815 0.926 0.759 0.370 0.000 0.389 0.741 0.833 0.333 0.000 0.352 1.000 0.833 0.444 0.000 0.278 0.852 0.634 0.586 ח
0.958 0.729 0.333 0.792 0.375 0.481 0.944 0.704 0.796 0.981 0.542 0.375 0.000 0.000 0.771 0.796 0.093 0.444 0.481 0.944 0.729 0.583 1.000 1.000 0.958 0.605 0.585 מ
0.603 0.730 0.667 0.667 0.603 0.529 0.900 0.900 0.957 1.000 0.286 0.400 0.000 0.571 1.000 0.971 0.714 0.000 0.571 1.000 0.968 0.635 0.000 0.540 0.762 0.636 0.587 ה
0.778 0.746 0.556 0.556 0.241 0.704 0.937 0.778 0.841 0.963 0.667 0.429 0.000 0.032 0.852 0.778 0.619 0.111 0.206 0.907 0.352 0.968 1.000 0.968 0.537 0.646 0.586 ס
0.819 0.434 0.412 0.819 0.367 0.819 1.000 0.724 0.982 0.796 0.014 0.493 0.846 0.602 0.036 0.041 0.308 0.910 0.873 0.357 0.683 1.000 1.000 1.000 0.502 0.618 0.586 צ
1.000 0.790 1.000 1.000 0.706 0.500 0.718 0.778 0.968 0.846 0.782 0.508 0.000 0.857 0.692 1.000 0.571 0.000 0.857 0.778 0.855 0.227 0.000 0.655 0.529 0.619 0.579 ה
0.714 0.667 0.524 0.556 0.508 0.508 0.931 0.778 0.861 0.952 0.381 0.528 0.000 0.375 0.603 0.429 0.500 0.000 0.375 0.825 0.460 0.486 0.000 0.375 0.810 0.598 0.586 ח
0.979 0.458 0.292 0.875 0.667 0.574 0.944 0.333 0.685 0.537 0.574 0.667 0.889 0.944 0.167 0.981 0.519 0.315 0.963 0.519 0.792 0.938 0.104 0.396 0.938 0.615 0.582 א
0.639 0.383 0.432 0.580 0.181 0.458 0.852 0.642 0.926 0.292 0.292 0.728 0.975 0.543 0.000 0.778 0.617 0.741 0.840 0.153 0.583 0.877 0.123 0.852 0.639 0.524 0.577 א
0.706 0.614 0.210 0.882 0.549 0.593 0.986 0.062 0.469 0.907 0.000 0.747 0.062 0.000 0.648 0.000 0.677 0.479 0.010 0.333 0.000 0.699 0.853 0.048 0.353 0.560 0.579 װ
0.571 0.722 0.347 0.944 0.698 0.238 0.944 0.736 0.875 0.635 0.460 0.847 0.917 1.000 0.143 0.905 0.861 0.653 1.000 0.651 0.635 0.917 0.625 0.431 0.746 0.585 0.577 א
0.825 0.500 0.431 0.722 0.476 0.587 0.972 0.569 0.986 0.698 0.381 0.986 0.972 0.833 0.048 0.937 0.764 0.653 0.972 0.365 0.778 1.000 0.222 0.819 0.683 0.585 0.569 א
0.829 0.754 0.468 0.627 0.151 0.532 1.000 1.000 1.000 0.921 0.591 1.000 1.000 1.000 1.000 0.956 1.000 1.000 1.000 0.972 0.667 0.679 0.722 0.782 0.631 0.616 0.570 מ
0.938 0.450 0.278 0.950 0.162 0.950 1.000 0.844 0.875 0.162 0.886 1.000 1.000 1.000 0.273 1.000 1.000 0.933 1.000 0.938 0.913 0.875 0.267 0.375 0.825 0.606 0.587 א
0.696 0.429 0.875 0.214 0.857 0.536 0.321 0.554 0.107 0.661 0.214 0.107 0.161 0.000 0.446 0.286 0.357 0.214 0.482 0.232 0.250 0.946 0.893 0.768 0.000 0.514 0.590 ש
0.746 0.905 0.500 0.889 0.476 0.254 0.889 0.639 0.587 0.873 0.500 0.486 0.000 0.000 0.614 0.810 0.381 0.667 0.667 0.905 0.397 0.302 0.778 0.841 0.587 0.619 0.592 מ
0.857 0.929 0.672 0.964 0.393 0.464 1.000 0.719 0.750 0.893 0.365 0.556 0.014 0.048 0.905 0.661 0.143 0.359 0.375 0.911 0.625 0.518 1.000 1.000 0.750 0.568 0.597 מ
0.464 0.500 0.344 0.589 0.089 0.143 0.589 0.531 0.607 0.607 0.127 0.429 0.014 0.000 0.460 0.518 0.107 0.281 0.179 0.571 0.732 0.357 1.000 0.964 0.857 0.568 0.597 מ
0.556 0.514 0.194 0.694 0.413 0.444 0.917 0.514 0.917 0.889 0.200 0.825 0.850 0.550 0.171 0.810 0.806 0.528 0.972 0.540 0.460 1.000 0.389 0.500 0.968 0.595 0.600 א
0.810 0.492 0.190 0.762 0.587 0.587 0.952 0.508 0.762 0.841 0.471 0.714 0.971 0.971 0.229 0.905 0.698 0.397 0.937 0.762 0.603 0.889 0.286 0.381 0.905 0.631 0.600 א
0.543 0.925 0.600 0.900 0.743 0.195 0.898 0.455 0.648 0.714 0.039 0.568 0.784 0.886 0.247 0.078 0.455 1.000 0.898 0.078 0.800 0.812 0.488 0.112 0.000 0.653 0.613 ע
0.893 0.661 0.375 0.786 0.250 0.250 0.839 0.406 0.482 0.893 0.393 0.286 0.000 0.000 0.714 0.571 0.143 0.250 0.286 0.821 0.375 0.232 0.938 0.875 0.768 0.556 0.621 מ
0.262 0.061 0.224 0.102 0.667 1.000 0.551 1.000 0.612 0.952 0.646 0.250 0.482 0.107 0.688 0.262 0.429 0.143 0.184 0.333 0.071 0.918 0.959 0.918 0.143 0.547 0.627 ש
0.951 0.706 0.706 0.510 0.289 0.779 0.824 0.765 0.824 0.657 0.975 0.250 0.000 0.642 0.583 1.000 0.250 0.000 0.667 0.583 0.902 0.103 0.000 0.544 0.461 0.647 0.630 ח
0.875 0.625 0.625 0.625 0.625 0.389 0.444 0.444 0.463 0.759 0.352 0.074 0.000 0.241 0.833 0.889 0.056 0.000 0.167 0.907 0.896 0.104 0.000 0.229 0.896 0.654 0.650 ה
0.082 0.000 0.041 0.000 0.469 0.839 0.429 0.893 0.661 0.714 0.464 0.464 0.500 0.196 0.536 0.286 0.696 0.375 0.286 0.571 0.000 0.857 1.000 1.000 0.224 0.544 0.654 ש
0.651 0.806 0.444 0.597 0.159 0.413 0.958 0.889 0.944 0.841 0.302 0.764 0.125 0.208 0.905 0.873 0.625 0.472 0.694 0.968 0.889 0.944 1.000 1.000 0.746 0.585 0.661 מ
0.651 0.794 0.476 0.810 0.746 0.365 0.778 0.619 0.810 0.794 0.000 0.143 0.905 0.905 0.095 0.048 0.111 0.317 0.937 0.762 0.492 0.952 0.968 0.968 0.825 0.622 0.661 צ
0.071 0.000 0.061 0.041 0.643 0.929 0.653 0.918 0.755 0.786 0.476 0.408 0.449 0.224 0.619 0.286 0.612 0.408 0.388 0.619 0.119 0.918 1.000 1.000 0.238 0.586 0.673 ש
1.000 0.733 0.667 0.733 0.400 0.629 0.629 0.667 0.714 0.686 0.000 0.000 0.000 0.000 0.257 0.229 0.286 0.286 0.343 0.514 0.967 1.000 1.000 1.000 0.667 0.621 0.674 כ
0.125 0.018 0.054 0.054 0.286 0.929 0.536 0.839 0.607 0.750 0.661 0.286 0.571 0.125 0.518 0.500 0.464 0.286 0.321 0.089 0.250 0.893 0.875 0.768 0.071 0.569 0.679 ש
0.857 0.696 0.286 0.893 0.375 0.268 0.821 0.643 0.661 0.875 0.393 0.375 0.000 0.000 0.571 0.571 0.089 0.125 0.214 0.732 0.643 0.286 1.000 1.000 0.893 0.569 0.692 מ
0.679 0.305 0.219 0.369 0.040 0.893 0.973 0.797 0.960 0.668 0.610 0.433 0.043 0.120 0.722 0.722 0.249 0.409 0.380 0.596 0.508 0.922 1.000 1.000 0.781 0.618 0.702 מ
0.819 0.298 0.202 0.706 0.412 0.615 0.885 0.401 0.929 0.761 0.487 0.762 0.889 0.857 0.120 1.000 0.552 0.437 0.937 0.286 1.000 0.845 0.000 0.584 0.692 0.619 0.730 א
0.958 0.571 0.625 0.750 0.708 0.481 0.556 0.556 0.571 0.815 0.315 0.159 0.000 0.302 0.833 1.000 0.286 0.000 0.270 0.981 0.958 0.214 0.000 0.286 0.958 0.641 0.750 ה
0.833 0.542 0.500 0.500 0.292 0.741 0.778 0.778 0.889 0.796 0.000 0.000 0.000 0.333 0.833 0.185 0.222 0.222 0.481 0.815 0.979 1.000 1.000 1.000 1.000 0.654 0.750 ב
0.800 0.700 0.600 0.500 0.150 1.000 1.000 1.000 1.000 0.750 0.300 0.700 0.500 0.750 0.950 0.000 0.000 0.000 0.250 1.000 0.000 0.000 0.050 0.500 0.750 0.619 1.000 י
0.000 0.000 0.333 0.333 0.400 0.000 0.400 0.900 0.900 0.960 0.120 0.933 1.000 1.000 1.000 0.600 1.000 1.000 1.000 0.600 0.800 1.000 1.000 1.000 0.200 0.396 1.000 ,,
0.000 0.714 0.886 0.143 0.000 0.000 0.050 0.200 0.225 0.000 0.000 0.000 0.150 0.625 0.062 0.312 0.400 0.625 0.775 0.812 1.000 0.971 0.429 0.371 1.000 0.721 0.548 ג
0.000 0.653 0.794 0.676 0.229 0.000 0.400 0.739 1.000 0.556 0.000 0.000 0.200 1.000 0.556 0.290 0.444 0.556 1.000 0.630 0.765 0.882 0.765 0.765 0.503 0.738 0.560 נ
0.000 0.800 0.850 0.750 0.562 0.000 0.267 0.556 0.778 1.000 0.000 0.000 0.000 0.578 1.000 0.222 0.356 0.311 0.711 1.000 0.938 0.975 0.950 1.000 0.938 0.756 0.534 נ
0.250 1.000 0.938 0.875 0.500 0.028 0.361 0.667 0.917 1.000 0.000 0.000 0.083 0.833 0.778 0.194 0.389 0.500 0.917 1.000 1.000 1.000 1.000 1.000 1.000 0.744 0.534 נ
0.222 1.000 1.000 0.861 0.076 0.056 0.250 0.465 1.000 0.069 0.000 0.000 0.111 1.000 0.424 0.215 0.632 0.889 1.000 0.917 0.653 0.688 0.549 0.132 0.889 0.719 0.533 ג
0.200 0.979 0.875 0.667 0.125 0.067 0.426 0.622 0.944 0.200 0.000 0.000 0.000 0.833 0.222 0.089 0.407 0.533 0.926 0.800 0.850 1.000 0.800 0.479 0.900 0.705 0.534 ג
0.360 0.980 0.940 0.900 0.640 0.080 0.440 0.660 0.780 0.780 0.000 0.000 0.000 0.218 0.727 0.080 0.360 0.500 0.700 1.000 0.700 1.000 0.980 0.580 0.800 0.777 0.587 ג
0.250 1.000 0.825 0.625 0.500 0.094 0.375 0.475 0.625 0.938 0.000 0.000 0.000 0.250 1.000 0.062 0.250 0.300 0.406 0.750 0.531 1.000 0.850 0.125 0.125 0.770 0.552 ג
0.438 1.000 0.900 0.825 0.344 0.111 0.578 0.733 1.000 0.417 0.000 0.000 0.200 1.000 0.250 0.194 0.222 0.333 1.000 0.639 1.000 1.000 1.000 1.000 0.844 0.756 0.542 נ
0.656 0.744 0.056 0.444 0.719 0.118 0.394 0.559 0.353 0.941 0.000 0.018 0.929 0.865 0.188 0.000 0.024 0.371 0.882 0.812 0.000 0.575 0.831 0.750 0.675 0.684 0.530 צ
0.575 0.875 0.750 0.650 0.100 0.200 0.575 0.800 1.000 0.250 0.000 0.000 0.200 1.000 0.250 0.250 0.450 0.750 1.000 0.775 0.750 0.950 0.600 0.250 0.900 0.738 0.571 ג
0.700 0.950 0.750 0.575 0.075 0.267 0.533 0.833 0.867 0.133 0.000 0.000 0.241 0.867 0.222 0.178 0.400 0.667 1.000 0.844 0.900 1.000 0.688 0.550 0.950 0.718 0.557 ג
0.500 1.000 0.800 0.725 0.469 0.278 0.689 1.000 0.889 0.556 0.000 0.378 1.000 0.400 0.000 0.000 0.600 1.000 0.711 0.000 0.000 0.625 0.975 0.650 0.000 0.756 0.549 ז
0.750 0.900 0.800 0.750 0.425 0.318 0.545 0.886 0.977 0.659 0.000 0.250 0.875 0.925 0.350 0.000 0.364 0.932 1.000 0.500 0.000 0.450 0.975 0.875 0.350 0.833 0.571 ז
0.542 0.759 0.700 0.676 0.229 0.346 0.350 0.589 1.000 0.679 0.000 0.250 0.939 0.611 0.216 0.000 0.050 0.444 0.150 0.000 0.000 0.376 0.882 0.688 0.000 0.738 0.564 ?
0.583 0.833 0.667 0.667 0.667 0.357 0.714 0.714 1.000 1.000 0.000 0.000 0.000 0.143 1.000 0.000 0.000 0.000 0.143 1.000 0.000 0.000 0.000 0.833 1.000 0.828 0.547 ו
0.733 0.583 0.333 0.767 0.533 0.409 0.894 0.409 0.485 0.788 0.076 0.848 0.561 0.652 0.258 0.045 0.258 0.924 0.985 0.152 0.917 0.900 0.567 0.250 0.000 0.694 0.671 ע
0.625 0.875 0.656 0.625 0.469 0.417 0.667 0.833 1.000 0.917 0.000 0.000 0.111 0.750 1.000 0.000 0.000 0.000 0.250 1.000 0.000 0.000 0.000 0.312 0.969 0.795 0.534 ו
0.688 0.875 0.562 0.500 0.406 0.444 0.778 0.944 0.944 0.722 0.000 0.000 0.750 0.750 0.000 0.000 0.167 0.833 0.944 0.194 0.000 0.250 0.875 0.938 0.188 0.795 0.582 ז
0.491 0.802 1.000 0.841 0.537 0.465 0.759 0.947 0.797 0.509 0.000 0.000 0.000 0.000 0.000 0.149 0.519 0.895 0.594 0.193 0.546 0.841 1.000 1.000 0.667 0.837 0.636 :
0.745 0.828 0.828 0.706 0.461 0.475 0.863 0.765 0.843 1.000 0.917 0.966 0.436 0.020 0.843 0.779 0.877 0.647 0.569 0.951 0.951 0.706 0.706 0.706 0.402 0.671 0.570 פ
0.521 0.583 0.375 0.375 0.250 0.583 0.854 0.875 0.896 0.854 0.917 0.708 0.179 0.000 0.542 0.271 0.312 0.107 0.083 0.500 0.792 0.979 0.875 0.958 0.792 0.663 0.541 פ
0.625 0.900 0.725 0.660 0.475 0.700 0.960 1.000 1.000 1.000 0.000 0.240 1.000 1.000 0.250 0.000 0.560 1.000 1.000 0.250 0.000 0.440 1.000 0.960 0.200 0.820 0.625 ז
0.583 0.875 0.969 0.917 0.750 0.708 1.000 1.000 1.000 1.000 0.417 0.625 0.906 1.000 0.792 0.000 0.083 0.438 0.458 0.167 0.250 0.792 1.000 1.000 0.958 0.850 0.580 !
0.657 0.657 0.486 0.429 0.343 1.000 0.700 0.625 0.625 0.475 0.250 0.250 0.250 0.350 0.800 0.000 0.000 0.025 0.225 0.575 0.000 0.457 0.629 0.371 0.171 0.691 0.642 ל
0.800 0.650 0.750 0.700 0.625 0.300 0.625 0.625 0.375 0.300 0.133 0.067 0.000 0.000 0.489 0.800 0.200 0.000 0.000 0.050 1.000 0.150 0.000 0.000 0.000 0.662 0.552 ה
0.815 0.698 0.667 0.603 0.630 0.593 0.937 0.778 0.810 0.963 0.567 0.457 0.000 0.200 0.883 0.741 0.429 0.000 0.286 1.000 0.926 0.460 0.000 0.270 0.963 0.655 0.575 ח
0.833 0.778 0.556 0.537 0.296 0.481 0.722 0.778 0.815 0.907 0.000 0.000 0.000 0.056 0.778 0.278 0.333 0.333 0.407 0.870 0.889 1.000 0.984 0.870 0.500 0.671 0.586 כ
0.870 0.619 0.556 0.524 0.130 0.574 0.841 0.889 0.937 0.815 0.000 0.000 0.000 0.200 1.000 0.000 0.000 0.000 0.143 1.000 0.000 0.000 0.000 0.365 0.889 0.655 0.575 ר
0.889 0.619 0.476 0.556 0.537 0.467 0.671 0.700 0.814 0.850 0.000 0.000 0.000 0.794 0.407 0.000 0.000 0.000 0.857 0.667 0.000 0.000 0.000 0.794 0.519 0.663 0.589 ד
0.889 0.841 0.651 0.556 0.315 0.500 0.873 0.762 0.889 0.944 0.700 0.429 0.000 0.143 0.933 0.759 0.746 0.238 0.429 0.944 0.241 0.778 1.000 0.905 0.463 0.655 0.600 ס
0.917 0.750 0.750 0.708 0.292 0.604 0.625 0.625 0.875 0.771 0.000 0.000 0.000 0.583 0.812 0.250 0.250 0.250 0.625 0.708 1.000 1.000 1.000 0.958 0.812 0.663 0.548 ב
0.917 0.875 0.625 0.625 0.458 0.519 0.667 0.667 0.917 1.000 0.000 0.000 0.000 0.750 1.000 0.000 0.000 0.000 0.694 1.000 0.000 0.000 0.000 0.500 1.000 0.821 0.534 ו
0.926 0.683 0.556 0.460 0.426 0.519 0.667 0.667 0.825 0.963 0.467 0.257 0.000 0.443 0.833 1.000 0.429 0.000 0.571 0.852 0.926 0.302 0.000 0.540 0.833 0.655 0.560 ה
0.958 0.844 0.625 0.469 0.167 0.593 0.667 0.472 0.583 0.444 0.000 0.000 0.000 0.417 0.444 0.000 0.000 0.000 0.500 0.741 0.000 0.000 0.000 0.500 0.667 0.821 0.557 ו
1.000 0.857 0.800 0.800 0.400 0.300 0.500 0.500 0.800 0.667 0.000 0.000 0.000 0.571 0.667 0.767 0.800 0.800 0.914 0.933 0.467 0.657 0.486 0.457 0.533 0.685 0.639 ב
1.000 0.692 0.615 0.577 0.128 0.968 0.929 0.929 0.929 0.865 0.556 0.000 0.000 0.000 0.444 0.937 0.571 0.500 0.321 0.563 0.692 0.785 0.785 0.692 0.692 0.656 0.640 ם
0.861 0.944 0.711 0.667 0.444 0.417 0.611 0.822 1.000 0.778 0.000 0.000 0.044 0.806 0.806 0.000 0.000 0.067 0.833 1.000 0.000 0.000 0.067 0.778 0.917 0.793 0.586 ו
0.753 0.818 0.545 0.818 0.662 0.310 0.740 0.427 0.740 0.857 0.143 0.823 0.062 0.385 0.464 0.274 0.896 0.844 0.854 0.107 0.922 0.875 0.716 0.330 0.000 0.685 0.643 ע
0.790 0.853 0.706 0.596 0.176 0.579 0.778 0.806 1.000 0.556 0.000 0.000 0.125 1.000 0.810 0.000 0.000 0.035 0.549 0.429 0.000 0.000 0.000 0.375 0.597 0.798 0.542 ו
1.000 1.000 0.766 0.570 0.196 0.378 0.588 0.824 1.000 0.765 0.000 0.000 0.125 1.000 0.429 0.000 0.000 0.125 1.000 0.429 0.000 0.000 0.125 1.000 0.429 0.785 0.545 ו
0.944 0.833 0.556 0.528 0.222 0.575 0.700 0.840 1.000 0.725 0.000 0.000 0.200 1.000 0.750 0.000 0.000 0.440 1.000 0.800 0.333 0.222 0.333 0.778 0.528 0.807 0.620 ו
0.926 0.704 0.556 0.481 0.444 0.593 0.778 0.852 1.000 1.000 0.000 0.000 0.333 1.000 1.000 0.000 0.000 0.148 0.815 1.000 0.000 0.000 0.111 0.741 0.926 0.817 0.562 ו
0.951 0.706 0.580 0.412 0.412 0.546 0.778 0.873 1.000 1.000 0.370 0.833 0.762 0.857 1.000 0.000 0.000 0.095 0.706 1.000 0.000 0.000 0.101 0.765 0.804 0.827 0.553 וּ
1.000 0.786 0.464 0.875 0.500 0.451 0.694 0.184 0.728 0.524 0.121 0.793 0.799 0.806 0.015 0.147 0.565 1.000 0.772 0.000 0.981 0.825 0.389 0.061 0.000 0.677 0.660 ע
0.926 0.651 0.540 0.889 0.630 0.556 0.810 0.508 0.921 0.722 0.000 0.471 0.886 0.643 0.067 0.148 0.349 0.841 1.000 0.759 0.870 1.000 1.000 1.000 0.852 0.655 0.656 צ
0.790 0.853 0.485 0.412 0.244 0.778 0.889 1.000 0.917 0.778 0.175 0.806 0.965 0.451 0.000 0.159 0.778 1.000 0.625 0.000 0.235 0.912 0.897 0.110 0.000 0.798 0.646 ז
1.000 1.000 0.750 0.750 0.750 0.481 0.852 1.000 0.926 0.630 0.000 0.417 1.000 0.792 0.125 0.000 0.333 1.000 1.000 0.333 0.000 0.833 1.000 0.833 0.208 0.803 0.623 ז
1.000 0.911 0.688 0.688 0.271 0.588 0.706 1.000 0.765 0.588 0.000 0.286 1.000 0.429 0.000 0.000 0.286 1.000 0.429 0.000 0.000 0.286 1.000 0.429 0.000 0.816 0.545 ז
0.125 0.458 0.833 0.958 0.875 0.000 0.083 0.708 1.000 1.000 0.000 0.000 0.481 0.889 0.667 0.000 0.000 0.667 0.875 0.625 0.000 0.417 0.833 1.000 1.000 0.878 0.860 1
0.375 0.500 0.521 0.208 0.000 0.000 0.000 0.104 0.729 0.625 0.000 0.000 0.019 0.519 1.000 0.000 0.000 0.125 0.708 0.646 0.146 0.417 0.583 0.375 0.062 0.860 0.750 )
0.708 0.875 0.783 0.750 0.625 0.000 0.000 0.433 0.979 0.562 0.000 0.154 0.846 1.000 0.500 0.000 0.229 0.967 1.000 0.500 0.000 0.146 0.833 0.958 0.438 0.851 0.731 ן
0.708 0.833 0.967 0.958 0.833 0.000 0.000 0.533 1.000 0.583 0.000 0.077 0.862 1.000 0.423 0.000 0.229 0.983 1.000 0.375 0.000 0.375 0.967 1.000 0.542 0.851 0.919 ן
0.000 0.057 0.636 0.545 0.000 0.024 0.865 0.917 0.635 0.452 0.048 0.490 0.583 0.615 0.952 0.000 0.000 0.167 0.542 0.679 0.143 0.000 0.830 0.432 0.000 0.685 0.761 ל
0.458 0.792 0.875 0.917 0.583 0.037 0.704 1.000 1.000 0.704 0.000 0.667 1.000 0.889 0.556 0.000 0.667 1.000 1.000 0.667 0.417 0.750 0.875 0.875 0.708 0.859 0.886 1
0.000 0.000 0.364 0.485 0.455 0.139 0.694 0.806 0.167 0.000 1.000 0.861 0.194 0.000 0.000 0.389 0.722 0.472 0.028 0.000 0.000 0.152 0.576 0.667 0.455 0.861 0.711 (
0.167 0.741 0.556 0.611 0.296 0.167 0.426 0.444 0.370 0.130 0.217 0.417 0.086 0.317 0.967 0.352 0.222 0.000 0.185 1.000 0.630 0.833 0.413 0.556 0.537 0.679 0.977 5
0.000 0.100 0.433 0.500 0.433 0.167 0.650 0.400 0.000 0.000 0.400 0.750 0.000 0.000 0.000 0.200 0.725 0.533 0.100 0.000 0.000 0.150 0.600 0.675 0.333 0.870 0.820 (
0.241 0.667 0.397 0.519 0.444 0.200 0.167 0.014 0.467 0.750 0.000 0.056 0.365 0.722 0.426 0.267 0.083 0.000 0.250 1.000 0.574 0.759 0.365 0.556 0.556 0.686 0.977 3
0.599 0.917 0.722 0.722 0.475 0.211 0.300 0.289 0.421 0.678 0.444 0.263 0.211 0.368 0.614 0.444 0.311 0.368 0.211 0.058 0.599 0.200 0.000 0.000 0.000 0.753 0.890 ק
0.472 0.944 0.917 0.917 0.750 0.231 0.385 0.154 0.192 0.808 0.679 0.474 0.462 0.513 0.333 0.974 0.397 0.282 0.000 0.000 0.986 0.347 0.000 0.000 0.000 0.746 0.843 ק
0.667 0.845 0.679 0.667 0.611 0.282 0.418 0.220 0.231 0.782 0.487 0.692 0.451 0.615 0.526 0.667 0.769 0.473 0.022 0.000 0.667 0.548 0.000 0.000 0.000 0.754 0.819 ק
0.644 0.822 0.778 0.778 0.556 0.320 0.260 0.200 0.240 0.760 1.000 0.222 0.148 0.267 0.622 1.000 0.340 0.467 0.280 0.040 0.911 0.311 0.000 0.000 0.000 0.744 0.811 ק
0.000 0.114 0.455 0.591 0.515 0.389 0.771 0.458 0.042 0.000 0.944 0.750 0.000 0.000 0.000 0.778 0.938 0.542 0.083 0.000 0.121 0.409 0.591 0.636 0.455 0.870 0.761 (
0.000 0.114 0.591 0.818 0.485 0.394 0.909 0.591 0.000 0.000 0.697 0.886 0.273 0.000 0.000 0.212 0.909 0.591 0.000 0.000 0.000 0.136 0.523 0.682 0.485 0.873 0.705 (
0.615 0.846 0.308 0.908 0.738 0.402 0.926 0.941 0.970 0.408 0.749 0.882 0.334 0.808 0.840 0.142 0.393 0.396 0.302 0.231 0.000 0.092 1.000 0.108 0.000 0.738 0.816 אָ
0.600 0.786 0.571 0.738 0.371 0.543 0.929 0.857 0.905 0.771 0.029 0.190 0.143 0.190 0.771 0.000 0.000 0.000 0.286 0.514 0.000 0.357 0.829 0.286 0.000 0.671 0.673 ל
0.000 0.146 0.562 0.667 0.444 0.611 0.812 0.250 0.000 0.000 1.000 0.750 0.000 0.000 0.000 0.806 0.833 0.104 0.000 0.000 0.000 0.333 0.667 0.542 0.222 0.875 0.747 (
0.694 0.778 0.750 0.750 0.556 0.808 0.795 0.385 0.603 1.000 0.731 0.641 0.295 0.500 0.949 0.000 0.000 0.000 0.500 1.000 0.000 0.000 0.083 0.569 0.917 0.746 0.797 ף
0.045 0.318 0.909 0.424 0.000 0.875 0.972 0.821 0.611 0.389 0.556 0.667 0.667 0.736 1.000 0.000 0.000 0.155 0.514 0.708 0.000 0.288 0.883 0.318 0.000 0.750 0.947 ל
0.106 0.288 0.727 0.333 0.000 0.924 0.803 0.416 0.500 0.273 0.375 0.556 0.583 0.611 0.958 0.000 0.000 0.156 0.500 0.576 0.000 0.258 0.831 0.136 0.000 0.740 0.712 ל
0.121 0.403 0.924 0.429 0.000 0.970 0.896 0.636 0.506 0.409 0.389 0.500 0.500 0.643 0.917 0.000 0.000 0.121 0.364 0.636 0.000 0.182 0.939 0.390 0.000 0.731 0.712 ל
0.106 0.394 0.883 0.152 0.000 1.000 0.958 0.798 0.583 0.458 0.515 0.545 0.545 0.667 0.864 0.000 0.014 0.250 0.514 0.556 0.000 0.409 0.779 0.061 0.000 0.745 0.707 ל
0.215 0.401 0.876 0.244 0.000 1.000 0.855 0.773 0.661 0.533 0.293 0.500 0.500 0.500 0.955 0.000 0.033 0.364 0.574 0.413 0.000 0.211 0.628 0.008 0.000 0.750 0.775 ל
0.152 0.545 0.924 0.325 0.000 1.000 1.000 0.917 0.655 0.431 0.528 0.524 0.500 0.679 0.986 0.000 0.107 0.417 0.643 0.514 0.000 0.519 0.955 0.130 0.000 0.741 0.947 ל
0.803 0.879 0.909 0.909 0.788 0.242 0.000 0.000 0.000 0.727 0.682 0.106 0.455 0.530 0.258 0.652 0.621 0.273 0.000 0.000 0.848 0.273 0.000 0.000 0.000 0.755 0.775 ק
0.833 0.854 0.833 0.896 0.792 0.000 0.000 0.354 0.896 0.646 0.000 0.000 0.481 1.000 0.500 0.000 0.000 0.750 1.000 0.562 0.000 0.000 0.750 0.979 0.667 0.860 0.792 ן
0.847 0.667 0.694 0.750 0.681 0.292 0.000 0.056 0.167 0.500 0.833 0.103 0.385 0.410 0.423 0.833 0.194 0.264 0.000 0.000 0.833 0.000 0.000 0.000 0.000 0.772 0.851 ק
0.864 0.977 0.909 0.864 0.614 0.000 0.000 0.600 0.864 0.273 0.000 0.227 0.964 0.750 0.000 0.000 0.409 1.000 0.955 0.364 0.000 0.568 1.000 0.909 0.205 0.845 0.786 ן
0.909 0.909 0.818 0.909 0.652 0.212 0.000 0.000 0.065 0.727 0.682 0.104 0.455 0.519 0.197 0.773 0.273 0.227 0.000 0.000 0.833 0.000 0.000 0.000 0.000 0.745 0.948 ק
0.889 1.000 0.833 0.833 0.833 0.056 0.083 0.444 1.000 0.667 0.000 0.000 1.000 1.000 0.692 0.000 0.000 1.000 1.000 1.000 0.000 0.000 1.000 1.000 0.778 0.868 0.814 ן
0.944 0.861 0.857 1.000 0.889 0.064 0.128 0.077 0.436 0.795 0.000 0.000 0.000 0.639 0.736 0.000 0.000 0.000 0.833 0.667 0.000 0.000 0.000 0.806 0.597 0.767 0.806 ך
0.750 0.958 0.767 0.667 0.667 0.038 0.154 0.615 1.000 0.769 0.000 0.104 0.883 1.000 0.396 0.000 0.115 0.892 1.000 0.250 0.000 0.104 0.883 1.000 0.250 0.853 0.806 ן
0.750 0.967 0.875 0.750 0.646 0.000 0.185 0.673 1.000 0.481 0.000 0.262 1.000 0.938 0.173 0.000 0.400 1.000 0.800 0.000 0.000 0.367 0.938 0.700 0.000 0.847 0.952 ן
1.000 0.920 1.000 0.952 0.528 0.663 0.203 0.080 0.415 0.733 0.913 0.465 0.643 0.505 0.213 0.893 0.422 0.148 0.000 0.000 0.764 0.000 0.000 0.000 0.000 0.752 0.793 ק
0.917 0.857 0.833 0.833 0.736 0.090 0.231 0.231 0.780 0.641 0.000 0.000 0.000 0.631 0.486 0.000 0.000 0.099 0.912 0.333 0.000 0.000 0.048 0.810 0.319 0.750 0.829 ך
0.917 0.722 0.667 0.667 0.583 0.474 0.231 0.231 0.231 0.833 0.833 0.153 0.488 0.556 0.333 0.833 0.308 0.264 0.000 0.000 0.833 0.000 0.000 0.000 0.000 0.767 1.000 ק
1.000 1.000 0.821 0.792 0.494 0.042 0.232 0.911 0.946 0.280 0.000 0.571 1.000 0.571 0.000 0.000 0.571 1.000 0.571 0.000 0.000 0.452 0.940 0.452 0.000 0.854 0.828 ן
0.952 1.000 1.000 0.905 0.857 0.067 0.356 0.533 0.622 0.178 0.000 1.000 1.000 0.667 0.000 0.000 0.778 1.000 0.667 0.000 0.000 0.333 1.000 0.619 0.000 0.891 0.821 ן
0.917 0.690 0.667 0.667 0.556 0.538 0.407 0.264 0.330 0.923 0.923 0.538 0.473 0.505 0.372 0.923 0.736 0.418 0.000 0.000 0.903 0.381 0.000 0.000 0.000 0.754 0.808 ק
0.822 0.689 0.667 0.667 0.333 0.340 0.440 0.500 0.460 0.800 0.920 0.180 0.120 0.200 0.480 1.000 0.640 0.560 0.440 0.160 0.956 0.178 0.000 0.000 0.000 0.761 0.846 ק
0.867 0.778 0.667 0.667 0.311 0.380 0.460 0.400 0.400 0.680 0.880 0.200 0.133 0.320 0.600 1.000 0.340 0.300 0.180 0.060 0.911 0.400 0.000 0.000 0.000 0.750 0.830 ק
1.000 0.828 0.706 0.706 0.316 0.500 0.546 0.778 0.852 0.919 0.000 0.000 0.000 0.333 1.000 0.571 0.560 0.514 0.815 0.939 0.893 1.000 0.941 0.765 0.219 0.679 0.677 כ
0.889 1.000 0.889 0.833 0.500 0.333 0.714 0.810 0.952 0.714 0.000 0.000 0.476 0.905 0.333 0.000 0.095 0.762 1.000 0.333 0.000 0.167 0.833 0.889 0.278 0.810 0.674 ז
0.726 0.798 0.643 0.893 0.690 0.143 0.714 0.833 0.714 0.310 0.066 0.923 0.473 0.011 0.000 0.095 0.952 0.286 0.000 0.000 0.071 0.917 0.262 0.000 0.000 0.728 0.750 ץ
0.778 0.861 0.750 0.750 0.750 0.750 0.833 0.321 0.222 0.847 0.462 0.436 0.132 0.000 0.821 0.000 0.000 0.000 0.000 0.833 0.000 0.000 0.000 0.194 0.931 0.763 0.814 ף
0.714 0.714 0.602 0.792 0.636 0.260 0.870 0.420 0.558 0.792 0.130 0.688 0.739 0.831 0.338 0.442 0.455 0.955 0.948 0.234 0.974 0.896 0.523 0.182 0.000 0.686 0.823 ע
0.805 0.844 0.844 0.935 0.714 0.917 1.000 1.000 1.000 1.000 0.095 0.190 0.333 0.262 1.000 0.000 0.000 0.060 0.429 0.726 0.000 0.312 0.870 0.351 0.000 0.676 0.675 ל
1.000 0.844 0.792 0.792 0.792 0.826 0.281 0.042 0.455 0.601 1.000 0.250 0.000 0.337 0.583 0.340 0.281 0.146 0.167 0.194 0.028 0.236 0.462 0.056 0.000 0.750 0.828 חֶ
