0.637 0.613 0.338 0.250 0.275 0.000 0.012 0.224 0.694 0.235 0.000 0.000 0.471 1.000 0.200 0.000 0.000 0.353 1.000 0.282 0.000 0.000 0.500 0.913 0.325 0.867 0.000 ן
0.500 0.250 0.000 0.500 1.000 0.333 0.667 0.333 0.333 0.667 0.000 0.333 0.667 0.833 0.667 0.333 0.500 0.222 0.500 0.833 0.500 1.000 0.500 0.000 0.250 0.611 0.391 א
0.333 0.833 0.333 0.000 0.000 0.625 1.000 0.500 0.375 0.500 0.167 0.500 0.444 0.333 0.667 0.000 0.000 0.000 0.125 0.500 0.000 0.000 0.444 0.500 0.167 0.731 0.565 ל
1.000 1.000 1.000 1.000 1.000 0.500 0.500 0.500 0.500 0.750 0.000 0.000 0.000 0.000 0.500 0.000 0.000 0.000 0.250 0.750 0.000 0.000 0.000 0.250 0.750 0.571 0.304 ד
1.000 1.000 0.000 0.667 1.000 1.000 0.333 0.000 0.000 1.000 0.333 0.667 0.000 0.000 1.000 0.000 0.333 0.667 0.667 0.667 0.333 0.667 0.667 0.333 0.000 0.773 0.478 ע
1.000 1.000 1.000 1.000 0.500 0.500 0.667 0.500 0.667 0.667 0.500 1.000 0.500 0.500 0.750 0.500 0.667 0.333 0.167 0.333 1.000 1.000 0.750 0.500 0.750 0.625 0.348 ב
0.333 1.000 0.667 0.000 0.667 0.333 1.000 0.333 0.000 0.000 0.000 0.667 0.333 0.000 0.333 0.000 0.000 1.000 0.000 1.000 0.000 0.333 1.000 0.333 0.333 0.773 0.478 ע
0.000 1.000 0.000 0.000 0.500 0.000 0.500 0.500 0.500 1.000 0.000 0.000 1.000 1.000 0.500 0.000 0.500 1.000 0.500 0.000 0.500 1.000 0.500 0.000 0.000 0.583 0.261 ע
0.250 0.000 0.000 0.500 0.750 0.667 0.667 0.333 0.500 0.833 0.500 0.750 0.750 0.500 0.250 0.667 0.333 0.500 0.667 0.667 1.000 0.500 0.000 0.250 0.750 0.625 0.348 א
0.750 0.500 0.500 0.750 0.750 0.750 0.250 0.000 0.250 0.750 0.500 0.000 0.000 0.000 0.167 0.500 0.000 0.000 0.000 0.000 0.500 0.250 0.250 0.250 0.500 0.571 0.333 מ
0.500 0.667 0.667 0.667 0.833 0.000 0.000 0.000 0.000 0.500 0.000 0.000 0.000 0.000 0.500 0.000 0.000 0.000 0.000 0.500 0.000 0.000 0.000 0.000 0.500 0.727 0.524 ך
0.667 0.500 0.167 0.000 0.500 0.667 0.833 0.667 0.667 0.500 0.833 0.333 0.167 0.500 0.667 0.833 0.833 0.333 0.000 0.333 0.333 0.500 0.500 0.500 0.667 0.727 0.688 א
0.500 0.000 0.000 0.500 1.000 0.667 0.667 0.500 0.667 0.833 0.750 0.750 0.750 1.000 0.500 1.000 0.500 0.167 0.667 0.833 0.750 0.750 0.250 0.250 0.750 0.625 0.381 א
0.750 0.500 0.167 0.500 0.500 0.500 0.333 0.111 0.500 0.833 0.500 0.000 0.000 0.000 0.500 0.667 0.333 0.000 0.000 0.167 0.750 0.750 0.500 0.500 0.500 0.562 0.421 ט
