1.000 1.000 1.000 1.000 1.000 1.000 1.000 1.000 1.000 1.000 1.000 1.000 1.000 1.000 1.000 1.000 1.000 1.000 1.000 1.000 1.000 1.000 1.000 1.000 1.000 0.032 0.036 ―
0.583 0.917 0.500 0.000 0.083 0.583 0.917 0.500 0.000 0.083 0.583 0.917 0.500 0.000 0.083 0.792 0.958 0.750 0.500 0.542 1.000 1.000 1.000 1.000 1.000 0.033 0.077 ―
0.000 0.000 0.429 0.000 0.143 0.000 0.000 0.429 0.000 0.143 1.000 0.571 0.429 0.000 0.143 1.000 1.000 1.000 1.000 1.000 1.000 1.000 1.000 1.000 1.000 0.038 0.064 ―
1.000 1.000 1.000 1.000 1.000 1.000 1.000 1.000 1.000 1.000 1.000 1.000 1.000 1.000 1.000 0.000 0.143 0.214 0.214 0.429 0.000 0.143 0.214 0.214 0.429 0.038 0.062 ―
0.692 0.462 0.692 0.000 0.000 0.692 0.462 0.692 0.000 0.000 0.692 0.462 0.692 0.000 0.000 1.000 1.000 1.000 1.000 1.000 1.000 1.000 1.000 1.000 1.000 0.038 0.045 ―
1.000 1.000 1.000 1.000 1.000 1.000 1.000 1.000 1.000 1.000 1.000 1.000 1.000 1.000 1.000 0.154 0.077 0.000 0.000 0.231 0.154 0.077 0.000 0.000 0.231 0.038 0.062 ―
0.333 0.417 0.250 0.000 0.000 0.333 0.417 0.250 0.000 0.000 0.333 0.417 0.250 0.000 0.000 1.000 1.000 1.000 1.000 1.000 1.000 1.000 1.000 1.000 1.000 0.042 0.050 ―
0.308 0.357 0.231 0.429 0.231 0.308 0.357 0.385 0.857 0.462 0.654 0.679 0.500 0.857 0.462 1.000 1.000 0.808 0.929 0.731 1.000 1.000 1.000 1.000 1.000 0.048 0.087 ―
0.750 1.000 0.875 0.500 0.417 0.750 1.000 1.000 1.000 0.833 0.875 1.000 1.000 1.000 0.833 1.000 1.000 1.000 1.000 0.917 1.000 1.000 1.000 1.000 1.000 0.054 0.056 ―
0.538 0.357 0.000 0.000 0.000 0.538 0.357 0.000 0.000 0.000 0.846 0.786 0.667 0.667 0.667 0.500 0.500 0.500 0.607 0.500 0.000 0.000 0.000 0.214 0.000 0.056 0.062 ―
1.000 1.000 1.000 1.000 1.000 1.000 1.000 1.000 1.000 1.000 0.750 1.000 0.917 0.750 0.667 0.500 1.000 0.833 0.500 0.333 0.500 1.000 0.833 0.500 0.333 0.033 0.036 ―
0.154 0.143 0.154 0.286 0.231 0.154 0.143 0.154 0.286 0.231 0.577 0.571 0.577 0.643 0.615 1.000 1.000 1.000 1.000 1.000 1.000 1.000 1.000 1.000 1.000 0.032 0.036 ―
1.000 1.000 1.000 0.700 0.500 1.000 1.000 1.000 1.000 1.000 0.833 0.850 1.000 1.000 1.000 0.667 0.700 1.000 0.900 0.833 0.667 0.700 1.000 0.800 0.667 0.070 0.079 ―
0.500 0.438 0.438 0.750 0.375 0.938 0.917 0.438 1.000 0.750 0.464 0.732 0.446 0.500 0.661 0.000 0.271 0.062 0.000 0.375 0.000 0.375 0.000 0.042 0.500 0.375 0.250 ײ
0.000 0.750 1.000 0.250 0.000 0.000 0.750 1.000 0.625 0.167 0.000 0.750 1.000 1.000 0.333 1.000 1.000 1.000 1.000 1.000 0.000 0.750 1.000 0.250 0.000 0.385 0.123 .
0.000 0.000 0.667 0.250 0.000 0.000 0.375 0.833 0.625 0.167 0.000 0.750 1.000 1.000 0.333 1.000 1.000 1.000 1.000 1.000 0.000 0.750 1.000 1.000 0.333 0.385 0.122 .
0.000 0.000 0.667 1.000 0.333 0.000 0.750 1.000 1.000 0.333 0.500 0.875 1.000 1.000 0.667 1.000 1.000 1.000 1.000 1.000 0.000 0.000 0.667 1.000 0.333 0.385 0.090 .
0.000 0.000 0.667 1.000 0.333 0.500 0.500 0.833 1.000 0.667 0.500 0.875 1.000 1.000 1.000 0.000 0.750 1.000 1.000 1.000 0.000 0.000 0.667 0.500 0.000 0.385 0.090 .
0.000 0.250 1.000 0.250 0.000 0.500 0.625 1.000 0.625 0.167 1.000 1.000 1.000 1.000 0.333 0.000 0.750 1.000 1.000 1.000 0.000 0.500 1.000 0.625 0.500 0.385 0.095 .
0.000 0.750 1.000 1.000 0.333 0.500 0.875 1.000 1.000 0.667 0.500 0.875 1.000 1.000 1.000 0.000 0.750 1.000 1.000 1.000 0.000 0.000 0.667 0.250 0.000 0.385 0.088 .
0.000 0.250 1.000 0.250 0.000 0.000 0.750 1.000 1.000 0.333 0.500 0.875 1.000 1.000 0.667 1.000 1.000 1.000 1.000 1.000 0.000 0.750 1.000 1.000 0.333 0.385 0.050 .
0.000 0.750 1.000 1.000 0.333 0.500 0.875 1.000 1.000 0.667 0.500 0.875 1.000 1.000 0.667 0.000 0.750 1.000 1.000 0.333 0.000 0.250 1.000 0.250 0.000 0.385 0.087 .
0.905 0.524 0.396 0.952 0.524 1.000 1.000 0.625 1.000 1.000 0.524 0.905 0.458 0.667 0.905 0.000 0.714 0.125 0.000 0.714 0.000 0.714 0.125 0.000 0.524 0.406 0.234 ײ
0.000 0.667 1.000 1.000 0.333 0.500 0.833 1.000 1.000 0.667 1.000 1.000 1.000 1.000 1.000 1.000 1.000 1.000 1.000 0.333 0.000 0.667 0.667 0.000 0.000 0.455 0.088 .
0.714 0.375 0.214 0.688 0.143 1.000 1.000 0.571 0.979 1.000 0.405 0.938 0.286 0.417 0.952 0.000 0.625 0.143 0.000 0.714 0.000 0.542 0.095 0.000 0.476 0.455 0.385 ײ
0.714 0.312 0.000 0.625 0.143 0.929 1.000 0.571 0.917 1.000 0.262 0.896 0.571 0.417 0.952 0.000 0.375 0.286 0.000 0.714 0.000 0.583 0.143 0.000 0.476 0.455 0.263 ײ
0.929 0.375 0.214 0.812 0.357 0.929 1.000 0.357 0.875 1.000 0.190 0.688 0.571 0.292 0.810 0.000 0.250 0.286 0.000 0.714 0.000 0.479 0.095 0.000 0.619 0.455 0.385 ײ
0.857 0.357 0.312 0.714 0.143 1.000 1.000 0.875 1.000 1.000 0.381 0.881 0.500 0.405 0.952 0.000 0.286 0.375 0.000 0.714 0.000 0.548 0.167 0.048 0.571 0.469 0.270 ײ
0.857 0.357 0.500 0.929 0.357 1.000 1.000 0.625 1.000 1.000 0.238 0.738 0.292 0.333 0.810 0.000 0.571 0.125 0.000 0.667 0.000 0.476 0.083 0.000 0.429 0.469 0.375 ײ
0.730 0.291 0.727 0.209 0.580 0.600 0.618 0.727 0.382 0.920 0.336 0.223 0.281 0.182 0.336 0.380 0.409 0.200 0.564 0.000 0.500 1.000 1.000 0.418 0.000 0.480 0.435 ש
0.700 1.000 0.571 0.833 0.533 0.800 1.000 0.400 0.933 0.733 0.100 0.867 0.400 0.533 0.800 0.100 0.800 0.114 0.333 0.667 0.500 0.367 0.000 0.700 0.200 0.463 0.309 ,,
0.150 0.700 0.150 0.350 1.000 0.600 1.000 0.600 0.800 1.000 0.600 0.850 0.150 0.800 1.000 0.680 0.680 0.000 0.760 0.560 1.000 0.200 0.200 0.700 0.000 0.429 0.167 ''
0.800 1.000 0.367 0.900 0.833 0.778 1.000 0.722 0.944 0.944 0.333 1.000 0.444 0.500 0.972 0.250 0.917 0.139 0.417 0.750 0.600 0.300 0.000 0.833 0.333 0.462 0.218 ,,
1.000 1.000 1.000 1.000 0.333 1.000 1.000 1.000 1.000 0.667 1.000 1.000 1.000 1.000 0.667 1.000 1.000 1.000 1.000 0.333 0.000 0.667 0.667 0.000 0.000 0.455 0.090 .
0.550 0.800 0.000 0.600 0.700 1.000 0.800 0.000 0.600 0.760 1.000 0.350 0.300 0.900 0.600 1.000 0.200 0.400 0.880 0.240 0.900 0.200 0.550 0.400 0.000 0.429 0.234 ''
0.800 1.000 0.400 0.933 0.867 0.900 1.000 0.314 0.867 1.000 0.300 0.933 0.571 0.500 0.867 0.000 0.833 0.314 0.200 0.800 0.200 0.767 0.086 0.533 0.533 0.389 0.194 ,,
0.000 0.000 0.500 1.000 0.000 1.000 1.000 1.000 1.000 1.000 0.500 0.750 1.000 1.000 1.000 0.000 0.500 1.000 1.000 1.000 0.000 0.000 0.500 1.000 1.000 0.500 0.093 .
0.000 0.000 0.500 1.000 0.000 0.000 0.250 0.750 1.000 0.500 0.000 0.500 1.000 1.000 1.000 1.000 1.000 1.000 1.000 1.000 0.500 0.750 1.000 1.000 1.000 0.500 0.091 .
0.000 0.000 1.000 0.000 0.000 0.250 0.500 1.000 0.500 0.250 0.500 1.000 1.000 1.000 0.500 1.000 1.000 1.000 1.000 1.000 0.000 0.500 1.000 1.000 0.000 0.500 0.125 .
0.000 0.000 0.000 1.000 0.000 0.000 0.250 0.500 1.000 0.000 0.500 0.750 1.000 1.000 0.500 1.000 1.000 1.000 1.000 1.000 0.000 0.500 1.000 1.000 1.000 0.500 0.093 .
0.000 0.062 0.438 1.000 1.000 0.000 0.250 1.000 1.000 0.875 0.125 0.625 1.000 0.875 0.250 0.250 1.000 0.875 0.375 0.000 0.625 1.000 0.750 0.000 0.000 0.500 0.200 ,
0.000 0.133 0.500 1.000 0.840 0.667 0.722 0.750 0.333 0.200 0.500 0.333 0.028 0.167 0.167 0.000 0.167 0.583 0.750 0.500 0.680 0.800 0.700 0.100 0.000 0.500 0.222 ⸗
0.000 0.250 1.000 0.250 0.000 0.000 0.625 1.000 0.812 0.250 0.667 0.917 1.000 1.000 0.778 0.500 0.875 1.000 1.000 0.667 0.000 0.583 1.000 0.750 0.222 0.500 0.167 .
0.000 0.250 1.000 0.250 0.000 0.000 0.625 1.000 0.812 0.250 0.667 0.917 1.000 1.000 0.778 0.250 0.812 1.000 1.000 0.500 0.000 0.417 1.000 0.500 0.111 0.500 0.117 .
0.000 0.500 0.500 0.000 0.000 1.000 1.000 1.000 1.000 1.000 1.000 1.000 1.000 1.000 1.000 1.000 1.000 1.000 1.000 1.000 0.000 0.500 0.500 0.000 0.000 0.500 0.092 .
0.000 0.500 1.000 1.000 0.000 1.000 1.000 1.000 1.000 1.000 0.500 0.750 1.000 1.000 1.000 0.000 0.500 1.000 1.000 1.000 0.000 0.000 0.500 1.000 0.000 0.500 0.050 .
0.000 0.500 1.000 1.000 0.500 0.500 0.750 1.000 1.000 0.750 1.000 1.000 1.000 1.000 1.000 1.000 1.000 1.000 1.000 1.000 0.500 0.750 1.000 1.000 0.750 0.500 0.093 .
0.000 0.500 1.000 1.000 0.500 1.000 1.000 1.000 1.000 1.000 1.000 1.000 1.000 1.000 1.000 1.000 1.000 1.000 1.000 1.000 0.000 0.500 1.000 1.000 0.500 0.500 0.092 .
0.000 0.500 1.000 1.000 0.500 0.500 0.750 1.000 1.000 0.750 1.000 1.000 1.000 1.000 1.000 0.000 0.500 1.000 1.000 1.000 0.000 0.000 0.000 1.000 0.500 0.500 0.133 .
0.000 0.500 1.000 1.000 0.000 0.500 0.750 1.000 1.000 0.500 1.000 1.000 1.000 1.000 1.000 0.000 0.500 1.000 1.000 0.000 0.000 0.500 1.000 0.000 0.000 0.500 0.091 .
0.000 0.500 1.000 1.000 0.500 0.500 0.750 1.000 1.000 0.750 1.000 1.000 1.000 1.000 1.000 1.000 1.000 1.000 1.000 1.000 0.000 0.000 0.000 1.000 0.500 0.500 0.135 .
0.000 0.500 1.000 0.000 0.000 1.000 1.000 1.000 1.000 0.000 1.000 1.000 1.000 1.000 0.500 1.000 1.000 1.000 1.000 1.000 0.000 0.500 1.000 1.000 0.000 0.500 0.118 .
0.000 0.500 0.500 0.000 0.000 0.500 0.750 0.750 0.500 0.000 1.000 1.000 1.000 1.000 0.500 1.000 1.000 1.000 1.000 1.000 1.000 1.000 1.000 1.000 0.000 0.500 0.130 .
0.000 0.500 1.000 1.000 0.000 0.500 0.750 1.000 1.000 0.000 1.000 1.000 1.000 1.000 0.000 1.000 1.000 1.000 1.000 1.000 0.500 0.750 1.000 1.000 0.500 0.500 0.090 .
0.000 0.000 0.667 0.500 0.000 0.250 0.625 0.917 0.875 0.583 1.000 1.000 1.000 1.000 1.000 0.250 0.812 1.000 1.000 0.750 0.000 0.250 0.778 0.667 0.222 0.500 0.169 .
0.640 0.880 0.240 0.360 1.000 0.880 0.960 0.480 0.600 1.000 0.400 0.800 0.000 0.600 0.840 0.760 0.440 0.240 0.720 0.240 0.840 0.120 0.400 0.640 0.000 0.500 0.194 ''
0.000 1.000 1.000 1.000 0.000 0.500 1.000 1.000 1.000 0.500 1.000 1.000 1.000 1.000 1.000 1.000 1.000 1.000 1.000 1.000 0.000 1.000 1.000 1.000 0.000 0.500 0.090 .
0.000 1.000 1.000 1.000 0.000 1.000 1.000 1.000 1.000 1.000 0.500 1.000 1.000 1.000 1.000 0.000 1.000 1.000 1.000 1.000 0.000 1.000 1.000 1.000 0.000 0.500 0.091 .
0.000 1.000 1.000 1.000 0.000 0.500 1.000 1.000 1.000 0.500 1.000 1.000 1.000 1.000 1.000 0.000 1.000 1.000 1.000 1.000 0.000 0.000 0.500 1.000 0.000 0.500 0.087 .
0.833 0.580 0.700 0.840 0.122 0.633 0.860 0.410 0.660 0.711 0.233 0.240 0.000 0.020 0.522 0.567 0.140 0.100 0.100 0.378 0.667 0.690 1.000 1.000 0.544 0.522 0.404 מ
0.000 0.500 1.000 1.000 0.000 0.667 0.833 1.000 1.000 0.667 0.667 0.833 1.000 1.000 1.000 0.000 0.500 1.000 1.000 1.000 0.000 0.500 1.000 1.000 0.333 0.545 0.102 .
0.800 0.533 0.489 0.933 0.278 0.378 0.700 0.656 0.533 0.767 0.244 0.067 0.344 0.000 0.356 0.322 0.467 0.100 0.167 0.333 0.311 0.933 0.900 0.900 0.900 0.554 0.235 ט
0.833 0.178 0.000 0.678 0.500 0.700 0.889 0.456 0.556 0.800 0.467 0.567 0.833 0.900 0.289 0.967 0.367 0.078 0.756 0.711 0.733 0.933 0.089 0.044 0.556 0.554 0.426 א
0.000 0.500 1.000 0.000 0.000 0.667 0.833 1.000 0.667 0.667 1.000 1.000 1.000 1.000 1.000 1.000 1.000 1.000 1.000 1.000 0.333 0.667 1.000 1.000 0.333 0.545 0.099 .
0.000 0.500 1.000 0.000 0.000 0.667 0.833 1.000 0.667 0.167 1.000 1.000 1.000 1.000 0.500 1.000 1.000 1.000 1.000 0.833 0.333 0.667 1.000 1.000 0.833 0.545 0.100 .
0.556 0.730 0.700 0.670 0.200 0.378 0.650 0.500 0.600 0.611 0.444 0.300 0.000 0.020 0.578 0.500 0.480 0.000 0.000 0.578 1.000 0.540 0.000 0.000 0.667 0.533 0.414 ת
0.000 0.000 0.133 0.400 0.640 0.333 0.533 0.667 0.600 0.333 0.333 0.333 0.222 0.133 0.167 0.000 0.000 0.167 0.900 1.000 0.400 0.640 0.733 0.520 0.200 0.542 0.229 ⸗
0.000 0.333 0.750 0.000 0.000 0.500 0.833 0.938 0.750 0.250 0.667 1.000 1.000 1.000 0.778 0.917 1.000 1.000 0.833 0.500 0.667 0.889 0.833 0.444 0.000 0.538 0.160 .
0.000 0.000 0.500 1.000 0.000 0.000 0.667 0.833 1.000 0.000 0.333 1.000 1.000 1.000 0.333 1.000 1.000 1.000 1.000 1.000 0.333 1.000 1.000 1.000 0.333 0.545 0.190 .
0.000 1.000 0.500 0.000 0.000 0.667 1.000 0.833 0.667 0.000 1.000 1.000 1.000 1.000 0.333 1.000 1.000 1.000 1.000 1.000 0.333 1.000 0.667 0.333 0.333 0.545 0.103 .
0.000 0.000 0.167 0.625 0.750 0.000 0.000 0.667 1.000 1.000 0.000 0.562 0.917 1.000 0.750 0.200 0.800 0.867 0.500 0.133 1.000 1.000 0.333 0.000 0.000 0.639 0.162 ,
0.000 0.000 0.750 1.000 1.000 0.111 0.333 0.833 1.000 0.889 0.333 1.000 1.000 0.778 0.444 0.333 1.000 0.750 0.222 0.000 0.556 1.000 0.250 0.000 0.000 0.600 0.130 '
0.743 0.057 0.000 0.686 0.614 0.914 0.914 0.414 0.543 0.800 0.571 0.416 0.792 0.987 0.312 0.914 0.357 0.000 0.386 0.914 1.000 0.700 0.000 0.000 0.629 0.628 0.435 א
0.000 0.080 0.400 0.760 1.000 0.367 0.700 0.833 0.533 0.333 0.333 0.267 0.067 0.167 0.167 0.000 0.100 0.700 1.000 1.000 0.440 0.800 0.800 0.440 0.200 0.562 0.218 ⸗
0.000 0.125 0.500 0.875 0.667 0.000 0.250 1.000 1.000 1.000 0.000 0.625 1.000 1.000 0.500 0.400 0.750 0.600 0.300 0.067 1.000 0.500 0.000 0.000 0.000 0.639 0.167 ,
0.700 0.178 0.000 0.433 0.463 0.727 0.838 0.307 0.333 1.000 0.489 0.505 0.761 0.889 0.330 0.898 0.465 0.045 0.424 0.920 0.550 0.844 0.150 0.000 0.450 0.612 0.250 א
0.850 0.211 0.488 0.600 0.075 0.925 0.778 0.450 0.600 0.650 0.475 0.144 0.000 0.000 0.625 0.450 0.022 0.050 0.067 0.525 0.637 0.489 0.850 0.900 0.712 0.587 0.426 מ
0.778 0.233 0.344 0.589 0.122 0.626 0.606 0.535 0.727 0.566 0.465 0.000 0.273 0.000 0.495 0.505 0.455 0.364 0.364 0.717 0.478 0.800 0.800 0.800 0.689 0.582 0.240 ט
0.000 0.250 1.000 1.000 1.000 0.000 0.500 1.000 1.000 0.667 0.000 0.750 1.000 1.000 0.333 0.000 0.750 1.000 0.625 0.167 0.500 0.750 0.500 0.125 0.000 0.594 0.190 '
0.800 0.333 0.200 0.633 0.111 0.567 0.722 0.567 0.600 0.711 0.424 0.111 0.303 0.000 0.475 0.500 0.333 0.200 0.200 0.378 0.400 1.000 1.000 1.000 0.956 0.564 0.435 ט
0.000 0.240 0.640 1.000 0.800 0.667 0.667 0.533 0.333 0.267 0.333 0.133 0.067 0.167 0.467 0.167 0.333 0.533 0.833 0.567 1.000 0.640 0.000 0.000 0.000 0.562 0.214 ⸗
0.000 0.250 1.000 1.000 1.000 0.000 0.550 1.000 1.000 0.600 0.000 0.750 1.000 0.438 0.083 0.400 0.750 0.600 0.150 0.000 1.000 0.500 0.000 0.000 0.000 0.639 0.159 '
0.000 0.000 1.000 0.000 0.000 0.000 0.250 1.000 0.750 0.125 0.667 0.833 1.000 1.000 0.667 1.000 1.000 1.000 1.000 0.250 0.333 0.333 0.667 1.000 0.000 0.615 0.118 .
0.000 0.000 0.000 1.000 0.000 0.000 0.375 0.750 1.000 0.750 0.667 0.833 1.000 1.000 1.000 0.500 0.875 1.000 1.000 1.000 0.000 0.333 0.667 0.667 0.333 0.615 0.162 .
0.000 0.000 0.300 0.400 0.700 0.583 0.833 0.708 0.567 0.167 0.333 0.333 0.083 0.033 0.167 0.083 0.167 0.417 0.567 0.833 0.700 1.000 0.700 0.480 0.000 0.625 0.229 ⸗
0.800 0.260 0.211 0.490 0.022 0.636 0.745 0.596 0.782 0.556 0.343 0.055 0.303 0.018 0.424 0.515 0.391 0.091 0.145 0.394 0.500 0.900 0.911 0.920 0.700 0.561 0.243 ט
0.812 0.289 0.350 0.578 0.075 0.909 0.717 0.557 0.677 0.580 0.477 0.192 0.398 0.030 0.591 0.716 0.293 0.102 0.091 0.318 0.750 1.000 1.000 1.000 0.875 0.612 0.243 ט
0.000 0.062 0.250 0.812 0.500 0.000 0.250 1.000 1.000 1.000 0.250 0.812 1.000 1.000 0.500 0.333 1.000 1.000 0.400 0.067 0.500 0.938 0.750 0.188 0.000 0.639 0.228 ,
0.000 0.080 0.640 0.920 0.600 0.667 0.667 0.533 0.267 0.000 0.333 0.267 0.000 0.200 0.667 0.000 0.400 0.500 0.700 0.500 0.560 0.640 0.440 0.160 0.000 0.562 0.120 ⸗
0.000 0.000 0.167 0.625 0.750 0.000 0.000 0.667 1.000 1.000 0.000 0.600 0.933 1.000 0.800 0.000 0.750 1.000 0.625 0.167 0.250 0.812 0.500 0.125 0.000 0.618 0.148 ,
1.000 1.000 1.000 0.667 0.000 1.000 1.000 1.000 0.833 0.500 1.000 1.000 1.000 1.000 1.000 1.000 1.000 1.000 1.000 1.000 1.000 1.000 1.000 0.667 0.000 0.600 0.090 .
0.000 0.500 1.000 1.000 0.500 0.750 0.875 1.000 1.000 0.500 1.000 1.000 1.000 1.000 0.833 1.000 1.000 1.000 1.000 0.625 0.333 0.667 1.000 0.333 0.167 0.615 0.116 .
0.000 0.667 0.667 0.000 0.000 0.000 0.667 0.917 0.750 0.250 0.667 0.889 1.000 1.000 0.778 1.000 1.000 1.000 1.000 0.667 0.333 0.778 0.778 0.333 0.111 0.577 0.167 .
1.000 0.871 0.700 0.700 0.343 0.200 0.200 0.200 0.329 0.857 0.000 0.000 0.000 0.000 0.857 0.000 0.000 0.000 0.000 0.857 0.000 0.000 0.000 0.000 0.857 0.620 0.208 ר
0.914 0.829 0.800 0.800 0.486 0.371 0.500 0.500 0.500 0.729 0.686 0.000 0.000 0.000 0.571 0.871 0.100 0.100 0.100 0.500 1.000 1.000 1.000 1.000 0.486 0.620 0.208 ס
0.957 0.700 0.700 0.700 0.214 0.671 0.586 0.500 0.500 0.843 0.779 0.000 0.000 0.000 0.532 0.871 0.029 0.000 0.043 0.186 1.000 0.857 0.800 0.886 0.586 0.628 0.213 ס
0.810 1.000 0.857 0.833 0.571 0.171 0.300 0.300 0.550 0.386 0.000 0.000 0.000 0.425 0.200 0.000 0.000 0.000 0.500 0.286 0.000 0.000 0.000 0.500 0.286 0.625 0.224 ד
1.000 1.000 1.000 0.871 0.214 0.243 0.500 0.500 0.500 0.857 0.000 0.000 0.000 0.000 0.857 0.000 0.000 0.000 0.000 0.886 0.000 0.000 0.000 0.000 0.886 0.628 0.233 ר
0.000 0.440 1.000 0.920 0.360 0.833 0.600 0.167 0.133 0.000 0.333 0.100 0.167 0.267 0.467 0.167 0.600 0.833 0.433 0.333 0.760 0.480 0.000 0.000 0.000 0.562 0.316 ⸗
0.871 0.700 0.700 0.700 0.471 0.500 0.500 0.414 0.371 0.914 0.771 0.000 0.000 0.000 0.571 0.786 0.143 0.100 0.100 0.614 1.000 1.000 1.000 1.000 1.000 0.620 0.404 ם
0.000 0.667 0.667 0.000 0.000 0.000 0.667 0.833 0.500 0.167 0.750 0.917 1.000 1.000 0.667 1.000 1.000 1.000 1.000 1.000 0.333 0.778 1.000 1.000 0.778 0.607 0.171 .
0.000 0.667 0.667 0.000 0.000 0.750 0.917 0.917 0.750 0.750 1.000 1.000 1.000 1.000 1.000 0.500 0.833 1.000 1.000 0.667 0.000 0.667 0.889 0.667 0.222 0.577 0.117 .
1.000 0.943 1.000 1.000 0.757 0.614 0.343 0.200 0.200 0.743 0.814 0.000 0.000 0.000 0.186 0.829 0.271 0.100 0.100 0.357 0.914 1.000 0.914 1.000 1.000 0.620 0.411 ם
0.143 0.875 0.800 0.800 0.443 0.271 0.688 0.500 0.550 0.857 0.486 0.938 0.600 0.450 0.600 0.314 0.400 0.271 0.287 0.486 0.657 1.000 1.000 1.000 0.771 0.641 0.414 פּ
0.914 1.000 0.943 0.886 0.943 0.200 0.200 0.200 0.200 0.600 0.671 0.000 0.000 0.000 0.543 0.714 0.000 0.000 0.000 0.714 0.486 0.000 0.000 0.000 0.829 0.620 0.414 ה
0.286 1.000 1.000 0.829 0.500 0.286 0.829 0.414 0.486 0.914 0.329 0.957 0.814 0.571 0.757 0.243 0.271 0.229 0.100 0.486 0.671 1.000 0.943 0.857 0.657 0.620 0.414 פּ
0.957 0.700 0.086 0.857 0.700 0.371 0.629 0.357 0.671 0.414 0.000 0.000 0.843 0.314 0.000 0.014 0.100 0.471 0.957 0.500 0.314 1.000 1.000 1.000 0.514 0.620 0.414 צ
0.657 0.738 0.229 0.825 0.614 0.371 0.738 0.229 0.400 0.943 0.000 0.250 0.143 0.000 0.714 0.000 0.250 0.143 0.000 0.714 0.000 0.400 0.143 0.000 0.714 0.641 0.414 װ
0.086 0.757 0.700 0.700 0.314 0.000 0.629 0.500 0.629 0.871 0.117 0.870 0.766 0.065 0.364 0.086 0.614 0.457 0.200 0.286 0.414 0.943 1.000 1.000 0.886 0.628 0.420 פ
0.486 0.700 0.700 0.700 0.700 0.286 0.500 0.500 0.500 0.714 0.390 0.078 0.000 0.000 0.532 0.829 0.143 0.000 0.000 0.714 0.771 0.071 0.000 0.000 0.714 0.628 0.423 ה
0.925 0.350 0.512 0.812 0.312 0.800 0.800 0.425 0.575 0.800 0.375 0.150 0.000 0.000 0.387 0.712 0.025 0.100 0.100 0.387 0.750 0.400 1.000 1.000 0.837 0.565 0.426 מ
0.571 0.743 0.700 0.700 0.171 0.157 0.500 0.500 0.629 0.429 0.000 0.000 0.000 0.000 0.584 0.114 0.200 0.200 0.200 0.543 0.786 1.000 1.000 1.000 0.800 0.628 0.435 ב
0.962 1.000 0.887 0.850 0.412 0.425 0.350 0.300 0.325 0.688 0.682 0.000 0.000 0.000 0.625 0.775 0.100 0.100 0.100 0.637 0.800 0.850 0.800 0.925 0.375 0.617 0.431 ס
0.573 0.214 0.000 0.000 0.000 0.804 0.000 0.000 0.000 0.000 0.892 0.647 0.647 0.664 0.676 0.000 0.000 0.050 0.412 0.824 0.000 0.384 0.545 0.152 0.021 0.816 0.387 ל
0.375 0.750 0.333 0.167 0.083 1.000 1.000 1.000 1.000 0.786 0.429 0.643 0.857 0.929 1.000 0.000 0.000 0.000 0.500 1.000 0.000 0.000 0.000 0.500 0.917 0.724 0.363 י
0.000 0.000 0.000 0.250 1.000 0.000 0.000 0.000 1.000 1.000 0.000 0.300 0.600 1.000 0.800 0.000 0.500 1.000 0.600 0.000 0.500 0.750 1.000 0.000 0.000 0.737 0.192 '
0.400 0.700 0.700 0.400 0.400 1.000 1.000 1.000 1.000 1.000 0.333 0.583 0.917 1.000 0.833 0.000 0.250 0.667 0.833 0.000 0.400 0.500 0.300 0.000 0.000 0.792 0.212 ,
0.486 0.700 0.700 0.529 0.171 0.286 0.500 0.500 0.700 0.657 0.000 0.000 0.000 0.029 0.371 0.000 0.000 0.000 0.000 0.286 0.571 0.700 0.700 0.700 0.757 0.652 0.282 ב
0.528 0.083 0.000 0.583 0.333 0.470 0.897 0.487 0.590 0.624 0.519 0.194 0.639 0.907 0.398 0.692 0.795 0.068 0.256 0.735 0.222 0.278 0.389 0.278 0.167 0.647 0.262 אַ
0.633 0.733 0.700 0.800 0.556 0.344 0.000 0.000 0.000 0.490 0.781 0.177 0.385 0.438 0.396 1.000 0.000 0.000 0.000 0.000 0.933 0.000 0.000 0.000 0.000 0.797 0.363 ק
0.000 0.133 0.400 0.800 0.600 0.533 0.867 1.000 1.000 0.867 0.867 1.000 0.867 0.533 0.133 1.000 1.000 0.667 0.000 0.000 1.000 0.467 0.133 0.000 0.000 0.738 0.186 '
0.000 0.167 0.500 0.833 1.000 0.000 0.333 1.000 1.000 1.000 0.000 0.333 1.000 1.000 1.000 0.667 0.867 0.867 0.600 0.333 1.000 1.000 0.667 0.000 0.000 0.694 0.222 ,
0.000 0.133 0.400 0.800 0.800 0.000 0.333 1.000 1.000 1.000 0.000 0.533 1.000 1.000 0.733 0.000 0.667 0.800 0.400 0.133 0.400 0.800 0.667 0.000 0.000 0.738 0.186 '
0.000 0.000 0.167 0.812 0.500 0.000 0.000 0.667 1.000 1.000 0.000 0.150 0.733 0.850 0.400 0.000 0.750 1.000 0.250 0.000 0.500 0.875 0.667 0.125 0.000 0.658 0.173 '
0.000 0.200 0.700 1.000 0.400 0.000 0.500 1.000 1.000 0.800 0.400 0.700 1.000 1.000 0.000 1.000 0.900 0.600 0.400 0.000 1.000 0.500 0.000 0.000 0.000 0.762 0.189 '
0.000 0.250 0.625 1.000 1.000 0.000 1.000 1.000 1.000 1.000 0.000 1.000 1.000 1.000 0.250 0.200 1.000 0.600 0.200 0.000 1.000 0.750 0.375 0.000 0.000 0.722 0.162 '
0.000 0.000 0.500 1.000 1.000 0.000 0.400 0.700 1.000 1.000 0.000 1.000 1.000 1.000 1.000 0.400 1.000 0.800 0.600 0.200 1.000 0.500 0.250 0.000 0.000 0.737 0.160 '
0.000 0.125 0.250 1.000 0.250 0.000 0.500 1.000 1.000 1.000 0.600 0.800 1.000 1.000 1.000 1.000 1.000 1.000 0.600 0.200 1.000 0.750 0.500 0.000 0.000 0.737 0.241 ,
0.000 0.125 0.250 1.000 1.000 0.000 0.500 1.000 1.000 1.000 0.000 0.500 1.000 1.000 0.250 0.800 0.900 1.000 0.800 0.000 1.000 0.875 0.750 0.000 0.000 0.722 0.155 ,
0.000 0.125 0.625 1.000 0.250 0.000 0.500 1.000 1.000 1.000 0.000 0.500 1.000 1.000 0.250 0.200 0.600 0.900 0.800 0.000 1.000 0.875 0.375 0.000 0.000 0.722 0.161 '
0.000 0.000 0.000 1.000 1.000 0.000 0.300 0.600 1.000 1.000 0.000 0.500 1.000 1.000 0.625 0.200 0.600 1.000 0.800 0.400 1.000 0.875 0.750 0.000 0.000 0.722 0.162 ,
0.000 0.250 0.625 1.000 0.750 0.000 1.000 1.000 1.000 1.000 0.000 1.000 1.000 1.000 0.500 0.800 1.000 0.900 0.800 0.000 1.000 0.750 0.375 0.000 0.000 0.722 0.157 '
0.000 0.000 0.667 1.000 1.000 0.000 0.000 0.667 1.000 1.000 0.000 0.450 0.867 0.900 0.533 0.600 0.900 1.000 0.500 0.000 1.000 1.000 0.667 0.250 0.000 0.658 0.165 '
0.250 0.438 0.625 1.000 0.625 0.111 0.278 0.444 0.444 0.444 0.000 0.000 0.000 0.000 0.000 0.000 0.167 0.333 0.333 0.000 0.625 0.812 1.000 1.000 0.625 0.868 0.228 :
0.000 0.000 0.667 1.000 0.750 0.000 0.300 0.800 1.000 0.867 0.800 0.950 1.000 0.600 0.133 1.000 1.000 0.733 0.300 0.000 1.000 0.625 0.167 0.000 0.000 0.658 0.168 ,
0.000 0.000 0.400 0.900 0.733 0.000 0.600 0.933 1.000 0.867 0.000 0.750 1.000 0.700 0.200 0.800 0.950 0.467 0.050 0.000 1.000 0.700 0.200 0.000 0.000 0.690 0.191 '
0.688 0.796 0.146 0.306 0.823 0.042 0.565 0.083 0.000 0.500 0.000 0.389 0.062 0.083 0.406 0.000 0.278 0.844 0.861 0.188 0.208 0.833 0.375 0.056 0.000 0.683 0.294 ע
0.667 0.833 0.389 0.167 0.111 1.000 1.000 1.000 1.000 0.667 0.429 0.619 0.952 1.000 0.857 0.000 0.000 0.476 0.905 0.524 0.000 0.000 0.444 0.778 0.278 0.741 0.257 י
0.250 0.867 0.567 0.167 0.083 0.571 1.000 1.000 1.000 0.571 0.071 0.286 0.686 1.000 0.643 0.000 0.000 0.114 0.743 0.500 0.000 0.000 0.200 0.867 0.333 0.672 0.254 י
0.400 0.880 0.640 0.400 0.300 0.125 0.500 0.780 0.800 0.800 0.000 0.180 0.580 0.120 0.000 0.000 0.240 0.880 0.400 0.000 0.000 0.000 0.800 0.400 0.000 0.793 0.407 ז
0.475 0.880 0.580 0.580 0.350 0.125 0.500 0.800 0.920 0.800 0.000 0.120 0.720 0.600 0.000 0.000 0.040 0.640 0.720 0.150 0.000 0.000 0.600 0.600 0.000 0.793 0.225 ז
0.167 0.889 0.667 0.500 0.167 0.429 1.000 1.000 1.000 1.000 0.000 0.429 0.714 0.810 1.000 0.000 0.000 0.000 0.333 1.000 0.000 0.000 0.000 0.333 0.889 0.741 0.254 י
0.600 0.900 0.700 0.600 0.400 0.300 0.600 0.800 0.867 1.000 0.000 0.000 0.000 0.333 0.800 0.000 0.000 0.000 0.333 1.000 0.000 0.000 0.000 0.333 1.000 0.837 0.414 ו
0.143 0.914 0.700 0.700 0.500 0.029 0.286 0.500 0.500 0.700 0.000 0.000 0.000 0.000 0.143 0.014 0.100 0.100 0.100 0.229 0.529 1.000 1.000 1.000 0.814 0.652 0.411 כ
0.325 0.925 0.700 0.550 0.250 0.300 0.650 0.800 0.950 0.850 0.000 0.000 0.000 0.750 0.250 0.000 0.000 0.000 0.750 0.250 0.000 0.000 0.300 0.850 0.250 0.826 0.414 ו
0.333 1.000 0.167 0.167 0.111 0.857 1.000 1.000 1.000 0.762 0.524 0.714 0.810 1.000 0.524 0.000 0.000 0.095 0.524 0.524 0.000 0.000 0.222 0.778 0.333 0.741 0.372 י
0.475 0.880 0.675 0.360 0.225 0.125 0.500 0.875 0.980 0.875 0.000 0.145 0.841 0.800 0.000 0.000 0.120 0.825 0.980 0.675 0.000 0.000 0.750 0.920 0.450 0.809 0.416 ז
0.000 0.633 0.867 0.800 0.680 0.000 0.133 0.450 0.900 0.760 0.000 0.000 0.000 0.617 0.720 0.000 0.083 0.100 0.550 1.000 0.560 0.967 1.000 1.000 0.920 0.739 0.426 נ
0.000 0.800 0.880 0.800 0.380 0.000 0.200 0.400 0.520 0.760 0.000 0.000 0.000 0.400 0.560 0.040 0.100 0.160 0.760 0.460 0.920 1.000 0.720 0.680 0.520 0.728 0.400 ג
0.000 0.800 0.920 0.800 0.680 0.000 0.220 0.500 0.620 0.740 0.000 0.000 0.000 0.000 0.440 0.040 0.100 0.100 0.100 0.820 0.700 1.000 1.000 1.000 0.920 0.772 0.397 נ
0.000 0.667 0.800 0.667 0.300 0.000 0.433 0.800 0.867 0.480 0.000 0.000 0.000 0.383 0.180 0.000 0.000 0.000 0.500 0.600 0.520 0.700 0.700 0.850 0.720 0.739 0.407 נ
0.375 0.844 1.000 1.000 0.583 0.000 0.417 0.556 0.306 0.074 0.000 0.000 0.000 0.000 0.000 0.000 0.250 0.333 0.083 0.000 0.375 0.750 0.958 0.812 0.250 0.829 0.352 :
0.667 0.917 1.000 0.750 0.667 0.100 0.325 0.600 0.600 0.867 0.000 0.000 0.000 0.000 0.667 0.000 0.000 0.000 0.000 0.667 0.000 0.000 0.000 0.417 0.852 0.852 0.407 ו
0.700 0.900 0.800 0.650 0.350 0.100 0.400 0.550 0.850 0.600 0.000 0.000 0.000 0.500 0.500 0.000 0.000 0.000 0.500 0.500 0.000 0.000 0.250 0.750 0.500 0.826 0.426 ו
0.417 1.000 0.917 0.667 0.667 0.075 0.300 0.375 0.800 0.850 0.000 0.000 0.000 0.500 1.000 0.000 0.000 0.000 0.500 1.000 0.000 0.000 0.056 0.611 0.556 0.818 0.218 ו
0.000 0.500 1.000 0.750 0.317 0.000 0.250 0.500 0.817 0.417 0.000 0.000 0.000 0.333 0.348 0.000 0.167 0.200 0.467 0.733 0.500 0.967 1.000 1.000 0.633 0.713 0.233 נ
0.000 0.333 0.871 0.700 0.600 0.000 0.067 0.329 0.667 0.833 0.000 0.000 0.000 0.267 0.600 0.050 0.100 0.100 0.400 0.867 0.700 1.000 0.829 0.550 0.733 0.707 0.208 ג
0.000 0.833 0.867 0.750 0.300 0.000 0.267 0.533 0.850 0.420 0.000 0.000 0.000 0.600 0.360 0.060 0.100 0.100 0.700 0.760 0.880 1.000 1.000 0.967 0.680 0.739 0.242 נ
0.400 0.867 1.000 1.000 0.800 0.000 0.667 1.000 1.000 0.667 0.000 0.121 0.455 1.000 0.333 0.000 0.067 0.200 0.400 0.133 0.433 0.767 0.933 0.900 0.633 0.883 0.420 !
0.133 0.450 0.850 0.850 0.367 0.000 0.500 1.000 0.900 0.267 0.000 0.200 0.700 0.500 0.000 0.000 0.000 0.375 0.325 0.000 0.300 0.600 0.925 0.675 0.300 0.848 0.418 !
0.700 1.000 0.775 0.700 0.625 0.050 0.380 0.875 0.960 0.725 0.000 0.000 0.750 0.800 0.000 0.000 0.000 0.675 0.900 0.450 0.000 0.000 0.225 0.660 0.000 0.804 0.418 ז
0.484 0.950 0.875 0.800 0.594 0.016 0.062 0.400 0.775 0.250 0.000 0.250 0.850 0.600 0.000 0.000 0.125 0.725 0.600 0.000 0.000 0.000 0.587 0.562 0.000 0.875 0.376 ן
0.500 0.750 1.000 1.000 0.700 0.000 0.500 1.000 1.000 0.200 0.000 0.500 0.850 0.700 0.000 0.000 0.250 0.350 0.200 0.000 0.500 0.750 1.000 1.000 0.500 0.891 0.407 !
0.475 1.000 1.000 0.840 0.725 0.050 0.320 0.875 0.760 0.650 0.000 0.240 0.900 0.560 0.000 0.000 0.120 0.825 0.800 0.000 0.000 0.000 0.750 0.500 0.000 0.804 0.393 ז
0.453 0.859 0.812 0.766 0.562 0.000 0.031 0.266 0.672 0.469 0.000 0.235 0.956 0.750 0.000 0.000 0.156 0.719 0.938 0.375 0.000 0.031 0.344 0.969 0.438 0.896 0.393 ן
0.000 0.250 1.000 1.000 1.000 0.000 0.450 1.000 1.000 0.733 0.000 0.750 1.000 0.400 0.067 0.400 0.750 0.600 0.150 0.000 1.000 0.500 0.000 0.000 0.000 0.658 0.168 ,
0.000 0.333 1.000 1.000 1.000 0.000 0.333 1.000 1.000 1.000 0.750 0.833 1.000 1.000 1.000 1.000 1.000 1.000 0.733 0.200 1.000 0.917 0.750 0.500 0.000 0.778 0.162 '
0.300 0.675 1.000 0.775 0.233 0.000 0.750 1.000 0.625 0.167 0.000 0.750 1.000 0.250 0.000 0.000 0.250 0.400 0.100 0.000 0.300 0.725 1.000 0.850 0.467 0.862 0.423 !
0.000 0.500 1.000 1.000 1.000 0.000 0.500 1.000 1.000 1.000 0.333 0.667 1.000 1.000 0.667 1.000 1.000 1.000 0.667 0.000 1.000 1.000 1.000 0.000 0.000 0.667 0.139 '
0.000 0.188 0.750 1.000 1.000 0.000 0.750 1.000 1.000 0.733 0.200 0.800 1.000 0.700 0.133 1.000 1.000 0.733 0.300 0.000 1.000 0.625 0.167 0.000 0.000 0.658 0.173 ,
0.000 0.000 0.750 1.000 0.833 0.200 0.600 0.900 1.000 1.000 0.333 1.000 1.000 1.000 0.750 0.867 1.000 0.850 0.400 0.133 0.833 0.500 0.125 0.000 0.000 0.667 0.164 ,
0.400 0.400 0.800 0.550 0.133 0.667 0.917 1.000 1.000 0.556 0.000 0.250 0.778 1.000 0.556 0.000 0.125 0.722 0.875 0.278 0.000 0.750 0.733 0.150 0.000 0.729 0.212 ,
0.133 0.400 0.850 0.600 0.400 0.556 1.000 1.000 1.000 1.000 0.889 1.000 0.875 0.500 0.333 0.278 0.833 0.583 0.278 0.111 0.000 0.000 0.450 0.867 0.667 0.750 0.212 '
0.083 0.438 1.000 1.000 0.500 0.333 1.000 1.000 1.000 0.733 0.333 1.000 1.000 0.850 0.267 0.600 0.900 0.600 0.150 0.000 0.833 0.375 0.000 0.000 0.000 0.658 0.171 ,
0.000 0.500 1.000 1.000 0.250 0.400 0.700 1.000 1.000 0.600 1.000 1.000 1.000 1.000 0.000 1.000 0.800 0.600 0.200 0.000 1.000 0.500 0.000 0.000 0.000 0.737 0.241 '
0.000 0.500 1.000 1.000 1.000 0.250 0.625 1.000 1.000 1.000 1.000 1.000 1.000 1.000 0.500 1.000 1.000 0.750 0.500 0.000 1.000 0.750 0.250 0.000 0.000 0.688 0.144 ,
0.400 0.700 1.000 1.000 0.700 0.833 0.917 1.000 1.000 1.000 0.000 0.167 0.333 1.000 1.000 0.000 0.000 0.000 1.000 1.000 0.000 0.100 0.200 0.800 0.500 0.792 0.229 ,
0.400 0.700 0.900 0.800 0.200 1.000 1.000 1.000 1.000 1.000 1.000 1.000 1.000 0.400 0.400 0.400 0.700 1.000 0.000 0.000 0.000 0.200 0.500 1.000 0.000 0.800 0.217 '
0.400 0.700 1.000 1.000 0.700 1.000 1.000 1.000 1.000 1.000 0.333 0.583 0.833 1.000 1.000 0.000 0.000 0.000 1.000 0.750 0.400 0.600 0.800 0.600 0.300 0.792 0.212 ,
0.000 0.750 1.000 0.550 0.400 0.333 0.833 1.000 1.000 0.556 0.833 0.958 0.889 0.458 0.111 0.000 0.625 0.611 0.125 0.000 0.000 0.000 0.400 0.450 0.133 0.729 0.209 '
0.400 0.700 1.000 1.000 1.000 1.000 1.000 1.000 1.000 1.000 1.000 1.000 0.750 0.500 0.167 0.800 0.900 0.600 0.200 0.000 0.000 0.500 1.000 1.000 0.000 0.773 0.379 '
0.000 0.300 0.800 0.700 0.267 0.167 0.792 1.000 1.000 0.833 0.833 0.958 1.000 0.667 0.222 0.000 0.750 1.000 0.500 0.000 0.000 0.150 0.600 0.800 0.533 0.729 0.222 '
0.400 0.850 1.000 0.700 0.133 1.000 1.000 1.000 1.000 0.556 1.000 1.000 0.889 0.583 0.111 0.500 0.875 0.444 0.083 0.000 0.000 0.450 0.867 0.700 0.133 0.729 0.212 '
0.400 0.850 1.000 1.000 0.333 0.333 0.833 1.000 1.000 0.778 0.000 0.250 0.333 0.833 0.889 0.000 0.000 0.333 0.875 0.333 0.000 0.150 0.600 0.350 0.067 0.729 0.229 ,
0.571 0.857 0.800 0.757 0.271 0.114 0.329 0.425 0.529 0.586 0.000 0.000 0.000 0.000 0.543 0.057 0.100 0.100 0.100 0.414 0.871 1.000 1.000 0.929 0.300 0.652 0.242 כ
0.700 0.925 0.800 0.700 0.700 0.200 0.425 0.500 0.650 0.900 0.000 0.000 0.000 0.000 0.667 0.000 0.000 0.000 0.675 0.967 0.000 0.000 0.000 0.750 1.000 0.859 0.228 ו
0.625 0.950 0.800 0.800 0.650 0.250 0.400 0.400 0.700 0.700 0.000 0.000 0.000 0.500 0.500 0.000 0.000 0.000 0.500 0.550 0.000 0.000 0.200 0.900 0.600 0.826 0.426 ו
0.625 1.000 0.750 0.500 0.250 0.458 0.917 1.000 1.000 1.000 0.000 0.167 0.333 0.667 1.000 0.000 0.000 0.000 0.500 1.000 0.000 0.000 0.000 0.500 0.583 0.733 0.278 י
0.600 1.000 1.000 1.000 0.600 1.000 1.000 1.000 1.000 0.667 1.000 1.000 0.667 0.333 0.000 0.333 0.833 0.750 0.667 0.000 0.000 0.000 0.500 1.000 0.000 0.792 0.229 '
0.500 1.000 0.833 0.500 0.333 0.833 1.000 1.000 1.000 1.000 0.000 0.333 0.333 0.556 1.000 0.000 0.000 0.000 0.333 1.000 0.000 0.000 0.000 0.333 0.722 0.750 0.263 י
0.667 1.000 0.889 0.667 0.500 0.500 1.000 1.000 1.000 1.000 0.000 0.333 0.667 0.778 1.000 0.000 0.000 0.000 0.056 0.444 0.000 0.000 0.000 0.222 0.778 0.712 0.156 י
0.250 1.000 0.900 0.500 0.250 0.500 1.000 1.000 1.000 0.750 0.036 0.314 0.657 1.000 1.000 0.000 0.000 0.033 0.500 0.583 0.000 0.000 0.167 0.900 0.500 0.648 0.243 י
0.700 0.850 1.000 0.700 0.600 0.500 0.750 1.000 1.000 0.000 0.000 0.500 1.000 0.182 0.000 0.000 0.200 0.400 0.000 0.000 0.600 0.800 1.000 0.800 0.300 0.894 0.423 !
0.700 0.850 1.000 0.700 0.600 0.500 0.750 1.000 0.500 0.250 0.000 0.500 1.000 0.000 0.000 0.000 0.200 0.400 0.000 0.000 0.500 0.750 1.000 0.500 0.500 0.891 0.414 !
0.600 0.800 1.000 0.600 0.600 1.000 1.000 1.000 1.000 1.000 1.000 1.000 1.000 0.833 0.583 0.833 0.917 1.000 0.167 0.083 0.000 0.300 0.600 1.000 0.500 0.792 0.296 '
0.600 0.800 1.000 1.000 1.000 1.000 1.000 1.000 1.000 1.000 1.000 1.000 1.000 1.000 0.583 0.600 0.800 1.000 0.400 0.200 0.000 0.300 0.600 1.000 0.700 0.773 0.204 '
0.400 0.867 0.867 0.600 0.600 0.889 1.000 1.000 1.000 1.000 1.000 1.000 0.889 0.667 0.333 0.889 1.000 0.444 0.111 0.000 0.200 0.600 0.867 0.800 0.400 0.771 0.218 '
0.400 0.867 0.867 0.600 0.600 0.889 1.000 1.000 1.000 1.000 1.000 1.000 0.889 0.667 0.333 0.889 1.000 0.444 0.111 0.000 0.200 0.600 0.867 0.667 0.000 0.771 0.218 '
0.625 0.812 1.000 1.000 0.812 0.111 0.278 0.444 0.444 0.278 0.000 0.000 0.000 0.000 0.000 0.111 0.222 0.333 0.667 0.389 0.375 0.562 0.750 1.000 0.875 0.868 0.336 :
0.783 0.867 0.800 0.800 0.700 0.000 0.156 0.500 0.688 0.438 0.000 0.500 1.000 0.500 0.000 0.000 0.500 1.000 0.719 0.219 0.000 0.300 0.800 0.933 0.433 0.892 0.378 ן
0.850 1.000 0.850 0.700 0.600 0.050 0.600 1.000 0.750 0.500 0.000 0.500 1.000 0.500 0.000 0.000 0.650 1.000 0.350 0.000 0.000 0.600 0.950 0.250 0.000 0.826 0.383 ז
0.733 1.000 0.900 0.700 0.600 0.067 0.300 0.500 0.667 0.833 0.000 0.000 0.000 0.333 0.667 0.000 0.000 0.000 0.333 0.733 0.000 0.000 0.200 0.733 0.733 0.840 0.435 ו
0.904 0.590 0.048 0.615 0.692 0.107 0.579 0.036 0.159 0.643 0.000 0.444 0.038 0.410 0.231 0.054 0.587 0.777 0.563 0.000 0.692 0.667 0.106 0.000 0.000 0.698 0.309 ע
0.821 0.571 0.143 0.286 0.821 0.131 0.583 0.179 0.000 0.619 0.000 0.393 0.000 0.107 0.607 0.012 0.369 0.643 0.893 0.321 0.500 0.881 0.488 0.095 0.000 0.708 0.294 ע
1.000 1.000 0.867 0.800 0.600 0.200 0.350 0.400 0.625 0.900 0.000 0.000 0.000 0.225 0.767 0.000 0.000 0.000 0.075 0.700 0.000 0.000 0.000 0.750 1.000 0.859 0.426 ו
1.000 1.000 0.900 0.700 0.533 0.200 0.467 0.933 0.800 0.767 0.000 0.333 0.867 0.400 0.000 0.000 0.633 1.000 0.367 0.000 0.000 0.667 0.933 0.300 0.000 0.837 0.383 ז
0.800 0.950 0.867 0.800 0.600 0.200 0.350 0.400 0.850 1.000 0.000 0.000 0.000 0.750 1.000 0.000 0.000 0.000 0.750 1.000 0.000 0.000 0.000 0.750 0.867 0.859 0.426 ו
0.850 0.880 0.575 0.500 0.425 0.250 0.580 0.925 0.760 0.700 0.000 0.540 0.975 0.380 0.000 0.000 0.180 0.825 0.800 0.000 0.000 0.000 0.750 0.680 0.000 0.804 0.426 ז
1.000 0.950 0.800 0.800 0.600 0.267 0.475 0.700 0.925 0.600 0.000 0.000 0.000 0.750 0.333 0.000 0.000 0.000 0.750 0.333 0.000 0.150 0.600 0.900 0.333 0.859 0.426 ו
1.000 0.800 0.800 0.800 0.800 0.200 0.350 0.500 0.583 0.583 0.000 0.000 0.000 0.167 0.367 0.000 0.000 0.000 0.167 0.667 0.000 0.000 0.000 0.167 0.567 0.674 0.208 ד
0.771 0.771 0.086 0.829 0.752 0.000 0.562 0.223 0.321 0.259 0.027 0.777 0.125 0.000 0.000 0.000 0.857 0.000 0.000 0.000 0.000 0.857 0.000 0.000 0.000 0.764 0.389 ץ
0.723 0.188 0.000 0.527 0.491 0.417 0.775 0.683 0.592 0.567 0.775 0.558 0.192 0.575 0.792 0.375 0.517 0.200 0.150 0.358 0.000 0.000 0.732 0.330 0.000 0.710 0.356 אָ
0.786 0.262 0.000 0.770 0.468 0.489 0.726 0.733 0.630 0.378 0.844 0.430 0.148 0.607 0.674 0.422 0.548 0.430 0.193 0.207 0.000 0.024 0.683 0.190 0.000 0.703 0.352 אָ
0.889 0.708 0.333 0.333 0.111 1.000 1.000 1.000 1.000 1.000 0.444 0.500 0.500 0.875 1.000 0.000 0.000 0.000 0.125 0.722 0.000 0.000 0.000 0.750 0.889 0.783 0.375 י
1.000 0.833 0.500 0.333 0.000 0.889 1.000 1.000 1.000 1.000 0.111 0.333 0.500 0.889 1.000 0.000 0.000 0.000 0.333 0.889 0.000 0.000 0.278 0.889 0.333 0.750 0.278 י
1.000 0.700 0.500 0.500 0.375 1.000 1.000 1.000 1.000 0.833 0.250 0.571 0.571 0.914 1.000 0.000 0.000 0.000 0.800 0.792 0.000 0.000 0.250 0.800 0.500 0.667 0.250 י
0.750 0.917 0.542 0.167 0.083 0.893 1.000 1.000 1.000 0.786 0.071 0.393 0.714 0.857 1.000 0.000 0.000 0.000 0.500 0.857 0.000 0.000 0.083 0.667 0.500 0.724 0.269 י
1.000 1.000 0.625 0.500 0.333 1.000 1.000 1.000 1.000 1.000 0.111 0.333 0.333 0.667 0.889 0.000 0.000 0.000 0.000 0.333 0.000 0.000 0.000 0.556 0.778 0.800 0.278 י
0.900 0.800 0.650 0.650 0.700 0.600 0.500 0.600 0.833 0.683 0.000 0.000 0.000 0.517 0.167 0.000 0.000 0.000 0.667 0.167 0.000 0.000 0.000 0.667 0.167 0.674 0.418 ד
0.778 0.889 0.667 0.389 0.000 0.889 1.000 1.000 1.000 0.667 0.111 0.333 0.556 0.944 1.000 0.000 0.000 0.000 0.667 0.333 0.000 0.000 0.333 0.778 0.000 0.750 0.265 י
0.778 0.889 0.667 0.667 0.222 0.619 1.000 1.000 1.000 0.714 0.143 0.429 0.524 0.810 1.000 0.000 0.000 0.000 0.333 0.524 0.000 0.000 0.000 0.333 0.333 0.741 0.174 י
0.932 0.202 0.000 0.646 0.580 0.594 0.917 0.594 0.472 0.594 0.729 0.241 0.604 0.861 0.438 0.812 0.750 0.062 0.213 0.792 0.330 0.343 0.352 0.283 0.273 0.648 0.267 אַ
0.743 0.400 0.400 0.400 0.157 0.688 0.610 0.649 0.727 0.792 0.675 0.000 0.000 0.000 0.714 0.818 0.130 0.091 0.091 0.740 1.000 1.000 1.000 1.000 0.943 0.643 0.301 ם
0.800 0.500 0.500 0.500 0.300 0.455 0.455 0.557 0.610 0.779 0.000 0.000 0.000 0.000 0.571 0.000 0.000 0.000 0.000 0.571 0.000 0.000 0.000 0.000 0.571 0.673 0.222 ר
0.833 0.333 0.000 0.000 0.000 1.000 1.000 1.000 1.000 0.778 0.500 0.833 0.889 1.000 1.000 0.000 0.000 0.056 0.444 0.778 0.000 0.000 0.278 0.778 0.222 0.750 0.283 י
0.825 0.760 0.400 0.320 0.100 0.477 0.727 0.873 0.909 0.591 0.000 0.436 0.545 0.000 0.000 0.000 0.218 0.800 0.327 0.000 0.000 0.180 0.660 0.200 0.000 0.806 0.434 ז
0.833 0.500 0.389 0.167 0.056 1.000 1.000 1.000 1.000 0.429 0.429 0.571 0.905 1.000 0.619 0.000 0.000 0.095 0.524 0.333 0.000 0.000 0.222 0.778 0.333 0.741 0.372 י
1.000 0.722 0.333 0.333 0.111 0.944 1.000 1.000 1.000 0.667 0.222 0.500 0.833 1.000 0.500 0.000 0.000 0.111 0.722 0.000 0.000 0.000 0.667 0.889 0.000 0.750 0.380 י
0.771 0.914 0.686 0.543 0.248 1.000 1.000 1.000 1.000 0.946 0.250 0.598 0.920 1.000 1.000 0.000 0.000 0.036 0.116 1.000 0.000 0.000 0.000 0.000 0.771 0.764 0.381 י
0.800 0.900 0.700 0.600 0.300 0.500 0.500 0.667 1.000 0.733 0.000 0.000 0.091 0.515 0.667 0.000 0.000 0.333 1.000 0.667 0.000 0.000 0.333 1.000 0.667 0.840 0.427 ו
0.950 0.700 0.700 0.700 0.700 0.350 0.500 0.500 0.857 0.667 0.000 0.000 0.000 0.675 0.333 0.000 0.000 0.000 0.586 0.683 0.000 0.000 0.000 0.714 0.433 0.691 0.435 ד
1.000 0.775 0.700 0.475 0.400 0.455 0.523 0.727 0.932 1.000 0.000 0.000 0.000 0.750 0.879 0.000 0.000 0.000 0.750 1.000 0.000 0.000 0.000 0.750 0.733 0.867 0.243 ו
0.786 0.700 0.700 0.571 0.157 0.766 0.494 0.455 0.610 0.714 0.688 0.000 0.000 0.013 0.532 0.740 0.091 0.091 0.091 0.506 0.929 1.000 0.971 0.914 0.300 0.643 0.243 ס
0.967 0.800 0.800 0.800 0.700 0.333 0.400 0.400 0.571 0.600 0.000 0.000 0.000 0.629 0.333 0.000 0.000 0.000 0.286 0.467 0.000 0.000 0.000 0.500 0.600 0.685 0.426 ד
1.000 1.000 0.833 0.500 0.167 1.000 1.000 1.000 1.000 0.667 0.143 0.286 0.667 0.905 0.429 0.000 0.000 0.000 0.333 0.333 0.000 0.000 0.278 0.778 0.222 0.722 0.342 י
1.000 1.000 0.833 0.667 0.333 1.000 1.000 1.000 1.000 0.500 0.250 0.500 0.750 1.000 0.750 0.000 0.000 0.542 1.000 0.542 0.000 0.000 0.750 0.875 0.208 0.692 0.226 י
0.750 1.000 0.917 0.667 0.667 0.625 1.000 1.000 1.000 1.000 0.167 0.667 0.667 0.833 1.000 0.000 0.000 0.000 0.500 1.000 0.000 0.000 0.000 0.500 0.917 0.692 0.325 י
1.000 1.000 1.000 1.000 0.600 1.000 1.000 1.000 1.000 0.667 1.000 1.000 0.667 0.333 0.000 0.333 1.000 0.583 0.167 0.000 0.000 0.600 0.800 1.000 0.000 0.792 0.229 '
1.000 1.000 0.800 0.550 0.400 0.500 0.500 0.500 0.750 1.000 0.000 0.000 0.000 0.500 0.818 0.000 0.000 0.000 0.500 1.000 0.000 0.000 0.000 0.500 0.867 0.862 0.233 ו
1.000 1.000 1.000 0.750 0.667 0.300 0.375 0.600 0.900 0.733 0.000 0.000 0.000 0.750 0.333 0.000 0.000 0.000 0.750 0.467 0.000 0.028 0.111 0.778 0.926 0.849 0.213 ו
1.000 1.000 0.900 0.650 0.350 0.275 0.500 0.750 1.000 0.600 0.000 0.000 0.500 1.000 0.500 0.000 0.000 0.500 1.000 0.500 0.000 0.000 0.500 0.900 0.400 0.826 0.393 ו
1.000 1.000 1.000 1.000 0.400 1.000 1.000 1.000 1.000 1.000 1.000 1.000 0.750 0.500 0.167 0.800 0.900 0.500 0.000 0.000 0.000 0.500 0.700 0.400 0.000 0.773 0.379 '
1.000 0.700 0.700 0.700 0.633 0.350 0.500 0.500 0.783 0.283 0.000 0.000 0.000 0.800 0.033 0.000 0.000 0.000 0.833 0.000 0.000 0.000 0.000 0.833 0.000 0.674 0.230 ד
1.000 1.000 1.000 1.000 1.000 1.000 1.000 1.000 1.000 1.000 1.000 1.000 1.000 0.667 0.417 0.800 0.900 1.000 0.000 0.000 0.000 0.500 1.000 0.400 0.200 0.773 0.272 '
1.000 1.000 1.000 1.000 1.000 1.000 1.000 1.000 1.000 1.000 1.000 1.000 1.000 0.500 0.333 1.000 1.000 1.000 0.200 0.100 0.600 0.800 1.000 1.000 0.500 0.773 0.204 '
0.875 0.800 0.800 0.762 0.262 0.227 0.364 0.364 0.443 0.750 0.000 0.000 0.000 0.091 0.648 0.000 0.000 0.000 0.034 0.705 0.000 0.000 0.000 0.038 0.613 0.633 0.454 ר
0.743 0.700 0.700 0.700 0.157 0.260 0.455 0.455 0.455 0.714 0.000 0.000 0.000 0.000 0.896 0.000 0.000 0.000 0.000 1.000 0.000 0.000 0.000 0.000 0.857 0.643 0.454 ר
0.971 0.800 0.800 0.800 0.557 0.286 0.364 0.364 0.364 0.701 0.000 0.000 0.000 0.000 0.571 0.000 0.000 0.000 0.000 0.571 0.000 0.000 0.000 0.000 0.486 0.673 0.454 ר
0.625 0.611 0.219 0.306 0.802 0.042 0.556 0.260 0.000 0.479 0.000 0.315 0.042 0.056 0.385 0.000 0.167 0.656 0.889 0.406 0.208 0.861 0.573 0.083 0.000 0.683 0.556 ע
0.727 0.061 0.000 0.707 0.293 0.566 0.909 0.455 0.515 0.576 0.707 0.091 0.606 0.889 0.232 0.747 0.636 0.030 0.273 0.636 0.242 0.333 0.455 0.303 0.111 0.627 0.509 אַ
0.743 0.271 0.000 0.729 0.400 0.610 0.844 0.117 0.740 0.649 0.000 0.234 0.896 0.442 0.000 0.026 0.091 0.558 0.922 0.312 0.400 1.000 1.000 1.000 0.357 0.643 0.445 צ
0.778 0.400 0.422 0.722 0.122 0.616 0.848 0.434 0.556 0.697 0.303 0.182 0.000 0.000 0.646 0.535 0.030 0.333 0.212 0.515 0.444 0.367 0.800 0.867 0.544 0.582 0.441 מ
0.865 0.556 0.083 0.500 0.740 0.052 0.694 0.083 0.028 0.656 0.000 0.417 0.000 0.083 0.375 0.000 0.417 0.781 0.889 0.219 0.458 0.833 0.469 0.056 0.000 0.683 0.556 ע
0.286 0.829 0.800 0.757 0.143 0.104 0.364 0.364 0.442 0.610 0.000 0.000 0.000 0.000 0.429 0.104 0.364 0.364 0.286 0.636 0.571 0.800 0.857 0.829 0.714 0.643 0.454 ב
0.150 0.863 0.700 0.700 0.412 0.125 0.688 0.500 0.562 0.950 0.250 0.932 0.614 0.023 0.693 0.312 0.575 0.425 0.200 0.700 0.625 1.000 1.000 1.000 0.725 0.617 0.603 פ
0.543 0.800 0.800 0.757 0.300 0.286 0.500 0.500 0.529 0.729 0.000 0.000 0.000 0.000 0.429 0.000 0.000 0.000 0.000 0.443 0.614 0.700 0.700 0.700 0.843 0.652 0.548 ב
0.968 1.000 1.000 1.000 0.810 0.214 0.300 0.300 0.600 0.214 0.000 0.000 0.000 0.444 0.032 0.000 0.000 0.000 0.571 0.286 0.000 0.000 0.000 0.540 0.222 0.628 0.544 ד
0.663 0.378 0.000 0.567 0.700 0.463 0.911 0.575 0.500 0.825 0.312 0.556 0.812 0.933 0.463 0.738 0.511 0.062 0.400 0.875 0.512 0.978 0.225 0.000 0.488 0.587 0.582 א
0.725 1.000 1.000 0.863 0.463 0.400 0.512 0.200 0.350 0.812 0.625 0.250 0.000 0.000 0.287 0.625 0.438 0.100 0.100 0.300 0.625 1.000 1.000 0.975 0.525 0.609 0.605 ס
0.955 0.384 0.000 0.626 0.818 0.625 0.981 0.740 0.685 0.500 0.823 0.306 0.448 0.852 0.656 0.896 0.843 0.052 0.065 0.688 0.364 0.182 0.364 0.263 0.034 0.648 0.474 אַ
0.000 0.586 0.700 0.700 0.429 0.052 0.623 0.532 0.455 0.779 0.143 1.000 0.935 0.506 0.494 0.065 0.260 0.169 0.130 0.221 0.586 0.800 0.914 0.829 0.586 0.643 0.441 פּ
0.614 0.400 0.512 0.700 0.529 0.260 0.649 0.625 0.805 0.688 0.000 0.000 0.000 0.571 0.429 0.000 0.000 0.000 0.571 0.429 0.000 0.000 0.000 0.571 0.429 0.673 0.620 ד
0.887 0.356 0.712 0.878 0.262 0.762 0.656 0.275 0.533 0.800 0.375 0.044 0.000 0.000 0.287 0.250 0.056 0.100 0.100 0.412 0.250 0.556 1.000 1.000 0.675 0.587 0.575 מ
0.957 0.571 0.000 0.714 0.657 0.338 0.688 0.169 0.623 0.455 0.000 0.117 0.922 0.571 0.000 0.013 0.286 0.532 1.000 0.623 0.329 0.857 0.829 0.914 0.557 0.643 0.653 צ
0.786 0.786 0.700 0.700 0.700 0.200 0.286 0.200 0.443 0.543 0.000 0.000 0.000 0.143 0.514 0.000 0.000 0.000 0.186 0.714 0.000 0.000 0.000 0.571 0.600 0.652 0.622 ד
0.812 0.700 0.700 0.700 0.600 0.557 0.455 0.455 0.636 0.545 0.716 0.000 0.000 0.273 0.352 0.750 0.000 0.000 0.152 0.511 0.675 0.000 0.000 0.200 0.550 0.612 0.441 ח
0.550 0.656 0.700 0.633 0.650 0.307 0.475 0.455 0.455 0.795 0.523 0.222 0.000 0.000 0.625 0.727 0.222 0.000 0.000 0.784 0.688 0.111 0.000 0.000 0.675 0.612 0.441 ה
0.663 0.188 0.325 0.625 0.087 0.693 0.886 0.386 0.625 0.807 0.273 0.239 0.000 0.000 0.364 0.614 0.057 0.091 0.091 0.364 0.712 0.475 1.000 1.000 0.837 0.592 0.441 מ
0.587 0.022 0.050 0.567 0.225 0.875 0.626 0.205 0.727 0.750 0.455 0.606 0.977 0.788 0.068 0.864 0.222 0.182 0.646 0.682 0.925 0.544 0.000 0.111 0.562 0.612 0.441 א
0.875 0.363 0.511 0.875 0.363 0.688 0.750 0.456 0.575 0.788 0.488 0.275 0.000 0.000 0.275 0.750 0.150 0.100 0.100 0.213 0.750 0.550 1.000 1.000 0.913 0.598 0.575 מ
0.738 0.244 0.262 0.600 0.087 0.898 0.838 0.409 0.545 0.841 0.477 0.303 0.000 0.000 0.364 0.602 0.121 0.193 0.121 0.295 0.863 0.656 1.000 1.000 0.837 0.612 0.441 מ
0.400 0.730 0.700 0.700 0.278 0.182 0.655 0.455 0.509 0.768 0.333 0.355 0.000 0.000 0.646 0.485 0.600 0.000 0.000 0.556 0.800 0.670 0.000 0.000 0.444 0.551 0.454 ת
0.486 0.875 0.800 0.650 0.229 0.455 0.580 0.494 0.614 0.844 0.688 0.898 0.532 0.000 0.714 0.455 0.284 0.299 0.227 0.597 0.800 0.800 0.800 0.800 0.443 0.663 0.445 פ
0.656 0.200 0.467 0.467 0.022 0.767 0.667 0.644 0.867 0.544 0.478 0.067 0.256 0.033 0.611 0.567 0.067 0.089 0.022 0.389 0.667 0.900 0.700 0.767 0.711 0.554 0.582 ט
0.273 0.327 0.236 0.218 0.364 0.445 0.855 0.845 0.500 0.173 0.450 0.617 0.133 0.675 0.000 0.391 0.455 0.045 0.600 0.000 0.709 0.909 0.909 0.600 0.000 0.558 0.650 פ
0.886 0.743 0.914 0.871 0.914 0.200 0.443 0.414 0.571 0.857 0.671 0.057 0.000 0.100 0.800 0.914 0.100 0.000 0.100 0.914 0.800 0.086 0.000 0.114 0.886 0.620 0.590 ה
0.486 0.700 0.700 0.700 0.286 0.416 0.649 0.455 0.455 0.870 0.545 0.143 0.000 0.000 0.325 0.597 0.195 0.091 0.091 0.545 0.729 0.914 0.943 1.000 0.571 0.643 0.454 ס
0.286 0.871 0.786 0.871 0.371 0.086 0.300 0.300 0.386 0.714 0.000 0.000 0.000 0.000 0.714 0.057 0.100 0.100 0.100 0.629 0.643 0.971 1.000 1.000 0.314 0.628 0.587 כ
0.957 0.700 0.700 0.700 0.214 0.586 0.500 0.500 0.500 0.771 0.779 0.000 0.000 0.000 0.429 0.886 0.200 0.200 0.200 0.557 1.000 1.000 1.000 1.000 0.557 0.628 0.603 ס
0.887 0.138 0.375 0.338 0.000 0.875 0.575 0.637 0.900 0.400 0.750 0.080 0.477 0.068 0.455 0.750 0.125 0.138 0.100 0.375 0.750 1.000 1.000 1.000 0.750 0.574 0.490 ט
0.286 0.971 0.900 0.729 0.243 0.414 0.471 0.300 0.614 0.771 0.714 0.766 0.545 0.065 0.844 0.414 0.200 0.186 0.100 0.714 0.886 1.000 1.000 0.971 0.443 0.628 0.587 פ
0.812 0.250 0.438 0.625 0.125 0.613 0.500 0.650 0.613 0.600 0.600 0.000 0.412 0.000 0.400 0.750 0.100 0.138 0.100 0.425 0.750 1.000 1.000 1.000 0.700 0.565 0.605 ט
0.786 0.400 0.400 0.400 0.257 0.844 0.727 0.727 0.727 0.857 0.623 0.000 0.000 0.000 0.597 0.870 0.091 0.091 0.052 0.597 1.000 1.000 1.000 0.871 0.857 0.643 0.445 ם
0.510 0.160 0.480 0.070 0.470 0.845 0.509 0.845 0.391 0.882 0.300 0.200 0.136 0.191 0.355 0.509 0.327 0.145 0.436 0.000 0.650 1.000 0.980 0.240 0.000 0.531 0.653 ש
0.525 0.075 0.556 0.300 0.000 1.000 0.511 0.798 0.909 0.409 0.545 0.443 0.121 0.159 0.682 0.648 0.159 0.364 0.364 0.580 1.000 1.000 0.956 0.900 0.675 0.622 0.628 ט
0.900 0.200 0.333 0.433 0.067 0.727 0.576 0.667 0.727 0.535 0.633 0.133 0.356 0.000 0.444 0.707 0.313 0.121 0.091 0.535 0.778 1.000 1.000 1.000 0.667 0.573 0.615 ט
0.000 0.000 1.000 0.800 0.740 0.000 0.000 0.320 0.580 0.880 0.000 0.000 0.000 0.000 0.600 0.040 0.100 0.100 0.280 0.820 0.700 1.000 0.900 0.500 1.000 0.728 0.590 ג
0.000 0.333 0.867 0.650 0.380 0.000 0.061 0.348 0.697 0.855 0.000 0.000 0.000 0.167 0.600 0.073 0.303 0.364 0.561 0.964 0.760 0.933 0.817 0.483 0.920 0.755 0.454 ג
0.000 0.367 0.850 0.550 0.400 0.000 0.167 0.591 0.864 0.891 0.000 0.000 0.000 0.273 0.709 0.036 0.091 0.091 0.455 0.927 0.520 0.967 0.867 0.900 0.920 0.755 0.454 נ
0.400 0.383 0.500 0.700 0.620 0.564 0.152 0.212 0.591 0.836 0.000 0.606 0.652 0.364 0.273 0.000 0.121 0.364 0.318 0.055 0.000 0.167 0.733 0.667 0.000 0.755 0.495 ?
0.480 0.400 0.400 0.950 0.700 0.300 0.033 0.400 0.800 0.680 0.000 0.517 0.517 0.400 0.120 0.000 0.300 0.633 0.500 0.080 0.000 0.117 0.733 0.433 0.040 0.739 0.605 ?
0.000 0.429 0.900 0.700 0.317 0.000 0.078 0.409 0.688 0.712 0.000 0.000 0.000 0.338 0.530 0.091 0.364 0.364 0.727 0.500 0.750 0.900 0.700 0.657 0.500 0.714 0.628 ג
0.540 0.433 0.400 0.717 0.680 0.420 0.100 0.433 0.700 0.620 0.000 0.567 0.500 0.333 0.000 0.000 0.400 0.450 0.400 0.000 0.000 0.333 0.700 0.350 0.000 0.739 0.648 ?
0.440 0.433 0.633 0.650 0.180 0.436 0.000 0.227 0.712 0.600 0.182 0.682 0.364 0.409 0.000 0.073 0.394 0.515 0.303 0.000 0.000 0.483 0.917 0.250 0.000 0.755 0.445 ?
0.000 0.469 0.875 0.812 0.625 0.000 0.083 0.333 0.278 0.111 0.000 0.000 0.000 0.000 0.000 0.000 0.250 0.333 0.167 0.000 0.250 0.625 0.917 0.812 0.500 0.829 0.500 :
0.520 0.583 0.350 0.800 0.640 0.455 0.197 0.318 0.773 0.673 0.000 0.530 0.606 0.545 0.164 0.000 0.167 0.515 0.364 0.036 0.000 0.050 0.733 0.550 0.060 0.755 0.628 ?
0.480 0.500 0.617 0.650 0.280 0.436 0.000 0.303 0.955 0.509 0.109 0.545 0.470 0.591 0.000 0.000 0.273 0.379 0.288 0.000 0.000 0.400 0.900 0.300 0.000 0.755 0.628 ?
0.460 0.450 0.500 0.850 0.620 0.455 0.136 0.364 0.803 0.618 0.000 0.697 0.485 0.606 0.164 0.000 0.333 0.394 0.242 0.000 0.000 0.267 0.867 0.417 0.000 0.755 0.613 ?
0.000 0.567 1.000 0.900 0.680 0.000 0.033 0.233 0.400 0.720 0.000 0.000 0.000 0.050 0.620 0.040 0.250 0.200 0.550 0.820 0.880 1.000 0.800 0.200 0.680 0.739 0.613 ג
0.400 0.625 0.900 0.775 0.433 0.182 0.795 1.000 1.000 0.333 0.000 0.614 0.939 0.318 0.030 0.000 0.068 0.394 0.136 0.000 0.300 0.675 0.933 0.625 0.167 0.867 0.605 !
0.352 0.724 0.638 0.695 0.390 0.321 0.054 0.000 0.107 0.714 0.643 0.134 0.295 0.375 0.312 0.714 0.170 0.054 0.000 0.000 0.714 0.143 0.000 0.000 0.000 0.764 0.667 ק
0.562 0.733 0.608 0.771 0.867 0.000 0.000 0.000 0.143 0.714 0.000 0.000 0.000 0.076 0.590 0.000 0.000 0.000 0.114 0.914 0.000 0.000 0.000 0.124 0.905 0.775 0.640 ך
0.120 0.767 0.950 0.700 0.460 0.000 0.267 0.550 0.817 0.420 0.000 0.000 0.000 0.424 0.327 0.040 0.100 0.100 0.550 0.760 0.880 1.000 1.000 1.000 0.800 0.745 0.587 נ
0.486 0.850 0.733 0.750 0.543 0.491 0.500 0.125 0.109 0.679 0.438 0.578 0.500 0.109 0.625 0.000 0.000 0.000 0.000 0.643 0.000 0.000 0.000 0.000 0.714 0.777 0.667 ף
0.625 0.875 0.333 0.167 0.083 0.893 1.000 1.000 1.000 0.786 0.107 0.500 0.714 0.857 1.000 0.000 0.000 0.000 0.500 1.000 0.000 0.000 0.000 0.500 0.667 0.724 0.580 י
0.625 0.880 0.580 0.500 0.350 0.250 0.564 0.873 0.909 0.818 0.000 0.291 0.782 0.273 0.000 0.000 0.145 0.745 0.600 0.000 0.000 0.000 0.500 0.300 0.000 0.806 0.613 ז
0.533 0.933 0.889 0.800 0.733 0.000 0.000 0.167 0.667 0.792 0.000 0.000 0.333 1.000 0.667 0.000 0.000 0.333 1.000 0.667 0.000 0.000 0.333 1.000 0.667 0.899 0.667 ן
0.483 0.960 0.880 0.720 0.533 0.000 0.075 0.450 0.725 0.344 0.000 0.000 0.600 0.600 0.000 0.000 0.000 0.600 0.600 0.000 0.000 0.000 0.600 0.813 0.267 0.872 0.667 ן
0.475 1.000 0.840 0.680 0.350 0.050 0.280 0.820 0.700 0.550 0.000 0.200 0.720 0.120 0.000 0.000 0.320 1.000 0.400 0.000 0.000 0.200 0.920 0.320 0.000 0.793 0.590 ז
0.500 1.000 1.000 0.917 0.500 0.150 0.300 0.375 0.700 0.650 0.000 0.000 0.000 0.250 0.500 0.000 0.000 0.000 0.250 0.500 0.000 0.000 0.000 0.250 0.500 0.818 0.564 ו
0.120 0.760 0.600 0.560 0.400 0.000 0.360 0.620 0.920 0.800 0.000 0.000 0.000 0.200 0.640 0.040 0.060 0.000 0.200 1.000 0.880 0.960 0.880 0.920 0.920 0.790 0.641 נ
0.333 1.000 0.833 0.500 0.167 0.556 1.000 1.000 1.000 0.889 0.190 0.571 0.571 0.714 1.000 0.000 0.000 0.000 0.333 1.000 0.000 0.000 0.000 0.333 0.778 0.722 0.540 י
0.000 0.833 0.800 0.667 0.300 0.000 0.379 0.576 0.788 0.273 0.000 0.000 0.000 0.621 0.436 0.145 0.364 0.364 0.788 0.818 0.680 0.800 0.833 0.817 0.300 0.755 0.438 נ
0.658 0.741 0.192 0.711 0.692 0.000 0.507 0.250 0.333 0.281 0.000 0.625 0.273 0.000 0.000 0.000 0.618 0.250 0.000 0.000 0.000 0.556 0.300 0.000 0.000 0.743 0.649 ץ
0.733 0.733 0.733 0.810 0.619 0.000 0.000 0.000 0.571 0.286 0.000 0.000 0.000 0.571 0.527 0.000 0.000 0.000 0.571 0.714 0.000 0.000 0.000 0.514 0.714 0.784 0.649 ך
0.767 0.867 0.867 0.867 0.767 0.000 0.156 0.469 0.656 0.500 0.000 0.500 1.000 0.500 0.000 0.000 0.500 1.000 0.906 0.406 0.000 0.500 1.000 1.000 0.500 0.892 0.649 ן
0.866 0.254 0.000 0.524 0.527 0.575 0.852 0.733 0.689 0.500 0.920 0.468 0.188 0.643 0.812 0.492 0.511 0.317 0.222 0.292 0.000 0.063 0.812 0.405 0.000 0.721 0.613 אָ
0.867 0.867 0.867 0.867 0.767 0.000 0.109 0.625 0.750 0.500 0.000 0.250 1.000 0.500 0.000 0.000 0.250 1.000 0.906 0.406 0.000 0.250 1.000 0.933 0.433 0.892 0.649 ן
0.950 0.800 0.650 0.500 0.350 0.550 0.775 1.000 0.850 0.600 0.150 0.700 0.700 0.200 0.000 0.075 0.475 1.000 0.500 0.000 0.000 0.250 1.000 0.500 0.000 0.826 0.541 ז
1.000 0.925 0.700 0.700 0.500 0.200 0.425 0.500 0.875 0.867 0.000 0.000 0.000 0.750 0.333 0.000 0.000 0.000 0.750 0.933 0.000 0.000 0.000 0.750 0.933 0.859 0.590 ו
1.000 0.889 0.667 0.500 0.111 1.000 1.000 1.000 1.000 0.833 0.278 0.500 0.667 1.000 1.000 0.000 0.000 0.056 0.444 0.722 0.000 0.000 0.056 0.444 0.667 0.712 0.520 י
1.000 1.000 1.000 0.775 0.500 0.200 0.425 0.500 0.875 0.867 0.000 0.000 0.000 0.750 0.333 0.000 0.000 0.000 0.750 0.733 0.000 0.000 0.000 0.750 0.733 0.859 0.590 ו
1.000 0.900 0.700 0.600 0.400 0.300 0.600 0.867 0.933 0.800 0.000 0.267 0.867 0.667 0.000 0.000 0.233 0.800 0.967 0.600 0.000 0.100 0.533 0.767 0.200 0.837 0.541 ז
0.900 0.400 0.529 0.400 0.400 0.500 0.610 0.727 0.805 0.727 0.000 0.000 0.000 0.286 0.333 0.000 0.000 0.000 0.286 0.455 0.000 0.000 0.000 0.500 0.533 0.704 0.445 ד
0.667 0.813 0.800 0.667 0.500 0.000 0.225 0.600 0.463 0.141 0.000 0.600 0.600 0.000 0.000 0.000 0.600 0.925 0.325 0.000 0.000 0.547 0.947 0.347 0.000 0.872 0.655 ן
0.700 0.850 1.000 0.650 0.450 0.455 0.727 1.000 1.000 0.545 0.000 0.500 1.000 0.591 0.318 0.000 0.364 0.727 0.045 0.000 0.300 0.650 1.000 0.900 0.750 0.898 0.438 !
0.833 0.853 0.800 0.640 0.500 0.000 0.188 0.594 0.613 0.156 0.000 0.600 1.000 0.200 0.000 0.000 0.600 1.000 0.463 0.000 0.000 0.480 0.950 0.720 0.000 0.878 0.454 ן
0.700 0.850 1.000 1.000 0.850 0.300 0.650 1.000 1.000 0.650 0.000 0.500 1.000 1.000 0.500 0.000 0.200 0.400 0.400 0.200 0.600 0.800 1.000 1.000 0.800 0.894 0.566 !
0.700 0.800 0.900 0.700 0.500 0.200 0.600 1.000 1.000 0.000 0.000 0.500 1.000 1.000 0.000 0.000 0.200 0.400 0.400 0.000 0.500 0.750 1.000 1.000 0.200 0.891 0.605 !
0.800 0.900 1.000 1.000 0.600 0.200 0.600 1.000 1.000 0.000 0.000 0.500 1.000 1.000 0.000 0.000 0.350 0.700 0.400 0.000 0.600 0.800 1.000 1.000 0.600 0.891 0.590 !
0.775 0.925 0.550 0.400 0.200 0.318 0.523 0.727 0.864 0.727 0.000 0.000 0.000 0.500 0.500 0.000 0.000 0.000 0.727 0.273 0.000 0.000 0.450 0.900 0.250 0.837 0.605 ו
1.000 0.886 0.800 0.800 0.800 0.300 0.400 0.400 0.571 0.750 0.000 0.000 0.000 0.286 0.633 0.000 0.000 0.000 0.286 0.833 0.000 0.000 0.000 0.286 0.833 0.685 0.597 ד
0.934 0.571 0.088 0.264 0.769 0.204 0.724 0.102 0.000 0.694 0.000 0.495 0.000 0.132 0.451 0.020 0.439 0.765 0.857 0.163 0.462 0.780 0.297 0.033 0.000 0.722 0.808 ע
0.888 0.727 0.576 0.636 0.427 0.501 0.545 0.545 0.701 0.979 0.000 0.000 0.000 0.000 0.552 0.000 0.000 0.131 0.338 0.294 0.000 0.578 0.571 0.058 0.000 0.804 0.774 ל
0.829 0.700 0.586 0.586 0.300 0.597 0.506 0.455 0.455 0.753 0.623 0.000 0.000 0.000 0.494 0.870 0.091 0.091 0.091 0.325 1.000 0.914 0.971 0.971 0.557 0.643 0.980 ס
0.829 0.614 0.700 0.614 0.357 0.753 0.481 0.455 0.532 0.792 0.857 0.000 0.000 0.000 0.364 0.909 0.130 0.091 0.091 0.429 0.886 0.971 0.857 0.971 0.857 0.643 0.980 ם
0.596 0.641 0.067 0.333 0.798 0.170 0.738 0.071 0.071 0.598 0.000 0.368 0.019 0.222 0.462 0.027 0.468 0.705 0.794 0.214 0.375 0.735 0.337 0.000 0.000 0.698 0.808 ע
0.903 0.664 0.143 0.802 0.234 0.494 0.389 0.425 0.464 0.687 0.414 0.101 0.051 0.000 0.375 0.678 0.285 0.276 0.276 0.490 0.708 1.000 1.000 1.000 0.628 0.748 0.727 ט
0.840 0.747 0.362 0.896 0.671 0.321 0.603 0.081 0.287 0.602 0.077 0.716 0.084 0.482 0.279 0.207 0.578 0.943 0.965 0.171 0.669 0.751 0.436 0.107 0.000 0.766 0.812 ע
0.786 0.333 0.054 0.714 0.643 0.562 0.714 0.795 0.714 0.286 0.839 0.429 0.143 0.532 0.696 0.491 0.421 0.295 0.206 0.348 0.000 0.095 0.884 0.238 0.000 0.712 1.000 אָ
0.448 0.808 0.733 0.683 0.486 0.509 0.000 0.000 0.000 0.634 0.911 0.234 0.375 0.406 0.366 1.000 0.422 0.027 0.000 0.000 0.905 0.275 0.000 0.000 0.000 0.777 0.685 ק
0.400 0.800 0.412 0.657 0.357 1.000 0.714 0.000 0.455 0.870 0.636 0.844 0.386 0.766 1.000 0.299 0.442 0.182 0.571 0.896 0.729 0.857 0.425 0.671 0.429 0.673 0.980 9
0.562 0.790 0.733 0.733 0.714 0.000 0.000 0.000 0.000 0.643 0.000 0.000 0.000 0.000 0.857 0.000 0.000 0.000 0.000 0.938 0.000 0.000 0.000 0.000 0.933 0.764 0.949 ך
0.733 0.619 0.683 0.771 0.610 0.000 0.000 0.000 0.200 0.467 0.000 0.000 0.000 0.143 0.714 0.000 0.000 0.000 0.143 0.790 0.000 0.000 0.000 0.143 0.848 0.787 0.938 ך
0.500 0.822 0.733 0.733 0.544 0.688 0.250 0.125 0.021 0.833 0.500 0.438 0.385 0.021 0.833 0.000 0.000 0.000 0.000 0.833 0.000 0.000 0.000 0.000 0.789 0.797 0.914 ף
0.667 0.900 0.700 0.700 0.600 0.067 0.300 0.500 0.667 0.833 0.000 0.000 0.000 0.333 0.667 0.000 0.000 0.000 0.333 0.767 0.000 0.000 0.167 0.667 0.767 0.837 0.920 ו
0.286 0.914 0.700 0.700 0.429 0.057 0.329 0.463 0.500 0.771 0.000 0.000 0.000 0.000 0.286 0.029 0.100 0.100 0.100 0.357 0.614 1.000 1.000 1.000 0.757 0.652 0.793 כ
0.914 0.629 0.600 0.600 0.386 0.299 0.494 0.351 0.610 0.818 0.000 0.000 0.000 0.071 0.800 0.000 0.000 0.000 0.065 0.844 0.000 0.000 0.000 0.071 0.857 0.677 0.941 ר
0.744 0.700 0.700 0.700 0.244 0.505 0.618 0.455 0.509 0.566 0.566 0.218 0.000 0.000 0.556 0.646 0.464 0.000 0.000 0.737 0.933 0.390 0.000 0.000 0.633 0.561 0.942 ת
0.767 0.267 0.467 0.633 0.078 0.544 0.533 0.544 0.567 0.589 0.495 0.000 0.263 0.000 0.505 0.578 0.200 0.200 0.200 0.489 0.667 1.000 1.000 1.000 0.778 0.564 0.904 ט
0.825 0.438 0.663 0.738 0.200 0.600 0.800 0.425 0.538 0.725 0.341 0.170 0.000 0.000 0.466 0.637 0.050 0.200 0.200 0.438 0.750 0.550 1.000 1.000 0.800 0.574 0.904 מ
0.448 0.808 0.733 0.733 0.543 0.321 0.000 0.000 0.000 0.366 0.857 0.281 0.429 0.375 0.312 0.866 0.398 0.036 0.000 0.000 0.724 0.325 0.000 0.000 0.000 0.777 0.949 ק
0.620 0.433 0.383 0.850 0.620 0.420 0.100 0.483 0.750 0.500 0.120 0.733 0.450 0.250 0.000 0.040 0.333 0.550 0.350 0.000 0.000 0.383 0.817 0.250 0.000 0.739 0.920 ?
0.676 0.733 0.733 0.700 0.362 0.321 0.000 0.000 0.047 0.768 0.723 0.094 0.455 0.391 0.366 0.929 0.250 0.062 0.000 0.000 0.829 0.000 0.000 0.000 0.000 0.777 0.949 ק
0.814 0.353 0.000 0.000 0.000 0.722 0.000 0.000 0.000 0.000 0.794 0.546 0.471 0.571 0.706 0.000 0.000 0.048 0.333 0.574 0.000 0.336 0.639 0.092 0.000 0.825 0.748 ל
0.661 0.130 0.185 0.882 0.443 0.598 0.984 0.680 0.647 0.235 0.630 0.452 0.499 0.886 0.742 0.514 0.791 0.186 0.084 0.467 0.000 0.064 0.799 0.244 0.000 0.772 0.985 אָ
0.324 0.598 0.000 0.000 0.000 0.500 0.500 0.000 0.000 0.000 0.583 0.750 0.528 0.556 0.611 0.000 0.039 0.049 0.275 0.735 0.000 0.284 0.676 0.196 0.020 0.817 0.745 ל
0.719 0.156 0.000 0.615 0.448 0.562 0.938 0.552 0.729 0.646 0.760 0.288 0.558 0.856 0.442 0.854 0.792 0.000 0.229 0.771 0.312 0.260 0.333 0.281 0.062 0.649 0.712 אַ
0.312 0.656 0.000 0.000 0.000 0.618 0.500 0.000 0.000 0.000 0.765 0.794 0.647 0.647 0.637 0.000 0.000 0.000 0.147 0.686 0.000 0.000 0.667 0.208 0.010 0.810 0.731 ל
1.000 0.820 0.700 0.660 0.350 0.275 0.620 0.925 0.840 0.500 0.000 0.600 1.000 0.200 0.000 0.000 0.360 0.900 0.740 0.000 0.000 0.120 0.800 0.560 0.000 0.804 0.697 ז
0.635 0.022 0.217 0.862 0.329 0.817 0.824 0.353 0.728 0.469 0.373 0.779 1.000 0.763 0.138 0.696 0.379 0.323 0.844 0.842 0.627 0.968 0.077 0.032 0.611 0.699 0.678 א
0.500 0.320 0.320 0.500 0.660 0.382 0.000 0.182 0.582 0.818 0.109 0.545 0.473 0.273 0.327 0.000 0.218 0.545 0.582 0.164 0.000 0.180 0.700 0.760 0.120 0.786 0.710 ?
0.738 0.156 0.000 0.467 0.375 0.761 0.798 0.318 0.515 0.909 0.545 0.545 0.818 0.818 0.125 0.943 0.465 0.068 0.545 0.875 0.738 0.711 0.050 0.000 0.575 0.612 0.690 א
0.000 0.000 0.000 1.000 0.500 0.000 0.250 0.500 1.000 0.750 0.000 0.500 1.000 1.000 1.000 1.000 1.000 1.000 1.000 1.000 0.000 0.000 0.000 1.000 0.500 0.500 1.000 .
0.700 0.225 0.000 0.500 0.562 0.500 0.950 0.425 0.400 0.762 0.412 0.400 0.887 0.863 0.188 0.738 0.400 0.062 0.538 0.825 0.625 0.950 0.000 0.000 0.675 0.565 0.920 א
0.114 0.786 0.571 0.443 0.157 0.130 0.688 0.532 0.649 0.948 0.286 0.961 0.584 0.468 0.675 0.208 0.571 0.299 0.325 0.403 0.614 1.000 1.000 1.000 0.843 0.643 0.845 פּ
0.667 0.194 0.000 0.556 0.380 0.564 0.923 0.513 0.470 0.641 0.639 0.278 0.528 0.898 0.343 0.795 0.821 0.068 0.188 0.692 0.278 0.361 0.417 0.324 0.130 0.647 1.000 אַ
0.286 0.914 0.700 0.700 0.471 0.286 0.643 0.500 0.543 0.943 0.671 0.929 0.788 0.000 0.329 0.457 0.486 0.287 0.100 0.357 0.700 1.000 1.000 1.000 0.886 0.652 0.719 פ
0.808 0.821 0.793 0.772 0.389 0.239 0.400 0.483 0.503 0.776 0.000 0.000 0.000 0.000 0.493 0.000 0.000 0.000 0.000 0.507 0.000 0.000 0.000 0.000 0.502 0.755 0.727 ר
0.941 0.956 0.857 0.754 0.443 0.099 0.291 0.507 0.901 0.236 0.000 0.000 0.000 0.714 0.340 0.000 0.000 0.000 0.714 0.951 0.000 0.000 0.000 0.714 0.729 0.876 0.678 ו
0.376 0.981 0.859 0.762 0.310 0.027 0.252 0.421 0.800 0.191 0.000 0.000 0.000 0.727 0.355 0.109 0.273 0.267 0.800 0.885 0.790 1.000 1.000 0.969 0.737 0.823 0.742 נ
0.459 0.962 0.868 0.749 0.279 0.033 0.285 0.394 0.709 0.123 0.000 0.000 0.000 0.594 0.313 0.133 0.279 0.297 0.752 0.927 0.824 1.000 1.000 0.975 0.741 0.830 0.742 נ
0.324 0.944 0.897 0.846 0.352 0.021 0.235 0.379 0.699 0.169 0.000 0.000 0.000 0.784 0.248 0.048 0.241 0.241 0.846 0.890 0.679 1.000 0.981 0.470 0.814 0.826 0.727 ג
0.972 0.923 0.903 0.811 0.329 0.207 0.194 0.228 0.426 0.816 0.491 0.000 0.000 0.019 0.580 0.776 0.075 0.362 0.374 0.164 0.608 0.213 0.028 0.000 0.000 0.776 0.731 ק
0.925 0.889 0.950 0.933 0.725 0.400 0.289 0.200 0.333 0.500 0.475 0.000 0.000 0.111 0.600 0.775 0.044 0.000 0.111 0.750 0.575 0.022 0.000 0.111 0.675 0.587 0.920 ח
0.667 0.937 0.861 0.968 0.873 0.171 0.300 0.300 0.571 0.600 0.000 0.000 0.000 0.429 0.429 0.000 0.000 0.000 0.443 0.514 0.000 0.000 0.000 0.571 0.619 0.628 0.860 ד
0.814 0.429 0.854 0.455 0.762 0.538 0.300 0.573 0.213 0.533 0.462 0.228 0.039 0.337 0.141 0.643 0.529 0.392 0.734 0.000 0.666 1.000 0.993 0.463 0.000 0.649 0.727 ש
0.871 1.000 1.000 1.000 0.800 0.532 0.182 0.221 0.688 0.247 0.000 0.000 0.532 0.377 0.000 0.000 0.156 1.000 0.143 0.000 0.000 0.429 0.971 0.114 0.000 0.643 0.980 7
0.700 0.925 1.000 0.850 0.500 0.200 0.425 0.500 0.750 1.000 0.000 0.000 0.000 0.500 1.000 0.000 0.000 0.000 0.500 1.000 0.000 0.000 0.000 0.500 0.867 0.859 0.920 ו
0.400 0.712 0.800 0.762 0.387 0.136 0.773 0.364 0.432 0.841 0.375 0.375 0.000 0.000 0.500 0.489 0.807 0.000 0.000 0.500 1.000 0.800 0.000 0.000 0.425 0.592 0.961 ת
0.333 0.933 0.853 0.720 0.567 0.000 0.000 0.300 0.650 0.188 0.000 0.000 0.600 0.600 0.000 0.000 0.000 0.600 0.600 0.000 0.000 0.000 0.600 0.600 0.000 0.872 0.949 ן
0.383 0.933 0.833 0.800 0.700 0.000 0.000 0.375 0.725 0.531 0.000 0.000 0.750 0.800 0.000 0.000 0.000 0.750 0.988 0.469 0.000 0.000 0.750 0.987 0.467 0.878 0.685 ן
0.500 0.950 0.859 0.712 0.594 0.000 0.112 0.375 0.700 0.438 0.000 0.282 0.868 0.800 0.000 0.000 0.000 0.750 0.850 0.125 0.000 0.000 0.750 0.938 0.344 0.883 0.675 ן
0.667 0.933 0.867 0.756 0.667 0.000 0.042 0.250 0.625 0.417 0.000 0.333 0.979 0.896 0.188 0.000 0.000 0.667 1.000 0.000 0.000 0.000 0.667 0.911 0.000 0.899 0.925 ן
0.667 0.867 0.867 0.787 0.500 0.000 0.125 0.538 0.688 0.250 0.000 0.400 0.988 0.562 0.000 0.000 0.350 0.950 0.600 0.000 0.000 0.240 0.840 0.600 0.000 0.872 0.685 ן
0.850 0.933 0.867 0.767 0.567 0.031 0.281 0.625 0.656 0.312 0.000 0.531 1.000 0.469 0.000 0.000 0.750 1.000 0.344 0.031 0.000 0.750 1.000 0.900 0.217 0.892 0.974 ן
0.733 0.800 0.867 0.756 0.800 0.000 0.104 0.438 0.625 0.396 0.000 0.333 1.000 0.729 0.125 0.000 0.333 1.000 1.000 0.667 0.000 0.222 0.778 0.956 0.578 0.899 0.925 ן
0.781 0.875 0.875 0.875 0.781 0.000 0.031 0.250 0.688 0.500 0.000 0.250 1.000 0.594 0.094 0.000 0.078 0.656 0.938 0.266 0.000 0.000 0.500 0.953 0.234 0.895 0.950 ן
0.633 0.853 0.800 0.760 0.467 0.000 0.188 0.547 0.800 0.188 0.000 0.600 1.000 0.800 0.000 0.000 0.562 0.984 0.800 0.000 0.000 0.240 0.850 0.800 0.000 0.878 0.949 ן
0.933 0.883 0.750 0.700 0.567 0.000 0.109 0.578 0.688 0.188 0.000 0.250 1.000 0.500 0.000 0.000 0.250 1.000 0.500 0.000 0.000 0.250 1.000 0.500 0.000 0.892 0.949 ן
0.643 0.643 0.857 1.000 0.857 0.643 0.643 0.857 1.000 0.857 0.821 0.821 0.929 1.000 0.929 1.000 1.000 1.000 1.000 1.000 1.000 1.000 1.000 1.000 1.000 0.030 1.000 ―
0.667 0.933 0.867 0.756 0.756 0.000 0.000 0.167 0.667 0.771 0.000 0.292 0.917 1.000 0.667 0.000 0.000 0.333 1.000 0.667 0.000 0.000 0.333 1.000 0.667 0.899 0.925 ן
1.000 1.000 0.846 0.571 0.769 1.000 1.000 0.846 0.571 0.769 1.000 1.000 0.846 0.571 0.769 1.000 1.000 1.000 1.000 1.000 1.000 1.000 1.000 1.000 1.000 0.040 1.000 ―
0.700 0.900 0.900 0.700 0.500 0.200 0.733 1.000 1.000 0.467 0.000 0.667 1.000 1.000 0.333 0.000 0.467 0.633 0.500 0.167 0.300 0.567 0.800 1.000 0.533 0.880 0.920 !
0.333 0.650 0.900 0.900 0.600 0.121 0.750 1.000 0.795 0.242 0.000 0.409 0.886 0.250 0.000 0.000 0.136 0.591 0.273 0.000 0.300 0.675 0.950 0.725 0.300 0.857 0.961 !
1.000 1.000 1.000 1.000 1.000 1.000 1.000 1.000 1.000 1.000 1.000 1.000 1.000 1.000 1.000 1.000 0.857 1.000 1.000 0.846 1.000 0.857 1.000 1.000 0.846 0.040 1.000 ―
