0.542 0.458 0.500 0.500 0.583 1.000 0.917 1.000 1.000 1.000 1.000 0.958 1.000 1.000 1.000 1.000 1.000 1.000 1.000 1.000 0.875 0.792 0.885 0.708 0.625 0.035 0.082 ―
1.000 1.000 1.000 0.800 0.250 1.000 1.000 1.000 1.000 0.625 1.000 1.000 1.000 1.000 0.750 1.000 1.000 1.000 1.000 0.875 0.500 0.800 1.000 1.000 0.875 0.139 0.109 -
0.750 0.750 1.000 0.625 0.250 1.000 1.000 1.000 1.000 0.750 1.000 1.000 1.000 1.000 1.000 1.000 1.000 1.000 1.000 1.000 0.500 0.500 0.500 0.750 0.875 0.188 0.143 -
0.250 0.750 1.000 1.000 0.750 0.750 1.000 1.000 1.000 1.000 1.000 1.000 1.000 1.000 1.000 0.750 1.000 1.000 1.000 0.750 0.250 0.500 0.667 0.750 0.250 0.500 0.143 .
0.000 0.333 0.750 0.667 0.250 0.333 0.889 1.000 1.000 0.833 0.750 1.000 1.000 1.000 1.000 0.500 0.778 1.000 0.889 0.500 0.000 0.167 0.750 0.667 0.000 0.500 0.163 .
0.250 0.750 0.750 0.500 0.500 0.750 1.000 1.000 1.000 1.000 0.750 1.000 1.000 1.000 1.000 0.500 1.000 1.000 1.000 1.000 0.500 1.000 1.000 0.750 0.500 0.500 0.140 .
0.938 0.875 0.450 0.938 0.312 0.600 0.950 0.280 0.750 0.800 0.000 0.750 0.200 0.438 0.875 0.000 0.650 0.720 0.750 0.600 0.000 0.750 1.000 0.750 0.125 0.528 0.409 ט
0.250 0.500 0.667 0.500 0.250 0.833 1.000 1.000 1.000 0.833 1.000 1.000 1.000 1.000 1.000 0.833 1.000 1.000 1.000 0.833 0.250 0.750 1.000 1.000 0.500 0.562 0.170 .
0.619 0.898 0.881 0.857 0.714 0.708 0.696 0.646 0.768 0.562 0.762 0.020 0.000 0.367 0.548 0.875 0.446 0.375 0.536 0.417 0.810 1.000 1.000 0.776 0.048 0.576 0.579 ס
0.308 0.768 0.638 0.643 0.326 0.193 0.798 0.748 0.744 0.668 0.348 0.299 0.058 0.138 0.629 0.534 0.420 0.000 0.042 0.664 0.924 0.362 0.000 0.000 0.393 0.577 0.523 ת
0.732 0.571 0.391 0.929 0.232 0.444 0.698 0.083 0.635 0.460 0.143 0.696 0.000 0.304 0.786 0.143 0.810 0.556 0.889 0.381 0.125 0.893 0.781 0.500 0.018 0.579 0.521 ט
0.633 0.967 0.833 0.733 0.667 0.867 0.933 0.933 0.900 0.633 0.240 0.600 0.960 0.440 0.000 0.333 0.933 0.433 0.333 0.000 0.500 0.767 1.000 0.600 0.000 0.580 0.532 2
0.518 0.839 0.107 0.804 0.643 0.321 0.875 0.143 0.268 0.893 0.175 0.635 0.032 0.159 0.683 0.196 0.732 0.589 0.839 0.536 0.036 0.804 0.750 0.607 0.089 0.581 0.487 ט
0.800 0.667 0.625 0.900 0.233 0.200 0.800 0.800 0.640 0.680 0.000 0.433 0.500 0.033 0.733 0.080 0.720 0.500 0.320 0.720 0.300 0.933 0.292 0.600 0.333 0.583 0.571 מ
0.619 0.714 0.204 0.738 0.333 0.889 1.000 0.810 1.000 0.972 0.333 0.952 0.347 0.667 0.905 0.111 0.833 0.071 0.389 0.639 0.190 0.405 0.000 0.595 0.262 0.534 0.414 ײ
0.889 0.667 0.667 0.571 0.389 0.833 1.000 1.000 1.000 0.944 0.556 1.000 1.000 1.000 1.000 0.278 0.952 0.833 1.000 0.889 0.000 0.524 0.167 0.333 0.222 0.196 0.139 -
0.500 0.333 0.500 0.250 0.000 0.944 0.889 1.000 0.833 0.500 1.000 1.000 1.000 1.000 0.917 0.944 1.000 1.000 1.000 0.944 0.417 0.667 0.750 0.667 0.833 0.154 0.119 -
0.556 0.889 1.000 0.778 0.222 1.000 1.000 1.000 1.000 0.667 1.000 1.000 1.000 1.000 1.000 1.000 1.000 1.000 1.000 0.778 0.667 1.000 1.000 0.778 0.333 0.545 0.159 .
0.778 1.000 1.000 1.000 0.667 1.000 1.000 1.000 1.000 1.000 1.000 1.000 1.000 1.000 1.000 1.000 1.000 1.000 1.000 1.000 0.778 1.000 1.000 1.000 0.667 0.500 0.129 .
0.167 0.667 1.000 0.889 0.333 0.500 1.000 1.000 1.000 0.750 0.833 0.667 0.667 0.889 1.000 1.000 0.333 0.250 0.833 0.750 0.500 0.667 0.833 0.889 0.333 0.556 0.123 .
0.938 0.917 1.000 0.833 0.250 0.625 0.250 0.250 0.500 0.688 0.450 0.000 0.000 0.000 0.250 0.750 0.250 0.000 0.250 0.438 0.875 0.833 0.750 0.667 0.188 0.588 0.386 ם
0.367 0.567 0.600 0.467 0.033 0.467 0.367 0.767 0.867 0.100 0.000 0.400 0.900 0.367 0.267 0.567 0.400 0.900 0.933 0.333 0.733 0.900 0.867 0.533 0.033 0.596 0.531 3
0.839 0.792 0.107 0.875 0.589 0.321 0.771 0.000 0.333 0.804 0.089 0.604 0.000 0.000 0.536 0.018 0.667 0.411 0.604 0.732 0.143 0.812 0.911 0.854 0.357 0.597 0.537 ט
0.867 0.833 0.833 0.667 0.167 0.667 0.367 0.167 0.300 0.433 0.600 0.000 0.000 0.200 0.680 0.767 0.433 0.250 0.567 0.733 0.700 0.733 0.833 0.567 0.100 0.600 0.568 ס
0.567 0.917 0.833 0.792 0.300 0.040 0.350 0.400 0.500 0.720 0.433 0.000 0.000 0.000 0.567 0.840 0.550 0.200 0.000 0.400 0.400 0.875 0.967 0.375 0.067 0.604 0.511 ה
0.800 0.667 0.367 0.917 0.733 0.560 0.950 0.200 0.500 0.960 0.367 0.750 0.000 0.042 0.767 0.240 0.850 0.480 0.750 0.760 0.200 1.000 1.000 0.833 0.300 0.604 0.522 ט
0.800 0.625 0.267 0.958 0.633 0.440 0.750 0.000 0.300 0.760 0.200 0.750 0.000 0.000 0.600 0.200 0.850 0.480 0.700 0.720 0.300 0.958 0.833 0.750 0.300 0.604 0.358 ט
0.850 1.000 1.000 0.850 0.500 0.688 0.562 0.417 0.688 1.000 0.700 0.350 0.000 0.050 0.800 0.750 0.812 0.417 0.312 0.750 0.700 0.900 1.000 0.800 0.300 0.605 0.432 ס
0.950 0.560 0.100 0.840 0.700 0.458 0.600 0.000 0.300 0.750 0.250 0.600 0.000 0.120 0.650 0.250 0.800 0.542 0.800 0.625 0.250 0.840 0.700 0.480 0.050 0.609 0.511 ט
0.800 0.560 0.750 0.600 0.050 0.458 0.900 1.000 1.000 0.500 0.000 0.600 0.900 0.760 0.800 0.125 0.767 0.875 0.733 0.583 0.700 0.800 0.750 0.760 0.100 0.609 0.523 מ
0.750 0.200 0.700 0.600 0.050 0.583 0.733 0.542 0.733 0.708 0.000 0.560 0.200 0.040 0.800 0.083 0.667 0.208 0.233 0.667 0.650 0.720 0.150 0.720 0.200 0.609 0.590 מ
0.950 0.520 0.150 0.880 0.600 0.458 0.600 0.000 0.367 0.792 0.250 0.480 0.000 0.040 0.700 0.250 0.733 0.500 0.733 0.667 0.250 0.960 0.850 0.680 0.200 0.609 0.511 ט
0.950 0.560 0.700 0.800 0.200 0.208 0.767 0.583 0.467 0.792 0.000 0.520 0.250 0.000 0.750 0.125 0.733 0.250 0.400 0.708 0.550 0.720 0.150 0.600 0.150 0.609 0.489 מ
0.750 0.440 0.800 0.680 0.100 0.375 0.867 0.583 0.667 0.708 0.000 0.480 0.100 0.080 0.700 0.250 0.633 0.000 0.433 0.500 0.750 0.520 0.250 0.520 0.050 0.609 0.511 מ
0.850 0.637 0.700 0.700 0.538 0.775 0.900 0.975 0.925 0.837 0.693 0.091 0.068 0.375 0.727 0.950 0.075 0.000 0.375 0.812 0.712 0.000 0.000 0.225 0.488 0.617 0.443 ה
0.800 0.400 0.850 0.700 0.150 0.250 0.500 0.250 0.250 0.600 0.000 0.000 0.000 0.000 0.500 0.000 0.000 0.000 0.050 0.500 0.000 0.000 0.000 0.500 0.350 0.619 0.477 מ
0.797 0.568 0.620 0.620 0.495 0.745 0.750 0.774 0.823 0.906 0.471 0.000 0.009 0.172 0.706 0.844 0.000 0.000 0.099 0.807 0.698 0.010 0.000 0.016 0.557 0.630 0.517 ה
0.900 0.867 0.833 0.800 0.300 0.600 0.467 0.167 0.267 0.667 0.771 0.257 0.000 0.057 0.800 0.700 0.867 0.667 0.767 0.633 0.500 0.433 0.500 0.367 0.067 0.630 0.574 ס
0.984 0.981 0.889 0.907 0.333 0.679 0.479 0.000 0.125 0.643 0.778 0.333 0.000 0.000 0.683 0.643 0.792 0.429 0.667 0.821 0.556 0.556 0.698 0.611 0.175 0.628 0.582 ס
0.905 0.794 0.794 0.667 0.127 0.603 0.508 0.556 1.000 0.587 0.714 0.250 0.125 0.946 0.804 0.651 0.730 0.476 0.952 0.587 0.460 0.619 0.667 0.571 0.111 0.613 0.563 ס
0.867 0.958 0.700 0.667 0.400 0.633 0.375 0.000 0.125 0.667 0.760 0.250 0.000 0.000 0.680 0.533 0.667 0.400 0.583 0.733 0.567 0.625 0.700 0.583 0.167 0.620 0.532 ס
0.873 0.907 0.857 0.796 0.365 0.661 0.354 0.018 0.146 0.732 0.746 0.111 0.000 0.111 0.921 0.714 0.771 0.518 0.750 0.679 0.571 0.630 0.667 0.593 0.143 0.628 0.481 ס
0.833 0.958 0.833 0.792 0.433 0.633 0.333 0.000 0.042 0.533 0.800 0.250 0.000 0.000 0.640 0.800 0.708 0.367 0.583 0.800 0.600 0.667 0.733 0.542 0.200 0.620 0.568 ס
0.567 0.875 0.833 0.792 0.267 0.100 0.292 0.333 0.417 0.633 0.680 0.050 0.000 0.000 0.600 0.767 0.750 0.367 0.083 0.433 0.300 0.708 0.933 0.333 0.000 0.620 0.532 ה
0.625 1.000 0.917 0.800 0.333 0.050 0.200 0.200 0.400 0.650 0.208 0.000 0.000 0.000 0.625 0.800 0.440 0.200 0.040 0.200 0.250 0.733 0.917 0.300 0.000 0.625 0.471 ה
0.063 0.222 0.143 0.397 0.349 0.143 0.825 0.905 0.921 0.651 0.107 0.786 0.250 0.161 0.804 0.032 0.778 0.270 0.143 0.556 0.683 0.746 0.270 0.413 0.190 0.613 0.494 ת
0.750 0.500 0.680 0.550 0.350 0.458 0.875 0.600 0.708 0.833 0.000 0.600 0.080 0.250 0.950 0.250 0.875 0.200 0.500 0.625 0.850 0.750 0.320 0.750 0.200 0.630 0.511 מ
0.800 0.350 0.520 0.650 0.100 0.500 0.833 0.600 0.708 0.875 0.000 0.550 0.200 0.050 0.800 0.167 0.708 0.233 0.292 0.708 0.900 0.800 0.200 0.750 0.250 0.630 0.511 מ
0.683 0.796 0.714 0.630 0.238 0.179 0.542 0.554 0.667 0.732 0.508 0.000 0.000 0.000 0.683 0.714 0.604 0.286 0.104 0.482 0.238 0.815 1.000 0.611 0.143 0.628 0.481 ה
0.750 0.393 0.583 0.643 0.062 0.583 0.857 0.750 0.786 0.750 0.000 0.554 0.438 0.250 0.875 0.042 0.607 0.188 0.250 0.792 0.542 0.839 0.250 0.714 0.250 0.611 0.507 מ
0.900 0.600 0.600 0.850 0.200 0.375 0.792 0.700 0.500 0.708 0.000 0.450 0.400 0.000 0.500 0.167 0.542 0.400 0.167 0.667 0.700 0.850 0.440 0.750 0.300 0.630 0.451 מ
0.900 0.450 0.720 0.700 0.250 0.500 0.875 0.600 0.583 0.875 0.000 0.500 0.200 0.000 0.600 0.208 0.708 0.200 0.333 0.750 0.850 0.850 0.240 0.700 0.300 0.630 0.511 מ
0.804 0.812 0.250 0.958 0.821 0.556 0.870 0.048 0.389 0.921 0.286 0.708 0.000 0.125 0.768 0.254 0.870 0.587 0.889 0.810 0.125 0.854 0.768 0.625 0.161 0.618 0.576 ט
0.778 0.825 0.889 0.810 0.238 0.571 0.607 0.229 0.357 0.714 0.714 0.254 0.000 0.000 0.746 0.768 0.661 0.375 0.554 0.821 0.619 0.857 0.870 0.746 0.190 0.615 0.549 ס
0.750 0.500 0.125 0.800 0.583 0.400 0.600 0.000 0.360 0.850 0.125 0.500 0.000 0.300 0.833 0.150 0.640 0.350 0.800 0.750 0.167 0.867 0.833 0.633 0.292 0.625 0.571 ט
0.750 0.400 0.080 0.800 0.700 0.400 0.450 0.000 0.150 0.600 0.250 0.250 0.000 0.000 0.375 0.250 0.600 0.320 0.550 0.650 0.250 0.900 0.800 0.600 0.150 0.614 0.500 ט
0.792 0.633 0.042 0.767 0.833 0.350 0.680 0.000 0.240 0.900 0.208 0.567 0.000 0.100 0.875 0.250 0.800 0.400 0.680 0.950 0.208 0.900 0.833 0.733 0.292 0.625 0.500 ט
0.800 0.600 0.800 0.700 0.150 0.417 0.792 0.633 0.583 0.833 0.000 0.450 0.360 0.000 0.750 0.125 0.625 0.367 0.250 0.833 0.650 0.950 0.320 0.900 0.400 0.630 0.479 מ
0.413 0.889 0.778 0.698 0.222 0.443 0.657 0.500 0.657 0.857 0.667 0.984 0.319 0.032 0.825 0.543 0.600 0.400 0.386 0.771 0.889 1.000 1.000 1.000 0.587 0.628 0.589 פ
0.792 0.333 0.667 0.667 0.125 0.405 0.881 0.619 0.690 0.762 0.000 0.542 0.167 0.062 0.771 0.095 0.738 0.167 0.333 0.619 0.583 0.792 0.229 0.667 0.146 0.618 0.447 מ
0.900 0.833 0.833 0.767 0.267 0.500 0.600 0.500 0.367 0.500 0.267 0.000 0.000 0.000 0.533 0.800 0.133 0.000 0.000 0.167 0.600 0.833 0.667 0.100 0.000 0.615 0.371 ה
0.000 0.604 0.750 0.104 0.021 0.708 0.917 0.825 0.875 0.562 0.375 0.750 0.275 0.583 0.896 0.292 0.854 0.050 0.104 0.854 0.250 0.938 0.150 0.271 0.542 0.653 0.319 א
0.000 0.133 0.650 0.867 0.400 0.000 0.400 0.850 1.000 1.000 0.200 0.200 0.200 0.800 0.800 0.600 0.333 0.200 0.867 0.450 0.500 0.133 0.100 0.267 0.050 0.667 0.350 י
0.000 0.525 0.500 0.050 0.021 0.625 0.925 0.833 0.900 0.562 0.500 0.800 0.333 0.400 0.917 0.333 0.900 0.104 0.100 0.875 0.292 1.000 0.271 0.275 0.521 0.667 0.350 א
0.000 0.333 0.917 1.000 0.917 0.000 0.667 1.000 1.000 0.467 0.250 0.917 1.000 0.833 0.167 0.600 1.000 0.933 0.400 0.000 0.833 1.000 0.583 0.000 0.000 0.694 0.250 '
0.100 0.533 0.150 0.133 0.000 0.700 0.800 0.700 0.733 0.450 0.500 0.333 0.000 0.000 0.250 0.500 0.333 0.000 0.000 0.000 0.400 0.333 0.000 0.000 0.000 0.650 0.455 א
0.267 0.950 0.933 1.000 0.733 0.000 0.250 0.733 0.900 0.333 0.000 0.083 0.444 0.792 0.944 0.200 0.400 0.333 0.650 0.800 0.867 0.950 0.800 0.500 0.067 0.705 0.468 ב
0.300 1.000 1.000 1.000 0.650 0.167 0.750 0.958 0.917 0.333 0.000 0.100 0.650 0.950 0.800 0.208 0.333 0.375 0.875 0.583 0.900 1.000 0.900 0.500 0.050 0.652 0.500 ב
0.417 0.958 0.875 0.750 0.375 0.350 0.900 0.450 0.700 0.900 0.417 0.750 0.000 0.292 1.000 0.200 0.350 0.250 0.750 0.750 0.833 1.000 0.958 0.667 0.208 0.667 0.511 פ
0.458 0.833 0.900 0.750 0.208 0.875 0.750 0.600 0.958 0.625 0.458 0.833 0.733 1.000 0.875 0.417 0.750 0.467 1.000 0.583 0.333 0.750 0.600 0.500 0.083 0.673 0.464 9
0.458 1.000 0.958 0.833 0.333 0.400 0.850 0.450 0.700 0.950 0.375 0.583 0.000 0.292 0.917 0.300 0.450 0.400 0.800 0.650 0.875 1.000 0.875 0.583 0.125 0.667 0.462 פ
0.500 0.625 0.708 0.833 0.333 0.375 0.333 0.417 1.000 0.583 0.000 0.300 0.800 0.700 0.150 0.292 0.167 0.292 1.000 0.792 0.708 0.542 0.250 0.958 0.583 0.680 0.490 3
0.542 0.933 0.792 0.667 0.625 0.625 0.800 0.958 0.933 0.417 0.042 0.633 1.000 0.633 0.083 0.500 0.833 1.000 1.000 0.417 0.625 0.900 0.917 0.667 0.167 0.654 0.491 3
0.542 1.000 0.833 0.292 0.375 0.400 0.600 1.000 0.900 0.550 0.000 0.333 0.944 0.667 0.125 0.350 0.250 0.400 1.000 0.700 0.792 0.750 0.556 0.875 0.375 0.688 0.490 3
0.325 0.900 0.875 0.925 0.375 0.100 0.375 0.812 0.700 0.125 0.000 0.200 0.738 1.000 0.771 0.100 0.250 0.188 0.825 0.675 0.900 1.000 0.854 0.525 0.075 0.686 0.455 ב
0.533 0.933 1.000 0.867 0.467 0.667 0.933 1.000 1.000 0.933 0.000 0.167 0.312 0.833 0.750 0.000 0.067 0.650 0.933 0.400 0.267 0.733 0.650 0.200 0.000 0.700 0.290 ,
0.583 0.917 0.833 0.708 0.208 0.350 0.850 0.440 0.750 0.700 0.500 0.708 0.000 0.292 0.792 0.250 0.300 0.240 0.800 0.550 0.958 1.000 0.867 0.542 0.083 0.646 0.511 פ
0.600 0.667 0.600 0.667 0.700 0.000 0.000 0.292 0.611 0.542 0.000 0.000 0.000 0.000 0.000 0.000 0.000 0.208 0.500 0.375 0.000 0.000 0.450 1.000 0.850 0.696 0.489 :
0.600 0.900 1.000 0.850 0.400 0.050 0.200 0.200 0.300 0.500 0.125 0.000 0.000 0.000 0.042 0.600 0.150 0.000 0.000 0.000 0.400 0.800 0.800 0.200 0.000 0.636 0.500 ה
0.667 0.833 0.792 0.792 0.417 0.542 0.542 0.375 1.000 0.500 0.071 0.393 0.714 0.714 0.286 0.708 0.417 0.542 1.000 0.792 0.625 0.708 0.625 0.708 0.208 0.704 0.509 3
0.667 1.000 0.867 0.750 0.267 0.667 0.625 0.333 0.750 0.667 0.800 0.600 0.000 0.500 0.800 0.583 0.875 0.500 0.812 0.583 0.467 0.850 0.800 0.500 0.067 0.658 0.432 פ
0.708 0.557 0.523 0.500 0.255 0.809 0.735 0.813 0.770 0.828 0.682 0.177 0.080 0.005 0.828 0.814 0.333 0.364 0.412 0.936 0.839 1.000 1.000 1.000 0.786 0.647 0.488 ם
0.746 0.704 0.667 0.667 0.254 0.222 0.463 0.492 0.667 0.698 0.518 0.000 0.000 0.000 0.696 0.762 0.537 0.349 0.130 0.444 0.222 0.704 0.921 0.426 0.000 0.637 0.494 ה
0.750 0.875 0.800 0.792 0.667 0.150 0.400 0.400 0.500 0.800 0.375 0.000 0.000 0.000 0.625 0.850 0.400 0.160 0.050 0.600 0.375 0.833 0.967 0.375 0.083 0.646 0.490 ה
0.800 0.629 0.000 0.000 0.000 0.800 0.714 0.657 0.457 0.000 0.600 0.733 0.633 0.733 0.000 0.114 0.657 0.686 0.429 0.086 0.000 0.200 0.686 0.971 0.743 0.650 0.448 אל
0.833 1.000 0.917 0.750 0.417 0.667 1.000 1.000 1.000 0.750 0.111 0.333 0.556 1.000 0.667 0.000 0.000 0.500 1.000 0.583 0.000 0.000 0.667 0.875 0.250 0.700 0.341 י
1.000 1.000 1.000 1.000 0.667 0.533 0.600 0.550 0.733 0.867 0.000 0.000 0.000 0.500 0.917 0.000 0.000 0.300 0.867 0.533 0.000 0.083 0.750 0.500 0.083 0.667 0.409 ר
0.725 0.650 0.625 0.675 0.250 0.675 0.725 0.312 0.325 0.050 0.600 0.400 0.000 0.000 0.000 0.525 0.600 0.188 0.400 0.700 0.425 0.850 0.833 0.700 0.325 0.686 0.402 ש
0.562 0.750 0.750 0.646 0.229 0.042 0.479 0.275 0.354 0.542 0.500 0.000 0.000 0.000 0.286 0.667 0.375 0.125 0.062 0.083 0.167 0.708 0.950 0.542 0.000 0.643 0.153 ה
0.604 0.300 0.458 0.750 0.292 0.429 0.771 0.595 0.343 0.762 0.000 0.325 0.354 0.000 0.438 0.000 0.314 0.500 0.000 0.500 0.271 0.875 0.312 0.200 0.354 0.647 0.148 מ
0.775 0.750 0.667 0.575 0.275 0.150 0.400 0.354 0.450 0.500 0.475 0.000 0.000 0.000 0.000 0.725 0.550 0.271 0.075 0.000 0.175 0.650 0.875 0.600 0.000 0.694 0.257 ה
0.938 0.400 0.729 0.650 0.188 0.286 0.686 0.214 0.114 0.500 0.000 0.450 0.104 0.000 0.271 0.167 0.714 0.167 0.114 0.405 0.562 0.600 0.062 0.400 0.083 0.647 0.243 מ
0.900 0.729 0.750 0.729 0.475 0.400 0.556 0.556 0.611 0.978 0.000 0.000 0.000 0.354 0.925 0.000 0.000 0.289 0.907 0.622 0.000 0.000 0.750 0.875 0.200 0.697 0.380 ר
0.667 0.833 1.000 0.750 0.333 1.000 1.000 1.000 1.000 0.917 1.000 1.000 1.000 1.000 1.000 0.583 1.000 1.000 1.000 1.000 0.083 0.333 0.625 0.917 0.833 0.667 0.200 י
0.750 0.567 0.125 0.800 0.667 0.458 0.767 0.000 0.333 0.917 0.000 0.600 0.000 0.080 0.850 0.125 0.867 0.625 0.767 0.833 0.250 0.933 0.833 0.633 0.208 0.640 0.532 ט
0.200 0.800 0.800 0.900 0.550 0.083 0.375 0.833 0.875 0.250 0.000 0.150 0.700 0.950 0.850 0.250 0.208 0.250 0.833 0.625 0.600 1.000 0.950 0.550 0.050 0.652 0.548 ב
0.750 0.833 0.833 0.833 0.667 0.300 0.450 0.400 0.600 0.850 0.000 0.000 0.000 0.458 0.667 0.000 0.000 0.267 0.900 0.400 0.000 0.042 0.722 0.708 0.083 0.688 0.571 ר
0.625 0.917 1.000 0.833 0.375 0.875 0.917 0.958 1.000 0.833 0.100 0.150 0.700 0.900 0.450 0.167 0.708 0.542 0.250 0.250 0.417 0.417 0.750 0.958 0.750 0.680 0.556 2
0.375 0.875 0.958 0.792 0.375 0.875 0.875 0.542 0.875 0.792 0.150 0.200 0.700 0.900 0.450 0.292 0.875 0.625 0.250 0.208 0.625 0.625 0.958 1.000 0.583 0.680 0.556 2
0.375 0.917 0.833 0.708 0.208 0.200 0.800 0.480 0.900 0.750 0.208 0.667 0.000 0.375 0.875 0.100 0.300 0.360 0.750 0.550 0.792 1.000 0.867 0.500 0.083 0.646 0.545 פ
0.583 0.375 0.444 0.750 0.500 1.000 0.450 0.067 0.800 0.950 0.250 0.167 0.667 0.833 0.333 0.300 0.650 0.333 0.050 0.400 0.500 0.750 0.889 0.833 0.667 0.688 0.571 2
0.000 0.250 0.967 0.833 0.133 0.033 0.667 0.867 0.833 0.200 0.300 0.792 0.833 0.875 0.167 0.567 0.667 0.933 0.958 0.867 0.000 0.250 0.833 0.875 0.467 0.635 0.591 4
0.550 1.000 0.850 0.733 0.400 0.350 0.733 0.300 0.400 0.750 0.375 0.278 0.000 0.000 0.542 0.000 0.000 0.100 0.400 0.700 0.750 0.800 0.850 0.733 0.250 0.682 0.579 פ
0.708 0.917 0.958 0.875 0.333 0.625 0.875 0.875 1.000 0.625 0.417 0.958 1.000 0.833 0.292 0.792 0.708 0.583 1.000 0.792 0.583 0.708 0.667 0.708 0.333 0.692 0.565 3
0.625 0.700 0.667 0.600 0.208 0.125 0.433 0.458 0.533 0.708 0.450 0.000 0.000 0.000 0.650 0.708 0.400 0.125 0.000 0.583 0.167 0.800 0.958 0.467 0.042 0.640 0.521 ה
0.950 1.000 0.950 0.729 0.750 0.450 0.583 0.925 0.979 0.525 0.000 0.095 0.686 0.500 0.000 0.000 0.354 1.000 0.417 0.000 0.000 0.479 0.975 0.375 0.000 0.671 0.522 7
0.042 0.625 0.667 0.083 0.000 0.700 1.000 0.867 0.800 0.650 0.458 0.708 0.333 0.375 0.833 0.450 0.550 0.000 0.000 0.700 0.375 0.667 0.000 0.167 0.583 0.688 0.571 א
0.708 0.875 0.833 0.792 0.375 0.100 0.350 0.480 0.450 0.850 0.500 0.000 0.000 0.042 0.792 0.800 0.500 0.360 0.000 0.550 0.375 0.875 0.967 0.375 0.042 0.646 0.533 ה
0.667 0.867 0.750 0.567 0.208 0.083 0.167 0.458 0.600 0.750 0.550 0.000 0.000 0.000 0.750 0.792 0.367 0.125 0.000 0.667 0.292 0.867 0.958 0.333 0.042 0.640 0.532 ה
0.833 1.000 1.000 0.917 0.467 0.500 0.500 0.167 0.208 0.700 0.600 0.250 0.000 0.000 0.633 0.600 0.750 0.500 0.625 0.733 0.567 0.500 0.567 0.500 0.100 0.635 0.531 ס
0.667 0.714 0.574 0.508 0.148 0.222 0.603 0.704 0.857 0.741 0.617 0.029 0.000 0.071 0.833 0.704 0.667 0.259 0.079 0.537 0.111 0.603 0.889 0.413 0.000 0.667 0.583 ה
0.833 0.958 0.767 0.750 0.400 0.667 0.333 0.000 0.125 0.633 0.667 0.083 0.000 0.042 0.633 0.767 0.625 0.500 0.750 0.667 0.533 0.417 0.500 0.417 0.100 0.635 0.553 ס
0.958 0.933 0.833 0.767 0.250 0.667 0.300 0.000 0.200 0.750 0.750 0.080 0.000 0.000 0.750 0.833 0.533 0.333 0.533 0.708 0.625 0.567 0.667 0.533 0.125 0.640 0.568 ס
0.958 1.000 1.000 0.767 0.250 0.708 0.467 0.167 0.233 0.750 0.750 0.267 0.000 0.000 0.625 0.750 0.733 0.500 0.633 0.708 0.667 0.667 0.667 0.567 0.125 0.654 0.591 ס
0.083 0.733 0.917 0.667 0.125 0.583 0.967 0.500 1.000 0.708 0.821 0.857 0.357 0.971 0.964 0.625 0.733 0.042 0.833 0.583 0.125 0.567 0.750 0.667 0.125 0.667 0.519 0
0.292 0.625 0.625 0.958 0.708 0.875 0.583 0.333 0.708 0.500 1.000 0.708 0.542 0.833 0.417 0.917 0.500 0.208 0.917 0.917 0.417 0.667 0.500 0.750 0.333 0.692 0.578 6
0.208 0.583 0.633 0.708 0.125 0.792 0.625 0.333 0.917 0.667 1.000 0.625 0.567 0.958 0.708 0.917 0.542 0.467 1.000 0.500 0.375 0.708 0.733 0.542 0.042 0.673 0.578 0
0.042 0.750 0.200 0.000 0.000 0.593 0.833 0.622 0.574 0.167 0.542 0.708 0.400 0.708 0.750 0.111 0.148 0.000 0.278 0.778 0.000 0.000 0.375 0.583 0.188 0.671 0.576 א
0.286 0.857 0.400 0.000 0.000 0.893 1.000 0.943 0.750 0.214 0.688 1.000 1.000 0.969 0.469 0.036 0.357 0.857 0.500 0.000 0.143 0.857 0.657 0.000 0.000 0.734 0.444 י
0.071 0.750 0.762 0.143 0.000 0.714 1.000 1.000 0.964 0.500 0.438 0.750 0.917 1.000 0.781 0.000 0.107 0.476 0.893 0.429 0.000 0.571 1.000 0.571 0.036 0.766 0.444 י
0.179 0.786 0.952 0.250 0.000 0.714 1.000 1.000 0.929 0.750 0.393 0.857 1.000 1.000 1.000 0.000 0.036 0.476 0.964 0.643 0.000 0.571 0.857 0.429 0.036 0.758 0.431 י
0.178 0.844 0.861 0.311 0.022 0.760 1.000 1.000 1.000 0.680 0.511 0.933 1.000 1.000 0.978 0.000 0.120 0.525 0.960 0.520 0.000 0.067 0.806 0.644 0.044 0.767 0.289 י
0.375 0.833 0.875 0.333 0.000 0.800 1.000 1.000 0.933 0.700 0.250 0.583 0.875 1.000 0.750 0.000 0.133 0.700 0.800 0.200 0.000 0.333 0.875 0.333 0.000 0.778 0.462 י
0.444 0.889 0.833 0.333 0.056 0.810 1.000 1.000 1.000 0.810 0.167 0.500 0.875 1.000 0.944 0.000 0.143 0.750 1.000 0.524 0.000 0.556 0.958 0.611 0.111 0.786 0.389 י
0.500 0.917 0.750 0.333 0.125 0.875 1.000 1.000 1.000 0.875 0.167 0.778 1.000 1.000 1.000 0.000 0.250 0.750 0.917 0.500 0.000 0.000 0.500 0.667 0.000 0.733 0.357 י
0.500 0.875 0.750 0.375 0.083 0.917 1.000 1.000 1.000 0.833 0.200 0.500 0.867 1.000 0.800 0.000 0.000 0.667 1.000 0.417 0.000 0.375 0.833 0.500 0.083 0.735 0.378 י
0.321 0.905 0.571 0.429 0.107 0.688 0.708 0.750 0.750 0.625 0.214 0.286 0.357 0.857 0.607 0.000 0.000 0.500 0.958 0.344 0.000 0.238 0.893 0.381 0.000 0.788 0.412 דֿ
0.375 0.917 0.875 0.500 0.125 0.625 1.000 1.000 1.000 0.875 0.200 0.600 0.900 1.000 0.700 0.000 0.083 0.625 0.917 0.375 0.000 0.333 1.000 0.500 0.000 0.765 0.405 י
0.464 0.952 0.929 0.571 0.321 0.833 1.000 1.000 1.000 1.000 0.250 0.667 0.964 1.000 0.857 0.000 0.167 0.875 0.889 0.292 0.000 0.571 0.821 0.286 0.000 0.759 0.439 י
0.500 0.917 0.875 0.583 0.125 1.000 1.000 1.000 1.000 0.875 0.375 0.667 0.875 1.000 0.750 0.000 0.083 0.625 0.833 0.250 0.000 0.500 0.625 0.250 0.000 0.750 0.381 י
0.321 0.714 0.571 0.619 0.536 0.625 0.708 0.688 0.750 0.531 0.036 0.143 0.286 0.905 0.429 0.000 0.000 0.594 0.792 0.094 0.000 0.381 0.893 0.333 0.000 0.788 0.412 דֿ
0.000 0.600 0.450 0.000 0.000 0.480 0.800 0.433 0.380 0.100 0.444 0.778 0.333 0.356 0.533 0.180 0.820 0.033 0.020 0.480 0.160 0.940 0.167 0.380 0.240 0.756 0.197 א
0.139 0.467 0.139 0.333 0.278 0.194 0.622 0.583 0.644 0.194 0.050 0.120 0.450 0.740 0.250 0.000 0.000 0.111 0.422 0.833 0.639 0.778 0.583 0.467 0.222 0.786 0.183 בֿ
0.139 0.578 0.167 0.267 0.333 0.139 0.644 0.667 0.644 0.361 0.025 0.140 0.400 0.800 0.375 0.000 0.000 0.056 0.289 0.833 0.472 0.711 0.667 0.556 0.222 0.786 0.183 בֿ
0.000 0.000 0.000 0.583 0.875 0.000 0.200 0.700 0.933 0.700 0.000 0.500 1.000 0.917 0.375 0.400 0.867 1.000 0.533 0.000 1.000 1.000 0.625 0.083 0.000 0.778 0.079 '
0.000 0.700 0.320 0.000 0.000 0.356 0.667 0.422 0.370 0.022 0.520 0.750 0.400 0.350 0.400 0.200 0.667 0.000 0.019 0.444 0.080 0.700 0.000 0.317 0.220 0.739 0.192 א
0.018 0.527 0.491 0.382 0.564 0.680 0.700 0.620 0.680 0.540 0.127 0.182 0.182 0.509 0.618 0.000 0.000 0.160 0.820 0.200 0.000 0.000 0.636 0.600 0.000 0.786 0.476 דֿ
0.067 0.333 0.750 0.600 0.267 0.722 0.944 0.875 1.000 0.833 0.200 0.600 0.800 0.933 0.867 0.000 0.000 0.125 0.722 0.333 0.000 0.067 0.550 0.400 0.000 0.739 0.348 י
0.333 0.875 0.944 0.625 0.111 0.833 1.000 1.000 1.000 0.722 0.238 0.536 0.857 1.000 0.905 0.000 0.000 0.333 0.917 0.500 0.000 0.333 0.944 0.750 0.111 0.759 0.375 י
0.333 0.833 1.000 0.625 0.111 0.952 1.000 1.000 1.000 0.952 0.556 0.833 1.000 1.000 0.833 0.000 0.179 0.857 0.893 0.238 0.000 0.583 0.889 0.375 0.000 0.768 0.424 י
0.200 0.667 0.900 0.667 0.300 0.875 1.000 1.000 1.000 1.000 0.300 0.600 0.900 1.000 1.000 0.000 0.083 0.625 0.917 0.500 0.000 0.333 1.000 0.533 0.000 0.789 0.452 י
0.000 0.167 0.500 0.833 1.000 0.333 0.833 1.000 1.000 0.833 0.875 1.000 1.000 0.875 0.375 1.000 1.000 0.833 0.333 0.000 1.000 0.833 0.333 0.000 0.000 0.750 0.255 '
0.400 0.867 1.000 0.867 0.700 0.100 0.400 0.600 0.533 0.200 0.000 0.000 0.000 0.000 0.000 0.100 0.267 0.400 0.267 0.100 0.800 1.000 1.000 0.867 0.300 0.810 0.447 :
0.400 0.800 0.900 0.900 0.800 0.200 0.500 0.600 0.600 0.500 0.000 0.000 0.000 0.000 0.000 0.300 0.400 0.400 0.400 0.400 0.900 1.000 1.000 0.900 0.700 0.857 0.477 :
0.400 0.900 1.000 0.900 0.800 0.100 0.300 0.400 0.300 0.200 0.000 0.000 0.000 0.000 0.000 0.300 0.400 0.400 0.300 0.100 0.900 1.000 1.000 0.900 0.600 0.850 0.444 :
0.267 0.800 0.733 0.933 0.733 0.000 0.000 0.333 0.800 0.333 0.000 0.000 0.267 0.667 0.933 0.000 0.000 0.000 0.133 0.667 0.733 0.800 0.667 0.467 0.200 0.738 0.477 ב
0.190 0.857 1.000 0.964 0.619 0.048 0.321 0.476 0.500 0.190 0.000 0.000 0.000 0.000 0.000 0.286 0.536 0.571 0.321 0.000 0.714 0.929 1.000 0.643 0.000 0.797 0.421 :
0.000 0.333 0.867 1.000 0.867 0.133 0.800 1.000 1.000 0.467 0.467 1.000 1.000 0.667 0.067 0.867 1.000 0.933 0.267 0.000 0.933 0.933 0.400 0.000 0.000 0.738 0.375 '
0.400 0.900 1.000 1.000 0.900 0.125 0.375 0.500 0.500 0.375 0.000 0.000 0.000 0.000 0.000 0.000 0.000 0.000 0.125 0.125 0.600 0.800 0.800 0.900 0.800 0.868 0.422 :
0.000 0.200 0.733 1.000 0.800 0.200 0.800 1.000 1.000 0.733 0.533 1.000 1.000 0.800 0.200 0.933 1.000 0.800 0.200 0.000 0.933 0.900 0.333 0.000 0.000 0.786 0.292 '
0.500 0.867 0.825 0.800 0.567 0.000 0.000 0.444 0.889 0.444 0.000 0.000 0.750 0.800 0.133 0.000 0.000 0.694 1.000 0.593 0.000 0.000 0.500 0.967 0.500 0.864 0.192 ן
0.429 0.943 0.750 0.686 0.250 0.429 0.743 0.036 0.114 0.321 0.438 0.550 0.000 0.000 0.000 0.107 0.229 0.286 0.371 0.571 0.929 0.971 0.857 0.657 0.214 0.719 0.140 פ
0.000 0.000 0.375 0.833 0.500 0.000 0.417 0.875 0.917 0.500 0.333 0.889 1.000 0.444 0.000 0.750 1.000 1.000 0.333 0.000 0.875 0.917 0.500 0.083 0.000 0.733 0.217 '
0.625 0.875 0.875 0.625 0.250 0.300 0.400 0.400 0.300 0.100 0.000 0.000 0.000 0.000 0.000 0.200 0.400 0.400 0.300 0.200 0.750 1.000 1.000 1.000 0.875 0.833 0.353 :
0.700 0.900 1.000 1.000 0.900 0.300 0.400 0.400 0.500 0.500 0.000 0.000 0.000 0.000 0.000 0.400 0.400 0.400 0.400 0.300 0.900 1.000 1.000 1.000 0.900 0.875 0.444 :
0.600 0.800 0.867 1.000 0.900 0.200 0.400 0.533 0.500 0.300 0.000 0.000 0.000 0.000 0.000 0.400 0.600 0.600 0.600 0.400 0.700 0.900 1.000 0.900 0.700 0.841 0.431 :
0.875 0.969 0.844 0.562 0.062 0.469 0.469 0.656 0.906 0.594 0.000 0.000 0.000 0.528 0.944 0.344 0.562 0.719 0.969 0.938 0.844 0.906 0.844 0.562 0.188 0.784 0.457 נ
0.875 0.825 0.875 0.925 0.900 0.200 0.171 0.143 0.286 0.686 0.000 0.000 0.000 0.550 0.525 0.000 0.000 0.000 0.800 0.343 0.000 0.000 0.281 0.950 0.175 0.706 0.148 ד
0.952 1.000 0.857 0.476 0.095 0.250 0.458 0.594 0.917 0.583 0.000 0.000 0.000 0.619 0.952 0.000 0.000 0.000 0.583 1.000 0.000 0.000 0.143 0.857 0.857 0.818 0.144 ו
0.825 0.625 0.700 0.719 0.425 0.343 0.500 0.543 0.536 0.657 0.000 0.000 0.000 0.000 0.650 0.000 0.000 0.000 0.393 0.743 0.000 0.000 0.175 0.938 0.425 0.721 0.148 ר
0.844 0.556 0.630 0.667 0.378 0.450 0.700 0.667 0.700 0.875 0.000 0.000 0.000 0.378 0.911 0.000 0.000 0.167 0.900 0.650 0.000 0.000 0.593 0.733 0.133 0.718 0.390 ר
0.660 0.780 0.683 0.700 0.520 0.480 0.180 0.000 0.040 0.640 0.800 0.200 0.019 0.356 0.400 0.800 0.220 0.083 0.180 0.000 0.680 0.340 0.000 0.000 0.000 0.756 0.197 ק
0.679 0.714 0.786 0.893 0.536 0.500 0.179 0.000 0.250 0.821 0.750 0.250 0.042 0.500 0.542 0.893 0.250 0.250 0.393 0.036 0.821 0.214 0.000 0.000 0.000 0.733 0.375 ק
0.969 0.906 0.750 0.406 0.031 0.438 0.406 0.625 0.938 0.531 0.000 0.000 0.000 0.344 0.938 0.250 0.469 0.531 0.812 0.844 0.719 1.000 0.875 0.625 0.188 0.778 0.360 נ
0.524 0.857 1.000 0.952 0.810 0.333 0.583 0.562 0.500 0.458 0.000 0.000 0.000 0.000 0.000 0.292 0.375 0.438 0.417 0.167 0.857 1.000 1.000 0.905 0.476 0.848 0.429 :
0.800 0.900 0.840 0.933 0.500 0.424 0.091 0.000 0.197 0.788 0.717 0.167 0.060 0.483 0.600 0.667 0.227 0.255 0.364 0.045 0.750 0.400 0.000 0.000 0.000 0.740 0.361 ק
0.667 1.000 0.867 0.600 0.267 0.167 0.375 0.583 0.875 0.833 0.000 0.000 0.067 0.600 0.867 0.333 0.625 0.833 1.000 0.500 0.933 0.900 0.733 0.500 0.133 0.763 0.432 נ
0.833 0.833 0.833 0.875 0.889 0.167 0.250 0.222 0.417 0.444 0.000 0.000 0.200 0.850 0.267 0.000 0.000 0.556 0.708 0.000 0.000 0.208 0.944 0.500 0.000 0.740 0.333 ד
0.867 1.000 0.933 0.800 0.467 0.333 0.625 0.917 1.000 0.917 0.000 0.000 0.200 0.700 1.000 0.000 0.000 0.000 0.500 1.000 0.000 0.000 0.133 0.700 0.733 0.763 0.452 ו
0.950 0.825 0.680 0.525 0.200 0.600 0.875 0.920 1.000 0.875 0.000 0.000 0.200 1.000 0.975 0.000 0.000 0.200 1.000 0.875 0.000 0.000 0.100 0.875 0.550 0.815 0.434 ו
0.786 1.000 0.893 0.857 0.250 0.429 0.810 0.964 1.000 0.679 0.000 0.000 0.250 0.833 0.833 0.000 0.000 0.000 0.667 1.000 0.000 0.000 0.143 0.857 0.857 0.767 0.265 ו
0.750 0.917 0.938 0.833 0.406 0.500 0.750 0.906 1.000 0.969 0.000 0.000 0.306 1.000 1.000 0.000 0.000 0.250 1.000 1.000 0.000 0.000 0.250 1.000 0.906 0.811 0.457 ו
0.625 0.750 0.781 0.917 0.625 0.381 0.905 0.786 0.429 0.143 0.000 0.292 0.906 0.542 0.083 0.000 0.000 0.607 1.000 0.762 0.000 0.042 0.781 0.875 0.458 0.824 0.148 ז
0.625 0.750 0.750 0.875 0.583 0.583 0.958 0.667 0.333 0.083 0.000 0.476 0.952 0.476 0.048 0.000 0.167 0.833 1.000 0.667 0.083 0.708 0.917 0.750 0.375 0.843 0.461 ז
0.567 0.767 0.833 0.833 0.667 0.000 0.111 0.519 0.630 0.259 0.000 0.333 1.000 0.467 0.000 0.000 0.111 0.778 0.778 0.111 0.000 0.067 0.733 0.867 0.233 0.875 0.192 ן
0.786 1.000 0.952 0.643 0.143 0.094 0.438 0.833 1.000 0.375 0.000 0.000 0.143 0.857 0.500 0.000 0.000 0.292 0.969 0.531 0.000 0.000 0.333 1.000 0.464 0.773 0.434 ו
0.667 0.933 1.000 1.000 0.867 0.667 0.800 0.867 0.867 1.000 0.000 0.000 0.250 0.583 0.917 0.000 0.400 0.933 0.800 0.333 0.600 0.733 0.400 0.067 0.000 0.725 0.278 ,
0.625 0.750 0.875 0.917 0.625 0.875 1.000 1.000 1.000 1.000 0.167 0.333 0.667 1.000 1.000 0.125 0.417 0.875 0.917 0.500 0.875 0.917 0.625 0.250 0.000 0.733 0.224 ,
0.714 1.000 0.893 0.476 0.143 1.000 1.000 1.000 1.000 0.944 0.286 0.524 0.821 1.000 0.714 0.000 0.167 0.792 0.833 0.167 0.286 0.905 0.714 0.190 0.000 0.793 0.358 י
0.611 1.000 0.708 0.333 0.056 0.722 1.000 1.000 1.000 0.722 0.267 0.667 0.950 1.000 0.600 0.000 0.000 0.583 0.833 0.167 0.000 0.000 0.708 0.389 0.000 0.760 0.446 י
0.625 0.833 0.500 0.083 0.000 1.000 1.000 1.000 0.800 0.500 0.375 0.750 1.000 0.917 0.500 0.000 0.200 0.800 0.600 0.000 0.000 0.500 0.875 0.250 0.000 0.778 0.383 י
0.625 0.917 1.000 1.000 0.750 0.833 1.000 1.000 1.000 1.000 0.250 0.667 1.000 1.000 0.875 0.000 0.444 1.000 0.889 0.333 0.375 0.917 0.875 0.417 0.000 0.714 0.333 ,
0.875 1.000 1.000 0.917 0.625 1.000 1.000 1.000 1.000 1.000 0.250 0.417 0.500 0.833 0.875 0.167 0.444 0.667 0.778 0.333 0.875 0.917 0.750 0.417 0.000 0.714 0.333 ,
0.875 0.833 0.625 0.667 0.375 1.000 1.000 1.000 1.000 0.750 0.625 0.750 0.875 1.000 1.000 0.000 0.000 0.375 0.917 0.625 0.000 0.000 0.500 0.750 0.250 0.750 0.364 י
0.625 0.917 0.875 0.500 0.125 0.875 1.000 1.000 1.000 0.750 0.167 0.556 0.833 1.000 1.000 0.000 0.000 0.250 0.833 0.750 0.000 0.000 0.375 0.667 0.125 0.733 0.341 י
0.875 1.000 0.875 0.583 0.250 0.625 1.000 1.000 1.000 0.875 0.167 0.556 0.667 0.889 1.000 0.000 0.000 0.000 0.667 1.000 0.000 0.000 0.375 0.833 0.500 0.733 0.341 י
0.944 0.944 0.667 0.333 0.056 1.000 1.000 1.000 1.000 0.810 0.333 0.667 0.944 1.000 0.889 0.000 0.190 0.810 1.000 0.524 0.000 0.611 0.833 0.444 0.056 0.804 0.389 י
0.700 0.867 0.700 0.400 0.100 1.000 1.000 1.000 1.000 0.500 0.400 0.800 1.000 1.000 0.700 0.000 0.500 1.000 0.833 0.250 0.000 0.600 0.900 0.400 0.000 0.789 0.404 י
1.000 1.000 0.917 0.625 0.250 0.875 1.000 1.000 1.000 0.875 0.125 0.375 0.833 1.000 0.750 0.000 0.000 0.667 0.875 0.375 0.000 0.250 0.750 0.375 0.000 0.781 0.381 י
0.625 1.000 0.917 0.500 0.125 1.000 1.000 1.000 1.000 0.875 0.375 0.625 0.917 1.000 0.875 0.000 0.000 0.583 1.000 0.500 0.000 0.250 0.750 0.500 0.125 0.781 0.314 י
0.963 1.000 1.000 0.944 0.556 0.593 1.000 1.000 1.000 0.556 0.185 0.778 1.000 0.667 0.111 0.000 0.222 0.481 0.222 0.000 0.444 0.833 0.926 0.889 0.667 0.890 0.233 !
0.667 0.800 0.400 0.133 0.000 1.000 1.000 1.000 0.933 0.733 0.333 0.611 0.667 0.833 1.000 0.000 0.000 0.000 0.533 0.933 0.000 0.000 0.300 0.867 0.600 0.773 0.333 י
0.033 0.717 0.550 0.000 0.000 0.617 0.983 0.617 0.600 0.367 0.717 0.850 0.567 0.683 0.933 0.350 0.667 0.033 0.333 0.917 0.317 0.700 0.267 0.483 0.150 0.717 0.568 א
0.107 0.750 0.357 0.000 0.000 0.833 0.917 0.667 0.625 0.250 0.607 0.643 0.286 0.393 0.821 0.500 0.500 0.000 0.167 0.708 0.464 0.464 0.286 0.429 0.143 0.724 0.569 א
0.393 0.893 0.667 0.036 0.000 0.938 1.000 1.000 0.906 0.688 0.429 0.750 0.905 1.000 0.893 0.000 0.250 0.750 0.938 0.344 0.000 0.714 0.857 0.321 0.000 0.773 0.550 י
0.361 0.833 0.622 0.139 0.000 0.667 0.861 1.000 0.944 0.472 0.000 0.025 0.280 0.650 0.975 0.278 0.361 0.511 0.889 0.806 0.806 0.917 0.867 0.556 0.139 0.798 0.592 נ
0.667 1.000 0.700 0.200 0.000 0.278 0.500 0.667 0.778 0.222 0.000 0.000 0.050 0.667 0.667 0.222 0.333 0.458 0.833 0.611 0.467 1.000 0.950 0.600 0.133 0.739 0.479 נ
0.571 0.905 0.679 0.286 0.048 1.000 1.000 1.000 1.000 0.667 0.333 0.571 0.929 1.000 0.524 0.000 0.056 0.750 0.778 0.111 0.000 0.476 0.964 0.524 0.000 0.793 0.518 י
0.214 0.393 0.286 0.321 0.464 0.917 1.000 1.000 1.000 0.667 0.607 0.857 1.000 0.964 0.643 0.083 0.833 0.667 0.458 0.542 0.500 0.750 0.893 0.893 0.643 0.724 0.500 2
0.556 0.875 0.778 0.375 0.000 0.400 0.600 0.800 0.900 0.200 0.000 0.000 0.056 0.708 0.611 0.067 0.350 0.467 0.900 0.667 0.333 1.000 0.889 0.583 0.278 0.729 0.500 נ
0.280 0.500 0.500 0.450 0.080 0.444 0.861 0.889 1.000 0.556 0.000 0.000 0.060 0.625 0.860 0.378 0.556 0.556 0.778 0.844 0.760 0.800 0.700 0.525 0.880 0.784 0.543 ג
0.667 0.625 0.667 0.500 0.125 0.458 0.500 0.667 0.875 0.667 0.500 0.000 0.000 0.375 0.833 0.375 0.458 0.500 0.708 1.000 0.500 0.917 0.944 0.708 0.875 0.712 0.565 ג
0.531 0.969 0.875 0.531 0.062 0.219 0.375 0.600 0.531 0.375 0.222 0.000 0.000 0.056 0.694 0.125 0.500 0.625 0.750 0.969 0.219 0.938 0.825 0.562 0.219 0.770 0.507 נ
0.417 0.667 0.333 0.556 0.250 0.042 0.111 0.167 0.778 0.375 0.000 0.133 0.350 0.133 0.000 0.000 0.000 0.125 0.667 0.708 0.583 0.500 0.292 0.611 0.333 0.720 0.510 3
0.286 0.714 0.500 0.571 0.571 0.583 0.556 0.667 0.667 0.417 0.464 0.571 0.571 0.857 0.571 0.000 0.000 0.250 0.944 0.333 0.000 0.000 0.679 0.667 0.036 0.759 0.518 דֿ
0.400 0.700 0.300 0.550 0.625 0.361 0.806 0.711 0.500 0.111 0.050 0.225 0.340 0.650 0.650 0.028 0.194 0.200 0.444 0.750 0.600 0.900 0.860 0.525 0.825 0.807 0.543 גֿ
0.458 0.944 0.792 0.611 0.167 0.125 0.389 0.583 0.944 0.542 0.000 0.000 0.050 0.667 0.750 0.333 0.611 0.708 1.000 0.750 0.667 0.889 0.750 0.667 0.875 0.720 0.521 ג
0.389 0.944 0.958 0.611 0.111 0.000 0.133 0.400 0.867 0.600 0.000 0.000 0.000 0.556 0.778 0.333 0.600 0.550 0.867 0.667 0.778 0.833 0.583 0.444 0.889 0.750 0.571 ג
0.533 0.867 0.800 0.733 0.267 0.167 0.500 0.667 0.833 0.833 0.000 0.000 0.000 0.533 0.800 0.000 0.000 0.000 0.556 0.667 0.000 0.000 0.000 0.667 0.600 0.783 0.523 ו
0.312 0.438 0.575 0.812 0.656 0.000 0.000 0.086 0.679 0.786 0.000 0.000 0.250 1.000 0.469 0.000 0.000 0.257 1.000 0.500 0.000 0.000 0.175 0.875 0.312 0.750 0.507 ן
0.500 0.944 0.875 0.833 0.500 0.200 0.533 0.950 1.000 0.300 0.000 0.167 0.750 1.000 0.833 0.150 0.200 0.450 1.000 0.800 0.917 1.000 0.917 0.667 0.167 0.708 0.571 ב
0.000 0.375 1.000 0.875 0.222 0.500 0.833 1.000 0.958 0.278 0.222 0.292 1.000 0.792 0.056 0.000 0.458 1.000 0.917 0.222 0.167 0.792 0.833 0.875 0.500 0.750 0.553 1
0.333 0.833 1.000 0.889 0.389 0.000 0.200 0.467 0.867 0.800 0.000 0.000 0.000 0.667 1.000 0.000 0.000 0.000 0.667 0.867 0.000 0.000 0.000 0.611 0.722 0.771 0.533 ו
0.000 0.278 0.875 0.944 0.278 0.467 0.600 0.900 1.000 0.333 0.111 0.000 0.750 0.944 0.278 0.000 0.267 0.950 0.733 0.067 0.111 0.556 1.000 0.833 0.333 0.750 0.545 1
0.667 1.000 1.000 1.000 0.933 1.000 1.000 0.600 0.300 0.133 0.733 1.000 0.533 0.000 0.000 0.667 1.000 0.667 0.000 0.000 0.800 0.700 0.333 0.000 0.000 0.786 0.538 ז
0.611 0.944 1.000 1.000 0.333 0.389 0.889 1.000 0.944 0.278 0.000 0.600 1.000 0.800 0.133 0.500 0.667 0.944 0.889 0.222 0.278 0.833 0.889 0.778 0.556 0.780 0.481 1
0.267 0.933 1.000 1.000 0.733 0.133 0.667 0.800 0.800 0.600 0.000 0.111 0.167 0.056 0.000 0.333 0.867 1.000 0.867 0.467 0.533 0.867 1.000 0.933 0.467 0.773 0.524 :
0.000 0.389 0.917 1.000 1.000 0.533 0.933 1.000 1.000 0.933 0.222 0.278 0.750 1.000 1.000 0.000 0.333 1.000 1.000 0.800 0.056 0.500 0.833 0.833 0.833 0.792 0.533 1
0.400 0.660 0.320 0.660 0.240 0.440 0.740 0.700 0.700 0.340 0.120 0.280 0.860 0.860 0.320 0.000 0.040 0.220 0.720 0.840 0.760 0.900 0.840 0.720 0.260 0.772 0.575 בֿ
0.560 0.667 0.480 0.833 0.560 0.740 0.600 0.160 0.917 0.960 0.000 0.106 0.891 0.758 0.309 0.000 0.117 0.620 0.033 0.000 0.000 0.283 0.900 0.300 0.000 0.755 0.587 ?
0.567 0.933 1.000 0.967 0.767 0.481 1.000 1.000 1.000 0.519 0.033 0.700 1.000 0.567 0.033 0.000 0.333 0.333 0.037 0.000 0.633 0.833 0.867 0.733 0.300 0.875 0.571 !
0.300 0.775 0.460 0.600 0.600 0.306 0.889 0.889 0.500 0.111 0.025 0.175 0.300 0.650 0.675 0.028 0.139 0.067 0.306 0.750 0.700 0.950 0.880 0.450 0.725 0.807 0.579 גֿ
0.000 0.625 0.875 0.656 0.250 0.000 0.188 0.450 0.688 0.875 0.000 0.000 0.000 0.071 0.821 0.156 0.469 0.500 0.625 1.000 0.688 0.906 0.925 0.438 0.875 0.757 0.530 ג
0.188 0.938 0.969 0.844 0.469 0.000 0.179 0.321 0.679 1.000 0.000 0.000 0.000 0.031 0.781 0.214 0.429 0.429 0.464 0.893 0.812 0.938 0.812 0.375 0.781 0.765 0.486 ג
0.722 0.833 0.833 0.944 0.833 0.667 0.933 0.700 0.533 0.200 0.278 0.889 0.833 0.278 0.000 0.067 0.733 1.000 0.933 0.333 0.444 1.000 0.917 0.556 0.056 0.792 0.511 ז
0.833 0.833 0.889 1.000 0.917 0.700 1.000 0.667 0.300 0.100 0.250 0.750 0.833 0.250 0.000 0.000 0.500 1.000 0.900 0.400 0.417 0.917 0.833 0.583 0.250 0.854 0.558 ז
0.810 0.714 0.429 0.905 0.714 0.286 0.619 0.786 0.524 0.048 0.667 0.833 0.500 0.333 0.056 0.571 0.952 0.357 0.000 0.000 0.667 0.952 0.357 0.000 0.000 0.800 0.588 זֿ
0.911 0.556 0.444 0.444 0.467 0.556 0.600 0.667 0.844 0.689 0.000 0.000 0.017 0.780 0.420 0.000 0.000 0.500 0.889 0.111 0.000 0.067 0.889 0.622 0.000 0.738 0.592 ד
0.750 1.000 0.875 0.438 0.031 0.281 0.562 0.844 1.000 0.344 0.000 0.000 0.278 1.000 0.639 0.000 0.000 0.281 1.000 0.250 0.000 0.094 0.688 0.812 0.125 0.784 0.552 ו
0.778 1.000 1.000 1.000 0.611 0.133 0.200 0.500 1.000 0.467 0.000 0.000 0.083 0.778 0.667 0.133 0.533 0.650 0.933 0.533 0.278 0.889 0.750 0.444 0.056 0.750 0.571 נ
0.762 0.810 0.857 0.905 0.429 0.500 0.625 0.781 0.958 0.917 0.000 0.000 0.214 0.952 0.667 0.000 0.000 0.250 1.000 0.667 0.000 0.000 0.250 0.952 0.429 0.818 0.579 ו
0.719 0.969 0.833 0.656 0.125 0.344 0.594 0.792 1.000 0.469 0.000 0.000 0.111 0.806 0.694 0.000 0.000 0.000 0.750 0.625 0.000 0.000 0.458 0.938 0.469 0.797 0.507 ו
0.889 0.833 0.778 0.583 0.278 0.533 0.600 0.867 1.000 0.667 0.000 0.000 0.389 1.000 0.722 0.000 0.000 0.333 1.000 0.667 0.000 0.000 0.333 1.000 0.611 0.812 0.571 ו
1.000 1.000 0.900 0.600 0.133 0.278 0.333 0.333 0.611 0.667 0.000 0.000 0.000 0.067 0.733 0.333 0.500 0.500 0.667 0.833 0.667 0.933 0.800 0.600 0.267 0.783 0.548 נ
0.875 1.000 0.958 0.844 0.344 0.531 0.719 0.917 1.000 0.812 0.000 0.000 0.667 1.000 0.778 0.000 0.000 0.417 1.000 0.594 0.000 0.000 0.542 1.000 0.469 0.797 0.561 ו
0.875 0.938 0.781 0.375 0.031 0.438 0.500 0.625 0.969 0.500 0.000 0.000 0.000 0.406 0.844 0.094 0.250 0.344 0.656 0.750 0.531 0.969 1.000 0.812 0.219 0.778 0.500 נ
0.822 0.622 0.000 0.000 0.000 0.200 0.844 0.667 0.578 0.533 0.050 0.400 0.656 0.950 0.475 0.000 0.089 0.472 0.733 0.978 0.111 0.689 0.833 0.733 0.400 0.750 0.526 בֿ
0.875 0.620 0.125 0.740 0.775 0.175 0.620 0.775 0.680 0.150 0.250 1.000 0.682 0.800 0.227 0.025 0.800 0.525 0.140 0.025 0.225 0.940 0.625 0.060 0.000 0.809 0.534 זֿ
0.810 0.810 0.762 0.952 0.905 0.625 0.875 0.625 0.417 0.250 0.143 0.762 0.952 0.762 0.667 0.000 0.375 1.000 1.000 0.625 0.000 0.667 1.000 0.857 0.381 0.833 0.478 ז
0.812 0.958 0.875 0.667 0.281 0.344 0.583 0.812 1.000 0.906 0.000 0.000 0.444 1.000 0.889 0.000 0.000 0.406 1.000 0.562 0.000 0.167 0.844 1.000 0.469 0.811 0.487 ו
0.688 0.719 0.800 0.406 0.031 0.375 0.625 0.550 0.812 0.531 0.000 0.139 0.644 0.806 0.889 0.188 0.375 0.550 0.781 0.844 0.469 1.000 0.825 0.531 0.156 0.770 0.514 נ
0.867 0.537 0.467 0.519 0.244 0.400 0.722 0.778 0.907 0.778 0.000 0.000 0.075 0.604 0.925 0.000 0.000 0.067 0.759 0.644 0.000 0.019 0.600 0.741 0.111 0.712 0.556 ר
0.800 1.000 0.867 0.600 0.133 0.222 0.333 0.389 0.722 0.667 0.000 0.000 0.000 0.333 0.933 0.278 0.500 0.556 0.778 0.556 0.600 0.933 0.733 0.400 0.067 0.761 0.548 נ
0.719 0.906 0.800 0.438 0.062 0.344 0.500 0.575 0.906 0.562 0.000 0.000 0.000 0.444 1.000 0.094 0.406 0.525 0.844 0.844 0.469 1.000 0.950 0.625 0.156 0.770 0.514 נ
0.889 0.889 0.750 0.444 0.056 0.400 0.400 0.400 0.667 0.667 0.000 0.000 0.000 0.333 1.000 0.267 0.400 0.500 0.800 0.933 0.667 0.944 0.833 0.667 0.278 0.792 0.533 נ
0.833 1.000 1.000 0.917 0.556 0.200 0.400 0.600 0.900 1.000 0.000 0.000 0.000 0.500 1.000 0.000 0.000 0.000 0.500 1.000 0.000 0.000 0.000 0.500 0.889 0.812 0.511 ו
0.933 0.900 0.867 0.900 0.800 0.333 0.500 0.500 0.583 1.000 0.000 0.000 0.000 0.350 1.000 0.000 0.000 0.111 0.750 0.778 0.000 0.000 0.600 0.800 0.200 0.717 0.489 ר
0.958 1.000 0.969 0.792 0.375 0.417 0.583 0.719 0.958 0.958 0.000 0.000 0.056 0.741 1.000 0.000 0.000 0.094 0.792 1.000 0.000 0.000 0.344 1.000 0.667 0.838 0.514 ו
0.833 0.852 0.806 0.667 0.250 0.375 0.708 0.969 1.000 0.875 0.000 0.037 0.167 0.815 1.000 0.000 0.000 0.000 0.667 0.906 0.000 0.000 0.222 0.852 0.611 0.821 0.542 ו
0.722 1.000 1.000 1.000 0.778 0.200 0.400 0.533 0.900 0.933 0.000 0.000 0.278 0.917 1.000 0.000 0.000 0.133 0.700 0.933 0.000 0.000 0.167 0.750 0.667 0.812 0.571 ו
0.833 0.625 0.200 0.875 0.667 0.433 0.625 0.000 0.292 0.833 0.400 0.536 0.171 0.393 0.686 0.567 1.000 1.000 0.958 0.400 0.500 0.375 0.333 0.208 0.000 0.648 0.643 ט
0.933 0.689 0.733 0.778 0.778 0.422 0.422 0.333 0.622 0.778 0.000 0.000 0.075 0.850 0.600 0.000 0.000 0.400 1.000 0.289 0.000 0.089 0.822 0.778 0.067 0.738 0.597 ד
0.571 0.333 0.643 0.905 0.571 0.333 0.333 0.357 0.619 0.905 0.000 0.000 0.000 0.333 0.667 0.000 0.000 0.000 0.333 0.667 0.000 0.000 0.000 0.429 0.524 0.839 0.633 ו
0.476 0.643 0.571 0.905 0.333 0.405 0.714 0.357 0.571 0.786 0.310 0.071 0.000 0.000 0.500 0.333 0.190 0.286 0.286 0.405 0.714 0.976 1.000 1.000 0.500 0.581 0.633 מ
0.900 0.450 0.480 0.600 0.100 0.250 0.750 0.400 0.400 0.450 0.000 0.333 0.200 0.000 0.458 0.100 0.600 0.200 0.100 0.500 0.450 0.850 0.120 0.300 0.250 0.614 0.667 מ
0.000 0.652 0.561 0.000 0.000 0.379 0.833 0.470 0.485 0.136 0.742 0.985 0.591 0.742 0.682 0.364 0.818 0.333 0.788 0.848 0.409 0.909 0.727 0.742 0.288 0.745 0.689 א
0.000 0.679 0.543 0.000 0.000 0.357 0.786 0.486 0.357 0.071 0.594 0.875 0.500 0.719 0.656 0.250 0.750 0.029 0.429 0.929 0.250 0.857 0.371 0.750 0.286 0.734 0.681 א
0.500 0.714 0.857 0.810 0.429 0.000 0.190 0.500 0.381 0.071 0.000 0.667 0.667 0.111 0.000 0.000 0.667 1.000 0.333 0.000 0.000 0.524 0.929 0.286 0.000 0.867 0.682 ן
0.356 0.600 0.178 0.856 0.356 0.456 0.978 0.533 0.922 0.744 0.700 0.700 1.000 0.900 0.433 0.844 0.567 0.678 0.989 0.367 0.689 0.600 0.067 0.744 0.222 0.554 0.639 א
0.405 0.735 0.667 0.878 0.381 0.396 0.911 0.562 0.768 0.792 0.476 0.327 0.000 0.143 0.833 0.750 0.464 0.500 0.518 0.688 0.810 0.959 1.000 1.000 0.452 0.576 0.623 מ
0.500 0.643 0.857 0.929 0.643 0.000 0.167 0.611 0.667 0.167 0.143 0.643 1.000 0.500 0.000 0.000 0.500 1.000 0.500 0.000 0.000 0.500 0.905 0.357 0.000 0.879 0.659 ן
0.000 0.643 0.571 0.548 0.257 0.000 0.458 0.625 0.667 0.875 0.000 0.000 0.000 0.000 0.600 0.025 0.125 0.125 0.125 0.550 0.657 1.000 1.000 0.929 0.314 0.652 0.673 כ
0.107 0.571 0.393 0.238 0.429 0.208 0.778 0.667 0.667 0.542 0.036 0.143 0.571 0.952 0.643 0.000 0.000 0.208 0.611 0.917 0.571 0.714 0.643 0.619 0.357 0.759 0.674 בֿ
0.289 0.775 0.111 0.850 0.678 0.356 1.000 0.667 0.938 0.889 0.654 0.611 0.988 0.806 0.420 0.744 0.650 0.589 1.000 0.633 0.778 0.837 0.156 0.613 0.589 0.567 0.625 א
0.190 0.607 0.333 0.536 0.571 0.190 0.679 0.667 0.714 0.524 0.000 0.250 0.778 0.917 0.444 0.000 0.036 0.238 0.679 1.000 0.667 0.821 0.667 0.536 0.286 0.783 0.625 בֿ
0.750 0.778 0.833 0.833 0.708 0.458 0.667 0.667 0.667 0.917 0.000 0.000 0.000 0.200 0.900 0.000 0.000 0.208 0.778 0.792 0.000 0.000 0.500 0.833 0.333 0.720 0.595 ר
0.000 0.550 0.460 0.000 0.000 0.400 0.783 0.420 0.400 0.080 0.600 0.817 0.400 0.567 0.740 0.360 0.750 0.000 0.117 0.840 0.380 0.850 0.120 0.617 0.300 0.750 0.605 א
0.083 0.533 0.250 0.422 0.417 0.250 0.644 0.639 0.600 0.361 0.075 0.220 0.575 0.900 0.350 0.000 0.000 0.139 0.511 0.944 0.472 0.689 0.639 0.622 0.250 0.786 0.636 בֿ
0.000 0.464 0.914 0.393 0.000 0.171 0.857 0.686 0.607 0.000 0.700 1.000 1.000 0.792 0.300 0.286 0.250 0.857 0.893 0.371 0.029 0.393 0.771 0.464 0.086 0.683 0.638 4
0.318 0.657 0.436 0.828 0.455 0.450 0.972 0.700 0.880 0.867 0.355 0.434 0.000 0.061 0.864 0.617 0.417 0.417 0.472 0.717 0.691 0.899 0.909 0.889 0.545 0.585 0.624 מ
0.107 0.536 0.333 0.571 0.321 0.250 0.714 0.714 0.714 0.429 0.042 0.250 0.778 1.000 0.458 0.000 0.071 0.333 0.786 0.786 0.607 0.679 0.667 0.643 0.179 0.750 0.682 בֿ
0.944 0.708 0.722 0.833 0.778 0.444 0.542 0.722 0.958 0.722 0.000 0.071 0.619 1.000 0.429 0.000 0.167 0.889 0.833 0.111 0.000 0.250 0.889 0.458 0.000 0.759 0.643 ד
0.650 0.680 0.325 0.680 0.675 0.450 0.800 0.725 0.440 0.075 0.100 0.400 0.500 0.800 0.700 0.050 0.160 0.150 0.720 0.950 0.800 0.940 0.800 0.680 0.875 0.804 0.630 גֿ
0.107 0.679 0.476 0.536 0.571 0.250 0.750 0.857 0.821 0.500 0.042 0.333 0.833 0.917 0.250 0.000 0.143 0.429 0.786 0.679 0.679 0.857 0.762 0.679 0.179 0.750 0.638 בֿ
0.083 0.700 0.817 0.580 0.050 0.017 0.500 0.883 1.000 0.467 0.000 0.000 0.267 0.720 0.567 0.133 0.340 0.300 0.680 0.783 0.700 0.980 1.000 0.980 0.617 0.739 0.639 נ
0.213 0.750 0.471 0.387 0.100 0.200 0.837 0.943 0.988 0.712 0.000 0.000 0.039 0.330 0.625 0.162 0.450 0.400 0.425 0.600 0.675 0.938 1.000 0.950 0.637 0.628 0.653 ב
0.000 0.600 0.860 0.500 0.050 0.000 0.550 0.980 0.983 0.333 0.000 0.000 0.400 0.955 0.500 0.133 0.317 0.500 0.933 0.900 0.683 1.000 0.940 0.900 0.567 0.734 0.653 נ
0.500 0.778 0.944 0.889 0.500 0.143 0.762 1.000 0.524 0.000 0.056 0.722 0.944 0.278 0.000 0.000 0.381 0.333 0.000 0.000 0.722 0.833 0.444 0.000 0.000 0.804 0.622 ?
0.458 0.625 0.278 0.542 0.375 0.875 0.542 0.000 0.500 0.917 0.600 0.650 0.200 0.650 1.000 0.292 0.542 0.889 1.000 0.833 0.667 1.000 1.000 0.833 0.250 0.700 0.625 9
0.067 0.042 0.033 0.292 0.667 0.829 0.643 0.200 0.929 0.771 0.300 0.708 0.033 0.208 0.733 0.314 0.643 0.314 0.536 0.714 0.400 1.000 1.000 0.833 0.333 0.661 0.667 ט
0.571 0.476 0.000 0.571 0.690 0.571 0.976 0.429 0.405 0.976 0.333 0.458 0.896 0.771 0.250 0.810 0.476 0.238 0.857 0.667 0.786 0.738 0.000 0.238 0.690 0.594 0.653 א
0.517 0.400 0.037 0.717 0.567 0.683 0.975 0.454 0.767 0.992 0.591 0.627 0.990 0.818 0.373 0.900 0.642 0.472 0.950 0.683 0.683 0.883 0.111 0.417 0.667 0.591 0.647 א
0.567 0.417 0.600 0.625 0.467 0.960 0.350 0.480 0.800 0.680 0.167 0.292 0.733 0.667 0.067 0.320 0.700 0.240 0.300 0.200 0.433 0.708 1.000 0.875 0.167 0.604 0.632 2
0.667 0.604 0.089 0.812 0.667 0.690 1.000 0.571 0.762 1.000 0.708 0.625 0.964 0.875 0.312 1.000 0.667 0.469 0.976 0.667 0.917 0.854 0.089 0.500 0.708 0.603 0.642 א
0.107 0.571 0.214 0.190 0.500 0.719 0.625 0.625 0.625 0.406 0.143 0.143 0.179 0.619 0.393 0.000 0.000 0.531 0.667 0.062 0.000 0.238 0.821 0.190 0.000 0.788 0.647 דֿ
0.900 0.600 0.583 0.680 0.640 0.622 0.689 0.630 0.844 0.667 0.000 0.000 0.083 0.860 0.440 0.000 0.000 0.370 0.933 0.133 0.000 0.000 0.767 0.600 0.000 0.750 0.611 ד
0.179 0.750 0.476 0.500 0.607 0.786 0.643 0.667 0.714 0.607 0.219 0.250 0.250 0.750 0.594 0.000 0.000 0.286 0.857 0.286 0.000 0.214 0.952 0.643 0.000 0.766 0.653 דֿ
0.000 0.000 0.200 0.683 0.240 0.727 0.636 0.673 0.727 0.455 0.140 0.300 0.300 0.600 0.900 0.000 0.000 0.164 0.864 0.655 0.000 0.000 0.680 0.700 0.120 0.760 0.593 ר
0.171 0.143 0.600 0.000 0.000 0.514 0.714 0.686 0.500 0.200 0.143 0.786 0.543 0.500 0.714 0.000 0.750 0.629 0.143 0.714 0.029 0.786 0.686 0.607 0.286 0.694 0.674 א
0.036 0.545 0.818 0.848 0.600 0.745 0.697 0.709 0.864 0.655 0.160 0.150 0.100 0.667 0.340 0.000 0.000 0.309 0.848 0.091 0.000 0.091 0.764 0.576 0.000 0.770 0.676 דֿ
0.454 0.573 0.565 0.760 0.389 0.731 0.812 0.778 0.781 0.870 0.707 0.000 0.000 0.034 0.818 0.824 0.250 0.250 0.250 0.694 0.824 0.958 0.991 0.948 0.352 0.645 0.647 ס
0.114 0.591 0.400 0.341 0.591 0.650 0.600 0.600 0.550 0.425 0.159 0.182 0.182 0.386 0.568 0.000 0.000 0.120 0.850 0.325 0.000 0.000 0.545 0.795 0.114 0.827 0.620 דֿ
0.000 0.600 0.460 0.683 0.660 0.660 0.600 0.680 0.717 0.140 0.818 0.424 0.236 0.288 0.182 0.800 0.217 0.000 0.417 0.900 0.760 0.867 0.800 0.717 0.360 0.755 0.618 שֿ
0.620 0.550 0.400 0.783 0.460 0.740 0.333 0.240 0.933 0.940 0.000 0.133 0.920 0.767 0.300 0.000 0.200 0.580 0.050 0.000 0.000 0.133 0.840 0.417 0.000 0.750 0.597 ?
0.714 0.686 0.657 0.557 0.171 0.843 0.857 0.814 0.829 0.729 0.000 0.048 0.111 0.079 0.810 0.000 0.014 0.200 0.143 1.000 0.000 0.000 0.000 0.200 0.786 0.656 0.616 ר
0.743 0.586 0.600 0.600 0.414 0.753 0.818 0.818 0.896 0.805 0.000 0.000 0.000 0.486 0.514 0.000 0.000 0.000 0.623 0.506 0.000 0.000 0.000 0.657 0.286 0.667 0.667 ד
0.611 0.604 0.583 0.729 0.454 0.737 0.818 0.818 0.784 0.939 0.741 0.000 0.000 0.104 0.759 0.828 0.239 0.273 0.489 0.737 0.815 0.979 1.000 0.917 0.370 0.639 0.635 ס
0.071 0.095 0.250 0.810 0.321 0.786 0.952 0.821 0.810 0.321 0.833 1.000 1.000 1.000 0.792 0.071 0.143 0.607 1.000 0.679 0.000 0.000 0.607 0.714 0.286 0.767 0.652 י
0.825 0.186 0.788 0.629 0.125 1.000 0.729 0.825 0.800 0.675 0.762 0.771 0.100 0.086 0.788 0.812 0.557 0.300 0.300 0.675 1.000 0.986 0.975 1.000 0.688 0.630 0.639 ט
0.771 0.775 0.750 0.525 0.396 0.812 0.875 0.854 0.875 0.812 0.021 0.000 0.000 0.400 0.583 0.000 0.000 0.000 0.400 0.604 0.000 0.000 0.000 0.450 0.521 0.667 0.621 ד
0.950 0.775 0.650 0.525 0.150 0.650 0.825 0.950 1.000 0.825 0.000 0.182 0.409 0.909 0.932 0.000 0.275 0.450 0.950 0.800 0.000 0.000 0.225 0.900 0.475 0.830 0.653 ו
0.171 0.200 0.143 0.029 0.343 0.587 0.921 0.952 0.444 0.000 0.500 0.286 0.129 0.657 0.000 0.302 0.238 0.349 0.619 0.000 0.943 0.929 0.686 0.129 0.000 0.648 0.603 פ
0.361 0.438 0.519 0.688 0.333 0.796 1.000 0.991 0.969 0.843 0.701 0.163 0.205 0.096 0.872 0.861 0.344 0.343 0.469 0.806 0.861 1.000 1.000 0.927 0.352 0.658 0.671 ס
0.444 0.500 0.583 0.833 0.611 0.722 0.944 1.000 1.000 0.500 0.000 0.095 0.500 0.952 0.667 0.000 0.000 0.167 0.778 0.667 0.000 0.000 0.333 0.889 0.611 0.815 0.643 ו
0.743 0.557 0.600 0.429 0.157 0.871 1.000 1.000 1.000 0.686 0.065 0.130 0.136 0.130 0.844 0.000 0.000 0.000 0.071 0.857 0.000 0.000 0.000 0.257 0.771 0.681 0.653 ר
0.483 0.688 0.683 0.708 0.317 0.727 0.955 1.000 1.000 0.800 0.000 0.042 0.150 0.792 0.950 0.000 0.000 0.000 0.750 1.000 0.000 0.000 0.000 0.625 0.917 0.824 0.635 ו
0.778 0.689 0.022 0.644 0.667 0.578 0.911 0.889 0.956 0.467 0.850 0.900 0.525 0.450 0.125 0.444 0.600 0.000 0.000 0.467 0.222 0.822 0.600 0.622 0.556 0.738 0.597 שֿ
0.617 0.917 0.271 0.000 0.000 0.267 0.867 0.146 0.067 0.000 0.291 0.764 0.909 0.982 0.600 0.000 0.000 0.042 0.533 0.783 0.583 0.717 0.792 0.650 0.233 0.818 0.679 ל
0.583 0.917 0.469 0.000 0.000 0.208 0.875 0.438 0.042 0.000 0.190 0.667 0.786 0.857 0.667 0.000 0.000 0.000 0.375 0.875 0.583 0.667 0.625 0.583 0.292 0.829 0.686 ל
0.767 1.000 0.383 0.000 0.000 0.400 0.864 0.236 0.159 0.091 0.267 0.688 0.850 1.000 0.933 0.000 0.000 0.073 0.636 0.964 0.633 0.792 0.817 0.708 0.333 0.824 0.667 ל
0.107 0.786 0.500 0.000 0.000 0.607 0.893 0.464 0.393 0.107 0.750 0.714 0.429 0.607 0.679 0.500 0.500 0.000 0.107 0.714 0.500 0.500 0.321 0.571 0.214 0.742 0.608 א
0.633 0.958 0.867 0.542 0.033 0.933 0.875 0.933 0.958 0.167 0.120 0.250 0.880 0.500 0.000 0.400 0.750 0.467 0.458 0.367 0.533 0.708 1.000 0.833 0.200 0.620 0.658 2
0.050 0.780 0.700 0.560 0.583 0.733 0.640 0.650 0.700 0.183 0.758 0.836 0.364 0.327 0.030 0.667 0.620 0.200 0.320 0.683 0.650 0.980 0.900 0.880 0.500 0.745 0.662 שֿ
0.476 0.857 0.536 0.714 0.667 0.286 0.952 0.964 0.667 0.190 0.000 0.143 0.321 0.619 0.857 0.095 0.333 0.286 0.571 1.000 0.667 0.857 0.821 0.476 0.714 0.806 0.689 גֿ
0.850 0.850 0.840 0.700 0.250 0.458 0.292 0.033 0.083 0.208 0.500 0.000 0.000 0.000 0.200 0.667 0.375 0.167 0.292 0.625 0.650 0.650 0.800 0.700 0.250 0.630 0.622 ס
0.214 0.964 0.464 0.000 0.000 0.875 1.000 0.875 0.833 0.417 0.536 0.714 0.393 0.500 0.893 0.500 0.500 0.000 0.333 0.833 0.500 0.679 0.464 0.464 0.143 0.724 0.617 א
0.550 0.800 0.700 0.600 0.250 0.125 0.333 0.333 0.333 0.500 0.100 0.000 0.000 0.000 0.250 0.542 0.167 0.000 0.000 0.083 0.250 0.700 0.800 0.400 0.000 0.652 0.657 ה
0.778 0.944 0.833 0.611 0.111 0.200 0.600 0.900 1.000 0.600 0.000 0.000 0.500 1.000 0.667 0.000 0.000 0.300 0.867 0.533 0.000 0.000 0.417 0.944 0.500 0.792 0.667 ו
0.733 0.833 0.700 0.625 0.167 0.300 0.500 0.700 0.875 0.600 0.467 0.000 0.000 0.208 0.800 0.767 0.708 0.433 0.625 0.700 0.333 0.750 0.900 0.333 0.033 0.635 0.619 ה
0.067 0.850 0.717 0.083 0.000 0.733 0.917 0.717 0.750 0.600 0.648 0.685 0.407 0.667 0.963 0.533 0.567 0.050 0.567 0.783 0.517 0.533 0.483 0.467 0.100 0.711 0.682 א
0.167 0.792 0.733 0.542 0.208 0.643 0.929 0.800 0.893 0.607 0.417 0.958 1.000 0.875 0.375 0.857 0.571 0.229 0.750 1.000 0.375 0.625 0.533 0.625 0.417 0.696 0.667 8
0.810 1.000 0.821 0.667 0.333 0.458 0.667 0.875 0.958 0.667 0.000 0.000 0.179 0.905 0.762 0.000 0.000 0.250 1.000 0.667 0.000 0.000 0.250 1.000 0.524 0.818 0.623 ו
0.667 0.917 0.833 0.708 0.333 0.583 0.708 0.333 0.500 0.708 0.500 0.500 0.000 0.100 0.850 0.333 0.417 0.333 0.625 0.708 0.917 0.833 0.833 0.583 0.125 0.700 0.595 פ
0.571 0.952 0.857 0.714 0.429 0.238 0.476 0.619 0.810 0.762 0.000 0.000 0.000 0.333 0.952 0.000 0.000 0.000 0.333 0.667 0.000 0.000 0.000 0.333 0.571 0.823 0.633 ו
0.775 0.969 0.800 0.500 0.100 0.467 0.667 0.733 0.972 0.800 0.350 0.406 0.225 0.750 0.950 0.378 0.556 0.556 0.889 1.000 0.675 0.906 0.700 0.594 0.900 0.750 0.679 ג
0.229 0.829 0.571 0.543 0.286 0.150 0.600 0.542 0.600 0.800 0.000 0.000 0.000 0.000 0.571 0.100 0.250 0.188 0.275 0.525 0.886 1.000 1.000 0.886 0.257 0.667 0.673 כ
0.709 0.932 0.727 0.682 0.327 0.545 0.773 0.855 0.977 0.818 0.000 0.000 0.109 0.886 0.927 0.000 0.000 0.200 1.000 0.964 0.000 0.000 0.127 0.909 0.673 0.814 0.600 ו
0.625 0.900 0.792 0.633 0.333 0.083 0.333 0.333 0.467 0.833 0.550 0.160 0.000 0.000 0.500 0.708 0.633 0.250 0.067 0.375 0.208 0.767 0.917 0.400 0.000 0.640 0.595 ה
0.521 0.875 0.625 0.625 0.604 0.333 0.646 0.625 0.729 0.875 0.476 0.119 0.000 0.214 0.714 0.833 0.125 0.000 0.167 0.833 0.771 0.021 0.000 0.146 0.646 0.614 0.660 ה
0.554 0.786 0.792 0.625 0.571 0.089 0.750 0.812 0.768 0.929 0.184 0.408 0.000 0.102 0.776 0.429 0.482 0.000 0.018 0.732 0.357 0.357 0.000 0.000 0.571 0.571 0.603 ה
0.271 0.875 0.625 0.550 0.271 0.146 0.700 0.750 0.825 0.938 0.000 0.000 0.000 0.029 0.810 0.125 0.250 0.250 0.250 0.708 0.896 1.000 1.000 0.950 0.375 0.657 0.614 כ
0.825 0.925 0.725 0.625 0.325 0.500 0.725 0.800 0.900 1.000 0.000 0.000 0.000 0.675 1.000 0.000 0.000 0.000 0.700 1.000 0.000 0.000 0.025 0.750 0.675 0.826 0.639 ו
0.571 0.821 0.714 0.750 0.500 0.321 0.107 0.000 0.107 0.821 0.750 0.250 0.071 0.536 0.571 0.750 0.321 0.214 0.357 0.036 0.857 0.429 0.000 0.000 0.000 0.742 0.689 ק
0.788 0.836 0.727 0.873 0.621 0.400 0.020 0.000 0.140 0.750 0.758 0.000 0.152 0.636 0.439 0.750 0.020 0.300 0.240 0.000 0.894 0.127 0.000 0.000 0.000 0.755 0.645 ק
0.841 0.905 0.968 0.841 0.286 0.635 0.603 0.143 0.365 0.698 0.700 0.543 0.000 0.171 0.871 0.667 0.952 0.683 0.873 0.698 0.524 0.603 0.524 0.413 0.048 0.631 0.609 ס
0.944 0.833 0.833 0.833 0.611 0.278 0.333 0.222 0.708 0.611 0.000 0.000 0.200 0.850 0.267 0.000 0.042 0.611 0.667 0.000 0.000 0.375 0.944 0.333 0.000 0.740 0.595 ד
0.873 0.873 0.944 0.825 0.286 0.794 0.540 0.241 0.397 0.762 0.905 0.190 0.000 0.127 0.841 0.841 0.714 0.611 0.825 0.603 0.619 0.556 0.556 0.413 0.048 0.634 0.621 ס
0.767 0.833 0.833 0.733 0.400 0.667 0.600 0.250 0.367 0.667 0.767 0.333 0.000 0.000 0.667 0.667 0.733 0.500 0.600 0.700 0.567 0.633 0.667 0.567 0.167 0.615 0.667 ס
0.875 0.833 0.833 0.889 0.958 0.250 0.333 0.292 0.722 0.750 0.000 0.000 0.250 1.000 0.450 0.000 0.000 0.417 1.000 0.250 0.000 0.000 0.583 0.611 0.042 0.720 0.595 ד
0.762 0.971 0.929 0.914 0.714 0.548 0.371 0.310 0.286 0.643 0.583 0.000 0.000 0.000 0.444 0.738 0.143 0.143 0.143 0.381 0.857 1.000 1.000 0.971 0.333 0.600 0.612 ס
0.873 0.825 0.889 0.778 0.206 0.778 0.540 0.333 0.476 0.746 0.857 0.206 0.000 0.032 0.810 0.762 0.762 0.444 0.746 0.698 0.524 0.571 0.611 0.476 0.095 0.634 0.621 ס
0.750 0.833 0.833 0.833 0.708 0.250 0.333 0.333 0.667 0.667 0.000 0.000 0.083 0.778 0.500 0.000 0.000 0.417 1.000 0.333 0.000 0.056 0.708 0.833 0.125 0.731 0.619 ד
0.667 0.943 0.857 0.857 0.786 0.310 0.343 0.333 0.514 0.595 0.000 0.000 0.000 0.200 0.556 0.000 0.000 0.000 0.057 0.548 0.000 0.000 0.000 0.000 0.429 0.600 0.612 ד
0.667 0.833 0.833 0.733 0.208 0.125 0.300 0.333 0.500 0.667 0.500 0.000 0.000 0.000 0.650 0.750 0.433 0.333 0.100 0.583 0.292 0.800 0.958 0.367 0.000 0.640 0.595 ה
0.850 0.900 0.800 0.800 0.300 0.750 0.667 0.389 0.417 0.083 0.700 0.200 0.000 0.000 0.450 0.583 0.292 0.222 0.417 0.792 0.750 0.900 1.000 0.850 0.300 0.674 0.605 ש
0.933 1.000 1.000 1.000 0.867 0.200 0.400 0.400 0.400 0.667 0.000 0.000 0.000 0.000 0.533 0.000 0.000 0.000 0.400 0.733 0.000 0.000 0.250 0.733 0.333 0.714 0.636 ר
0.733 0.833 0.900 0.833 0.433 0.600 0.625 0.467 0.583 0.500 0.600 0.292 0.033 0.292 0.300 0.600 0.792 0.500 0.750 0.300 0.567 0.667 0.667 0.500 0.033 0.635 0.619 ס
0.833 0.833 0.833 0.833 0.458 0.250 0.444 0.500 0.500 0.833 0.000 0.000 0.000 0.267 0.750 0.000 0.000 0.250 0.889 0.542 0.000 0.056 0.708 0.611 0.083 0.720 0.595 ר
0.900 1.000 0.867 0.833 0.533 0.667 0.333 0.567 0.750 0.067 0.067 0.292 0.867 0.333 0.000 0.133 0.875 0.833 0.042 0.000 0.267 0.958 0.667 0.000 0.000 0.635 0.650 7
0.571 0.857 0.857 0.857 0.857 0.000 0.333 0.571 0.762 0.714 0.000 0.667 1.000 0.667 0.000 0.000 0.667 1.000 0.667 0.000 0.000 0.619 0.929 0.524 0.000 0.875 0.627 ן
0.333 0.933 0.900 0.800 0.200 0.067 0.200 0.600 0.733 0.067 0.000 0.000 0.500 0.944 0.778 0.067 0.200 0.250 0.800 0.667 0.800 1.000 0.800 0.400 0.067 0.727 0.667 ב
0.250 0.875 0.875 0.896 0.354 0.222 0.963 0.600 0.833 0.833 0.333 0.833 0.025 0.250 0.979 0.296 0.685 0.444 0.796 0.574 0.812 0.917 0.850 0.542 0.062 0.671 0.679 פ
0.458 0.875 0.600 1.000 0.583 0.500 0.875 0.633 0.375 0.083 0.333 0.458 0.533 1.000 0.708 0.708 0.542 0.433 1.000 0.833 0.458 0.708 0.700 0.667 0.167 0.673 0.667 5
0.714 0.905 1.000 0.952 0.857 0.000 0.286 0.786 1.000 0.714 0.062 0.708 1.000 0.708 0.062 0.000 0.667 1.000 0.762 0.143 0.000 0.619 0.929 0.571 0.071 0.875 0.681 ן
0.458 0.917 0.958 0.958 0.542 0.625 1.000 0.875 1.000 0.667 0.375 0.792 0.750 1.000 0.625 1.000 0.292 0.042 0.542 1.000 0.458 0.542 0.458 0.667 0.417 0.692 0.619 8
0.750 1.000 1.000 1.000 0.917 0.643 0.929 1.000 0.857 0.429 0.000 0.500 0.889 0.333 0.000 0.000 0.286 0.333 0.000 0.000 0.333 0.833 0.778 0.250 0.000 0.875 0.636 !
0.800 0.933 0.950 0.800 0.600 0.800 1.000 1.000 0.967 0.433 0.364 1.000 0.932 0.364 0.000 0.300 0.700 0.675 0.133 0.000 0.867 0.967 1.000 0.800 0.200 0.872 0.618 !
0.542 0.438 0.036 0.000 0.000 0.429 0.024 0.469 0.500 0.214 0.000 0.000 0.321 0.500 0.646 0.000 0.262 0.286 0.000 0.476 0.000 0.042 0.643 0.604 0.125 0.603 0.723 ה'
0.458 0.271 0.000 0.000 0.000 0.396 0.062 0.396 0.396 0.188 0.000 0.048 0.500 0.595 0.762 0.000 0.354 0.167 0.000 0.479 0.000 0.167 0.708 0.583 0.167 0.629 0.833 ה'
0.095 0.536 0.571 0.536 0.619 0.792 0.656 0.500 0.594 0.667 0.095 0.107 0.000 0.571 0.619 0.000 0.000 0.417 0.906 0.250 0.000 0.286 0.905 0.536 0.000 0.803 0.786 דֿ
0.036 0.524 0.286 0.000 0.000 0.607 0.667 0.429 0.429 0.214 0.625 0.389 0.333 0.389 0.667 0.286 0.000 0.000 0.000 0.464 0.679 0.238 0.000 0.286 0.286 0.767 0.833 א
0.000 0.500 0.333 0.000 0.000 0.464 0.607 0.381 0.393 0.143 0.571 0.500 0.286 0.321 0.536 0.321 0.250 0.000 0.036 0.536 0.464 0.464 0.000 0.357 0.321 0.758 0.816 א
0.520 0.050 0.000 0.000 0.000 0.800 0.136 0.218 0.205 0.164 0.540 0.525 0.600 0.750 0.960 0.000 0.000 0.109 0.341 0.527 0.200 0.650 0.360 0.050 0.000 0.802 0.980 ל
0.000 0.000 0.238 0.524 0.000 0.524 0.190 0.667 0.548 0.214 0.812 0.583 0.750 0.438 0.667 0.476 0.071 0.500 0.024 0.643 0.000 0.000 0.690 0.381 0.357 0.594 0.711 אי
0.000 0.500 0.190 0.000 0.000 0.375 0.542 0.333 0.333 0.083 0.750 0.643 0.333 0.536 0.536 0.500 0.583 0.000 0.000 0.208 0.500 0.393 0.000 0.000 0.000 0.741 0.879 א
0.000 0.607 0.500 0.000 0.000 0.464 0.857 0.500 0.393 0.107 0.719 0.719 0.375 0.469 0.656 0.500 0.500 0.000 0.107 0.750 0.464 0.500 0.214 0.536 0.214 0.750 0.727 א
0.000 0.679 0.393 0.000 0.000 0.357 0.679 0.393 0.321 0.036 0.625 0.719 0.469 0.625 0.594 0.464 0.500 0.000 0.214 0.714 0.464 0.714 0.179 0.607 0.214 0.750 0.762 א
0.764 0.655 0.091 0.000 0.000 1.000 0.350 0.217 0.183 0.133 0.636 0.727 0.800 0.909 0.982 0.000 0.017 0.250 0.600 0.583 0.218 0.818 0.509 0.055 0.000 0.802 1.000 ל
0.706 0.588 0.000 0.000 0.000 0.882 0.500 0.176 0.213 0.132 0.633 0.781 0.777 0.852 0.875 0.000 0.000 0.143 0.544 0.662 0.066 0.706 0.723 0.110 0.000 0.781 0.941 ל
0.286 0.686 0.762 0.200 0.000 0.657 0.571 0.238 0.000 0.000 0.733 0.800 0.944 0.500 0.000 0.314 0.343 1.000 0.857 0.286 0.829 0.714 0.952 0.600 0.229 0.633 1.000 5
0.746 0.375 0.000 0.000 0.000 0.992 0.360 0.034 0.059 0.050 0.786 0.812 0.762 0.854 0.897 0.000 0.000 0.143 0.463 0.580 0.079 0.688 0.548 0.076 0.000 0.804 0.988 ל
0.000 0.457 0.571 0.000 0.000 0.406 0.800 0.625 0.475 0.156 0.321 0.829 0.500 0.457 0.750 0.000 0.625 0.219 0.325 0.781 0.000 0.657 0.250 0.486 0.107 0.727 0.733 א
0.030 0.682 0.709 0.000 0.000 0.439 0.864 0.509 0.424 0.121 0.683 0.850 0.480 0.683 0.767 0.333 0.636 0.000 0.227 0.879 0.348 0.833 0.200 0.697 0.318 0.750 0.746 א
0.000 0.429 0.571 0.000 0.000 0.312 0.875 0.550 0.344 0.094 0.571 0.857 0.429 0.571 0.786 0.250 0.875 0.100 0.188 0.719 0.393 0.750 0.171 0.500 0.143 0.742 0.702 א
0.000 0.536 0.600 0.000 0.000 0.469 0.812 0.575 0.500 0.250 0.500 0.857 0.400 0.536 0.821 0.312 0.812 0.100 0.406 0.781 0.321 0.929 0.371 0.571 0.143 0.742 0.702 א
0.565 0.336 0.000 0.000 0.000 0.842 0.277 0.043 0.036 0.000 0.777 0.860 0.875 0.867 0.731 0.000 0.000 0.000 0.146 0.715 0.000 0.059 0.597 0.352 0.028 0.772 0.903 ל
0.000 0.393 0.600 0.000 0.000 0.321 0.821 0.514 0.429 0.179 0.562 0.875 0.500 0.531 0.719 0.250 0.786 0.029 0.179 0.786 0.214 0.964 0.371 0.571 0.286 0.734 0.711 א
0.732 0.661 0.023 0.000 0.000 0.982 0.393 0.047 0.062 0.009 0.781 0.876 0.883 0.952 0.810 0.000 0.000 0.141 0.500 0.554 0.000 0.554 0.586 0.036 0.000 0.787 0.708 ל
0.000 0.485 0.727 0.000 0.000 0.333 0.848 0.610 0.439 0.182 0.545 0.939 0.805 1.000 0.879 0.167 0.803 0.039 0.515 0.894 0.182 0.879 0.364 0.682 0.288 0.735 0.708 א
0.000 0.591 0.558 0.000 0.000 0.455 0.924 0.481 0.455 0.061 0.561 0.970 0.623 0.939 0.667 0.258 1.000 0.338 0.894 0.818 0.288 0.924 0.403 0.591 0.197 0.735 0.708 א
0.000 0.571 0.571 0.000 0.000 0.357 0.821 0.543 0.357 0.071 0.594 1.000 0.625 0.781 0.531 0.357 0.964 0.343 0.607 0.786 0.429 0.750 0.200 0.536 0.179 0.734 0.762 א
0.000 0.636 0.561 0.000 0.000 0.325 0.857 0.515 0.312 0.000 0.514 0.843 0.533 0.757 0.543 0.273 0.623 0.000 0.494 0.494 0.273 0.714 0.258 0.584 0.130 0.700 0.714 א
0.833 0.622 0.611 0.667 0.426 0.444 0.667 0.667 0.667 0.778 0.000 0.000 0.000 0.425 0.979 0.000 0.000 0.333 0.956 0.778 0.000 0.044 0.833 0.867 0.296 0.700 0.714 ר
0.843 0.600 0.583 0.529 0.257 0.771 0.900 0.900 0.886 0.800 0.000 0.000 0.000 0.016 0.841 0.000 0.000 0.000 0.043 0.900 0.000 0.000 0.000 0.029 0.771 0.667 0.750 ר
0.000 0.179 0.286 0.179 0.476 0.619 0.679 0.762 0.643 0.524 0.000 0.094 0.125 0.531 0.417 0.000 0.000 0.429 0.571 0.000 0.000 0.286 0.857 0.393 0.000 0.797 0.696 דֿ
0.712 0.575 0.644 0.663 0.600 0.637 0.812 0.889 0.850 0.775 0.648 0.125 0.000 0.250 0.648 0.875 0.138 0.000 0.237 0.800 0.712 0.062 0.000 0.100 0.587 0.606 0.783 ה
0.143 0.667 0.464 0.571 0.643 0.688 0.625 0.688 0.750 0.562 0.071 0.143 0.286 0.810 0.500 0.000 0.000 0.562 1.000 0.250 0.000 0.095 0.750 0.476 0.036 0.788 0.702 דֿ
0.000 0.536 0.524 0.393 0.667 0.792 0.656 0.625 0.625 0.583 0.095 0.143 0.143 0.750 0.476 0.000 0.000 0.417 0.812 0.167 0.000 0.286 0.952 0.429 0.000 0.803 0.733 דֿ
0.050 0.533 0.750 0.633 0.750 0.745 0.673 0.727 0.727 0.509 0.100 0.167 0.278 0.817 0.350 0.000 0.000 0.561 0.691 0.018 0.000 0.233 0.931 0.350 0.000 0.796 0.964 דֿ
0.000 0.571 0.571 0.500 0.667 0.583 0.656 0.750 0.688 0.375 0.238 0.179 0.143 0.536 0.571 0.000 0.000 0.167 0.719 0.167 0.000 0.143 0.810 0.607 0.000 0.803 0.733 דֿ
0.360 0.167 0.160 0.500 0.440 0.820 1.000 1.000 0.983 0.860 0.040 0.183 0.200 0.567 0.960 0.000 0.000 0.140 0.883 0.700 0.000 0.000 0.640 0.650 0.100 0.750 0.697 ר
0.109 0.691 0.576 0.600 0.709 0.855 0.582 0.652 0.691 0.564 0.283 0.250 0.361 0.900 0.400 0.000 0.000 0.682 0.782 0.055 0.000 0.291 0.955 0.273 0.000 0.788 0.788 דֿ
0.200 0.033 0.000 0.400 0.100 0.840 0.850 0.820 0.850 0.780 0.218 0.258 0.382 0.955 0.473 0.000 0.000 0.500 0.817 0.080 0.000 0.100 0.880 0.417 0.000 0.755 0.712 ד
0.688 0.221 0.182 0.286 0.182 0.987 1.000 1.000 1.000 0.883 0.250 0.333 0.312 0.762 0.643 0.000 0.000 0.000 0.714 0.571 0.000 0.000 0.000 0.688 0.442 0.692 0.867 ד
0.250 0.524 0.214 0.524 0.429 0.375 0.833 0.750 0.667 0.417 0.143 0.333 0.714 0.905 0.357 0.000 0.000 0.250 0.833 0.750 0.643 0.714 0.714 0.667 0.321 0.759 0.744 בֿ
0.464 0.607 0.500 0.679 0.357 0.893 0.571 0.321 0.929 0.893 0.062 0.344 0.938 0.812 0.344 0.000 0.286 0.607 0.107 0.000 0.000 0.429 0.964 0.393 0.000 0.750 0.762 ?
0.625 0.300 0.675 0.825 0.250 0.863 0.913 0.700 0.800 0.775 0.438 0.350 0.000 0.013 0.712 0.725 0.438 0.500 0.538 0.738 0.850 0.900 0.900 0.875 0.525 0.609 0.767 מ
0.500 0.685 0.822 0.796 0.333 0.778 0.796 0.778 1.000 0.704 0.117 0.600 0.860 0.900 0.317 0.648 0.630 0.311 0.963 0.944 0.537 0.741 0.556 0.778 0.333 0.702 0.955 3
0.107 0.536 0.286 0.571 0.179 0.286 0.750 0.714 0.679 0.357 0.167 0.625 0.167 0.375 0.833 0.107 0.214 0.000 0.357 0.821 0.679 0.714 0.821 0.750 0.214 0.733 0.698 פֿ
0.815 0.460 0.685 0.619 0.111 0.625 0.946 0.750 0.857 0.750 0.000 0.651 0.222 0.206 0.889 0.146 0.750 0.229 0.482 0.667 0.593 0.825 0.370 0.730 0.167 0.641 0.696 מ
0.200 0.650 0.280 0.783 0.200 0.333 0.712 0.782 0.636 0.197 0.317 0.667 0.260 0.567 0.733 0.242 0.288 0.127 0.515 0.803 0.767 0.917 0.920 0.700 0.167 0.740 0.857 פֿ
0.200 0.683 0.320 0.683 0.183 0.250 0.767 0.780 0.650 0.317 0.273 0.682 0.200 0.439 0.833 0.183 0.333 0.000 0.283 0.800 0.833 0.950 0.840 0.683 0.167 0.734 0.839 פֿ
0.286 0.233 0.000 0.000 0.014 0.771 0.483 0.086 0.767 0.657 0.243 0.783 0.243 0.233 0.843 0.100 0.700 0.414 0.633 0.800 0.129 0.883 0.943 0.867 0.543 0.685 0.821 ט
0.300 0.383 0.360 0.750 0.383 0.500 1.000 0.778 0.630 0.296 0.500 0.817 0.560 0.783 0.450 0.667 0.722 0.711 0.944 0.944 0.550 0.850 0.960 0.850 0.450 0.716 1.000 5
0.200 0.533 0.870 0.867 0.556 0.644 0.911 0.537 0.844 0.622 0.933 0.911 0.500 0.867 0.578 0.711 0.622 0.000 0.800 0.933 0.267 0.689 0.444 0.778 0.400 0.732 0.932 6
0.400 0.325 0.067 0.717 0.367 0.608 0.925 0.425 0.775 0.775 0.692 1.000 0.975 0.742 0.317 0.867 0.950 0.500 0.950 0.483 0.592 0.675 0.033 0.442 0.350 0.589 0.709 א
0.792 0.781 0.083 0.000 0.000 0.333 0.781 0.083 0.000 0.000 0.286 0.857 0.905 0.750 0.286 0.000 0.000 0.125 0.656 0.750 0.583 0.656 0.792 0.688 0.292 0.814 0.745 ל
0.400 0.917 0.646 0.000 0.000 0.000 0.709 0.432 0.000 0.000 0.033 0.583 0.750 0.817 0.567 0.291 0.127 0.000 0.218 0.909 0.533 0.683 0.688 0.783 0.483 0.815 0.740 ל
0.650 0.967 0.200 0.000 0.000 0.200 0.800 0.036 0.000 0.000 0.200 0.667 0.750 0.833 0.333 0.000 0.000 0.036 0.564 0.727 0.583 0.733 0.767 0.650 0.150 0.806 0.806 ל
0.500 0.708 0.094 0.000 0.000 0.048 0.476 0.107 0.000 0.000 0.125 0.542 0.625 0.625 0.333 0.000 0.000 0.000 0.095 0.524 0.292 0.500 0.500 0.500 0.250 0.824 0.773 ל
0.533 0.917 0.183 0.000 0.000 0.000 0.709 0.182 0.018 0.000 0.033 0.550 0.783 0.867 0.550 0.000 0.000 0.000 0.400 0.836 0.367 0.633 0.717 0.683 0.217 0.806 0.806 ל
0.683 1.000 0.367 0.000 0.000 0.291 1.000 0.309 0.018 0.000 0.283 0.750 0.867 0.867 0.317 0.000 0.000 0.036 0.600 0.782 0.683 0.683 0.767 0.733 0.283 0.806 0.750 ל
0.594 1.000 0.500 0.000 0.000 0.219 0.958 0.438 0.042 0.000 0.036 0.524 0.750 0.857 0.571 0.000 0.000 0.031 0.542 0.875 0.406 0.667 0.688 0.708 0.281 0.800 0.897 ל
0.650 0.950 0.458 0.000 0.000 0.317 0.917 0.292 0.050 0.000 0.345 0.818 0.955 0.964 0.600 0.000 0.000 0.104 0.683 0.867 0.750 0.767 0.792 0.617 0.183 0.818 0.833 ל
0.792 0.958 0.219 0.000 0.000 0.417 0.917 0.344 0.083 0.000 0.286 0.714 0.857 0.952 0.619 0.000 0.000 0.125 0.667 1.000 0.792 0.875 0.844 0.750 0.375 0.829 0.745 ל
0.143 0.743 0.071 0.000 0.000 0.600 0.629 0.321 0.086 0.000 0.825 0.575 0.531 0.700 0.500 0.600 0.200 0.143 0.829 0.743 0.571 0.371 0.643 0.429 0.029 0.688 0.762 א
0.333 0.906 0.417 0.000 0.000 0.000 0.719 0.417 0.094 0.000 0.190 0.464 0.762 0.893 0.524 0.000 0.000 0.042 0.438 0.958 0.375 0.688 0.750 0.688 0.250 0.814 0.778 ל
0.364 0.803 0.182 0.000 0.000 0.600 0.561 0.127 0.121 0.073 0.440 0.900 0.960 1.000 0.960 0.109 0.000 0.073 0.561 0.818 0.000 0.439 0.673 0.303 0.018 0.770 0.877 ל
0.745 0.964 0.345 0.000 0.000 0.200 0.982 0.273 0.000 0.000 0.240 0.960 0.860 0.720 0.240 0.000 0.091 0.309 0.727 0.764 0.273 0.455 0.582 0.855 0.473 0.790 0.714 ל
0.078 0.803 0.299 0.000 0.000 0.557 0.800 0.500 0.300 0.000 0.675 0.591 0.390 0.697 0.195 0.571 0.350 0.086 0.633 0.486 0.675 0.348 0.571 0.318 0.013 0.704 0.731 א
0.107 0.786 0.400 0.000 0.000 0.679 0.893 0.457 0.429 0.143 0.719 0.719 0.350 0.562 0.719 0.536 0.536 0.029 0.536 0.786 0.536 0.750 0.257 0.500 0.107 0.734 0.727 א
0.030 0.727 0.500 0.000 0.000 0.591 0.924 0.545 0.455 0.091 0.667 0.733 0.433 0.633 0.667 0.318 0.758 0.000 0.288 0.818 0.288 0.773 0.303 0.636 0.197 0.740 0.694 א
0.500 0.967 0.717 0.000 0.000 0.182 0.982 0.691 0.491 0.109 0.217 0.717 0.900 0.967 0.567 0.000 0.000 0.055 0.691 0.836 0.600 0.800 0.750 0.617 0.250 0.806 0.818 ל
0.133 0.883 0.440 0.000 0.000 0.683 0.850 0.520 0.600 0.250 0.621 0.682 0.455 0.591 0.924 0.350 0.467 0.020 0.417 0.817 0.350 0.550 0.320 0.383 0.083 0.734 0.839 א
0.167 0.900 0.600 0.033 0.000 0.700 0.833 0.620 0.650 0.300 0.700 0.617 0.480 0.733 0.800 0.567 0.333 0.060 0.550 0.667 0.650 0.500 0.580 0.450 0.050 0.728 0.821 א
0.107 0.714 0.607 0.000 0.000 0.714 0.914 0.750 0.686 0.321 0.333 0.867 0.542 0.767 0.917 0.250 0.686 0.036 0.514 0.821 0.179 0.600 0.357 0.514 0.107 0.700 0.714 א
0.167 0.917 0.383 0.000 0.000 0.800 0.867 0.683 0.700 0.317 0.685 0.722 0.444 0.667 0.815 0.500 0.467 0.000 0.417 0.767 0.467 0.517 0.433 0.467 0.100 0.711 0.804 א
0.145 0.727 0.527 0.527 0.709 0.633 0.600 0.667 0.700 0.450 0.127 0.145 0.127 0.727 0.345 0.000 0.000 0.533 0.650 0.000 0.000 0.236 0.873 0.255 0.000 0.802 0.746 דֿ
0.000 0.742 0.519 0.000 0.000 0.773 0.939 0.818 0.879 0.530 0.485 0.727 0.195 0.606 0.864 0.500 0.667 0.364 0.712 0.333 0.258 0.606 0.416 0.076 0.000 0.735 0.773 א
0.100 0.833 0.700 0.450 0.080 0.060 0.717 0.900 0.983 0.400 0.000 0.000 0.000 0.697 0.618 0.160 0.350 0.400 0.867 0.900 0.840 1.000 1.000 0.933 0.540 0.755 0.783 נ
0.650 0.950 0.550 0.375 0.200 0.650 0.825 0.975 1.000 0.825 0.136 0.591 0.909 0.341 0.045 0.125 0.850 1.000 0.550 0.000 0.000 0.625 0.900 0.325 0.000 0.830 0.783 ז
0.100 0.860 0.717 0.520 0.200 0.100 0.580 0.683 0.880 0.600 0.000 0.000 0.000 0.509 0.600 0.040 0.220 0.200 0.540 0.740 0.720 1.000 0.917 0.440 0.820 0.766 1.000 ג
0.143 0.833 0.714 0.643 0.343 0.075 0.542 0.625 0.688 0.950 0.000 0.000 0.000 0.000 0.800 0.125 0.292 0.275 0.396 0.775 0.829 1.000 1.000 0.905 0.286 0.652 1.000 כ
0.806 0.917 0.852 0.667 0.194 0.344 0.594 0.875 1.000 0.656 0.000 0.000 0.148 0.861 0.972 0.000 0.000 0.167 0.875 0.812 0.000 0.000 0.407 1.000 0.639 0.808 0.696 ו
0.810 0.952 0.762 0.714 0.524 0.381 0.571 0.667 0.810 0.952 0.000 0.000 0.000 0.381 0.667 0.000 0.000 0.000 0.667 0.667 0.000 0.000 0.000 0.619 0.571 0.823 0.939 ו
0.861 1.000 0.972 0.806 0.278 0.406 0.562 0.844 1.000 0.750 0.000 0.000 0.444 1.000 0.889 0.000 0.000 0.500 1.000 0.750 0.000 0.000 0.611 0.889 0.528 0.795 0.696 ו
0.667 0.800 0.750 0.867 0.867 0.111 0.167 0.083 0.278 0.556 0.000 0.000 0.000 0.533 0.467 0.000 0.000 0.208 0.556 0.056 0.000 0.000 0.500 0.200 0.000 0.739 0.697 ד
0.873 0.746 0.794 0.571 0.048 0.746 0.587 0.333 0.603 0.524 0.686 0.143 0.000 0.286 0.843 0.714 0.746 0.476 0.794 0.619 0.587 0.619 0.667 0.556 0.079 0.631 0.750 ס
0.714 0.714 0.714 0.893 0.679 0.500 0.125 0.000 0.125 0.792 0.929 0.179 0.000 0.250 0.750 1.000 0.375 0.333 0.542 0.125 0.893 0.214 0.000 0.000 0.000 0.741 0.725 ק
0.788 0.818 0.727 0.697 0.318 0.439 0.348 0.127 0.273 0.833 0.778 0.194 0.083 0.458 0.611 0.833 0.394 0.327 0.348 0.015 0.955 0.379 0.000 0.000 0.000 0.760 0.732 ק
0.600 0.900 0.800 0.650 0.267 0.500 0.542 0.222 0.417 0.389 0.400 0.200 0.000 0.000 0.333 0.111 0.167 0.167 0.417 0.556 0.933 0.900 0.733 0.450 0.067 0.717 0.697 פ
0.000 0.697 0.564 0.667 0.600 0.800 0.667 0.750 0.681 0.433 0.255 0.227 0.236 0.848 0.236 0.000 0.056 0.650 0.583 0.000 0.000 0.394 0.873 0.167 0.000 0.783 0.803 דֿ
0.312 0.792 0.531 0.583 0.719 0.714 0.667 0.786 0.857 0.643 0.250 0.250 0.344 0.833 0.625 0.000 0.000 0.464 0.952 0.286 0.000 0.167 0.875 0.583 0.000 0.794 0.810 דֿ
0.844 0.781 0.750 0.719 0.500 0.429 0.143 0.000 0.179 0.893 0.906 0.250 0.156 0.594 0.656 1.000 0.286 0.214 0.286 0.000 0.875 0.344 0.000 0.000 0.000 0.765 0.723 ק
0.607 0.857 0.786 0.786 0.643 0.438 0.344 0.000 0.125 0.844 0.750 0.286 0.107 0.607 0.607 0.750 0.469 0.156 0.281 0.000 0.714 0.357 0.000 0.000 0.000 0.758 0.702 ק
0.436 0.709 0.255 0.800 0.727 0.280 0.800 0.820 0.560 0.060 0.091 0.327 0.418 0.818 0.473 0.100 0.240 0.160 0.700 0.600 0.782 0.964 0.818 0.673 0.691 0.786 0.875 גֿ
0.742 0.879 0.803 0.773 0.333 0.394 0.303 0.091 0.515 0.803 0.682 0.470 0.182 0.742 0.545 0.758 0.242 0.318 0.303 0.015 0.788 0.242 0.000 0.000 0.000 0.745 0.708 ק
0.429 0.821 0.714 0.786 0.750 0.286 0.393 0.000 0.036 0.643 0.531 0.500 0.031 0.406 0.656 0.679 0.536 0.107 0.357 0.107 0.821 0.571 0.000 0.000 0.000 0.750 0.711 ק
0.727 0.879 0.745 0.803 0.500 0.455 0.485 0.018 0.167 0.864 0.833 0.556 0.417 0.583 0.639 0.742 0.652 0.200 0.288 0.015 0.697 0.303 0.000 0.000 0.000 0.760 0.732 ק
0.636 1.000 0.955 0.909 0.682 0.023 0.333 0.705 0.939 0.568 0.000 0.633 1.000 1.000 0.250 0.023 0.455 1.000 0.970 0.318 0.068 0.727 0.977 0.606 0.045 0.860 0.694 ן
0.697 0.909 0.909 0.864 0.727 0.000 0.318 0.636 0.886 0.485 0.000 0.636 1.000 0.727 0.000 0.000 0.500 1.000 0.750 0.000 0.000 0.523 0.970 0.636 0.091 0.873 0.718 ן
0.667 0.955 0.909 0.841 0.606 0.030 0.318 0.667 0.818 0.545 0.000 0.636 1.000 0.591 0.000 0.000 0.545 1.000 0.705 0.000 0.000 0.750 0.939 0.386 0.000 0.873 0.708 ן
0.864 1.000 0.955 0.818 0.568 0.045 0.394 0.795 0.939 0.500 0.000 0.667 1.000 0.667 0.000 0.068 0.758 1.000 0.727 0.045 0.227 0.970 0.909 0.424 0.000 0.860 0.694 ן
0.926 0.815 0.778 0.704 0.444 0.222 0.481 0.889 0.963 0.519 0.407 1.000 1.000 0.667 0.000 0.481 1.000 1.000 0.741 0.074 0.556 0.963 0.815 0.519 0.074 0.866 0.891 ן
0.810 1.000 1.000 1.000 0.857 0.143 0.571 0.905 1.000 0.619 0.333 1.000 1.000 0.938 0.292 0.333 1.000 1.000 0.929 0.286 0.286 0.929 0.952 0.786 0.238 0.859 0.762 ן
0.625 0.953 0.969 0.750 0.516 0.235 0.706 0.971 0.779 0.279 0.344 1.000 1.000 0.688 0.000 0.088 0.765 1.000 0.971 0.265 0.047 0.656 0.828 0.484 0.094 0.897 0.736 ן
