0.750 1.000 1.000 1.000 0.850 1.000 1.000 1.000 1.000 1.000 1.000 1.000 1.000 1.000 1.000 0.850 1.000 1.000 1.000 1.000 0.700 1.000 1.000 1.000 1.000 0.320 0.142 ־
0.345 0.738 0.807 0.595 0.524 0.893 1.000 1.000 1.000 0.988 0.981 1.000 1.000 1.000 1.000 0.964 1.000 1.000 1.000 1.000 0.845 0.988 0.966 0.750 0.857 0.083 0.173 —
0.125 0.562 0.900 0.625 0.188 0.800 1.000 1.000 1.000 0.850 1.000 1.000 1.000 1.000 1.000 0.900 1.000 1.000 1.000 1.000 0.375 0.938 1.000 1.000 0.625 0.553 0.183 .
0.000 0.257 0.857 0.971 0.821 0.000 0.675 1.000 1.000 0.969 0.219 0.975 1.000 0.850 0.250 0.531 1.000 0.969 0.350 0.000 0.893 0.914 0.357 0.000 0.000 0.735 0.301 ,
0.688 0.950 0.650 0.400 0.094 0.938 1.000 1.000 1.000 0.906 0.344 0.775 0.975 1.000 1.000 0.000 0.000 0.300 0.925 0.875 0.000 0.000 0.150 0.950 0.438 0.736 0.391 י
0.889 0.556 0.244 0.130 0.000 1.000 1.000 1.000 0.981 0.644 0.540 0.867 0.980 1.000 1.000 0.000 0.000 0.133 0.611 0.956 0.000 0.000 0.000 0.426 0.689 0.726 0.438 י
0.455 0.886 1.000 0.955 0.659 0.250 0.705 0.727 0.727 0.500 0.000 0.000 0.000 0.000 0.000 0.386 0.659 0.818 0.773 0.477 0.705 0.977 1.000 1.000 0.750 0.804 0.477 :
0.000 0.649 0.848 0.610 0.455 0.000 0.321 0.639 0.881 0.861 0.000 0.000 0.000 0.310 0.722 0.083 0.321 0.333 0.595 0.931 0.727 1.000 0.894 0.610 0.894 0.741 0.587 ג
0.000 0.712 0.909 0.758 0.545 0.000 0.264 0.619 0.944 0.750 0.000 0.000 0.000 0.611 0.639 0.056 0.236 0.274 0.750 0.986 0.773 1.000 0.987 0.955 0.848 0.750 0.587 נ
0.707 0.200 0.000 0.664 0.606 0.687 0.927 0.391 0.709 0.939 0.535 0.718 0.964 0.973 0.333 0.919 0.682 0.173 0.791 0.939 0.939 0.945 0.109 0.282 0.828 0.600 0.598 א
0.854 0.778 0.667 0.667 0.365 0.333 0.565 0.556 0.630 0.906 0.000 0.000 0.000 0.000 0.760 0.000 0.000 0.000 0.000 0.646 0.000 0.000 0.000 0.000 0.656 0.652 0.609 ר
0.048 0.914 0.743 0.476 0.057 0.036 0.634 0.857 0.946 0.321 0.000 0.000 0.000 0.571 0.543 0.045 0.348 0.312 0.732 0.875 0.676 1.000 0.990 0.486 0.810 0.760 0.646 ג
0.749 0.369 0.328 0.697 0.215 0.716 0.620 0.558 0.635 0.798 0.481 0.000 0.317 0.000 0.447 0.591 0.250 0.250 0.264 0.481 0.687 1.000 1.000 1.000 0.877 0.588 0.655 ט
0.776 0.564 0.106 0.758 0.473 0.576 0.836 0.378 0.600 0.976 0.000 0.073 0.894 0.733 0.030 0.000 0.206 0.411 0.982 0.679 0.291 0.994 1.000 0.988 0.818 0.653 0.664 צ
0.740 0.672 0.683 0.635 0.599 0.422 0.625 0.625 0.604 0.677 0.417 0.089 0.000 0.000 0.552 0.812 0.062 0.000 0.000 0.786 0.807 0.078 0.000 0.000 0.672 0.625 0.673 ה
0.115 0.097 0.000 0.733 0.455 0.307 0.801 0.199 0.716 0.983 0.212 0.709 0.939 0.703 0.297 0.824 0.403 0.426 0.943 0.693 0.861 0.636 0.048 0.164 0.788 0.623 0.676 א
0.678 0.933 0.689 0.533 0.344 0.344 0.667 0.938 0.979 0.938 0.000 0.322 0.944 0.489 0.033 0.000 0.552 1.000 0.917 0.104 0.000 0.356 0.967 0.533 0.022 0.822 0.676 ז
0.413 0.715 0.673 0.679 0.300 0.167 0.552 0.600 0.655 0.900 0.000 0.000 0.000 0.000 0.440 0.147 0.230 0.200 0.200 0.480 0.853 1.000 1.000 0.994 0.453 0.662 0.689 כ
0.000 0.417 0.938 1.000 0.750 0.400 0.933 1.000 1.000 1.000 0.667 1.000 1.000 0.933 0.533 0.933 1.000 0.950 0.400 0.000 1.000 1.000 0.625 0.000 0.000 0.684 0.202 ,
0.286 0.800 1.000 0.800 0.429 0.938 1.000 1.000 1.000 1.000 0.406 0.725 0.975 1.000 0.938 0.000 0.175 0.850 0.850 0.281 0.536 0.914 0.571 0.086 0.000 0.721 0.318 '
0.444 0.637 0.613 0.338 0.250 0.275 0.000 0.012 0.224 0.694 0.235 0.000 0.000 0.471 1.000 0.200 0.000 0.000 0.353 1.000 0.282 0.000 0.000 0.500 0.913 0.325 0.867 X
0.689 0.227 0.662 0.120 0.591 0.827 0.662 0.853 0.493 0.947 0.462 0.129 0.307 0.044 0.391 0.449 0.520 0.271 0.631 0.076 0.320 1.000 1.000 0.680 0.000 0.500 0.765 ש
0.503 0.386 0.174 0.643 0.108 0.822 0.946 0.510 0.853 0.745 0.133 0.414 0.000 0.010 0.574 0.452 0.205 0.250 0.223 0.438 0.462 0.462 1.000 0.952 0.774 0.568 0.745 מ
0.244 0.744 0.594 0.483 0.083 0.146 0.714 0.755 0.854 0.562 0.000 0.000 0.000 0.050 0.528 0.099 0.234 0.224 0.208 0.615 0.772 1.000 1.000 1.000 0.883 0.616 0.768 ב
0.753 0.620 0.633 0.587 0.173 0.647 0.647 0.660 0.820 0.860 0.825 0.887 0.444 0.006 0.562 0.487 0.593 0.307 0.207 0.520 0.860 1.000 1.000 1.000 0.673 0.653 0.766 פ
0.833 0.667 0.667 0.680 0.387 0.767 0.707 0.700 0.733 0.913 0.669 0.000 0.000 0.000 0.387 0.920 0.340 0.327 0.333 0.540 0.953 1.000 1.000 0.993 0.420 0.653 0.713 ס
0.553 0.733 0.660 0.587 0.247 0.440 0.693 0.627 0.740 0.920 0.700 0.938 0.556 0.325 0.512 0.487 0.640 0.367 0.293 0.460 0.833 1.000 1.000 1.000 0.687 0.653 0.699 פּ
0.344 0.348 0.038 0.842 0.498 0.423 0.950 0.514 0.804 0.773 0.595 0.563 0.793 0.939 0.409 0.735 0.915 0.182 0.527 0.873 0.296 0.413 0.620 0.449 0.385 0.667 0.861 אַ
0.759 0.487 0.032 0.781 0.551 0.566 0.869 0.056 0.697 0.692 0.005 0.495 0.364 0.187 0.000 0.061 0.889 0.167 0.000 0.000 0.064 0.904 0.000 0.000 0.000 0.673 0.840 ץ
0.857 0.556 0.136 0.619 0.770 0.421 0.905 0.343 0.159 0.778 0.000 0.643 0.036 0.262 0.508 0.008 0.516 0.893 0.929 0.167 0.571 0.921 0.486 0.048 0.000 0.700 0.761 ע
0.471 0.128 0.000 0.733 0.497 0.647 0.888 0.305 0.674 0.952 0.647 0.524 0.957 0.850 0.294 0.995 0.845 0.176 0.706 0.850 0.476 0.604 0.374 0.230 0.369 0.660 0.692 אַ
0.781 0.725 0.711 0.686 0.198 0.610 0.593 0.492 0.539 0.642 0.828 0.519 0.389 0.000 0.591 0.727 0.779 0.615 0.000 0.717 0.043 0.000 0.000 0.000 0.845 0.677 0.766 ף
0.289 0.773 0.747 0.740 0.207 0.919 0.547 0.000 0.353 0.881 0.674 0.788 0.400 0.712 1.000 0.148 0.327 0.307 0.427 0.911 0.378 0.847 0.620 0.807 0.341 0.694 0.766 9
0.464 0.254 0.000 0.675 0.560 0.526 0.971 0.526 0.603 0.866 0.795 0.518 0.727 0.923 0.377 0.923 0.895 0.062 0.292 0.789 0.038 0.268 0.713 0.239 0.029 0.701 0.968 אָ
0.768 0.758 0.727 0.712 0.354 0.389 0.439 0.384 0.389 0.773 0.646 0.000 0.000 0.000 0.510 0.904 0.197 0.532 0.652 0.338 0.798 0.157 0.046 0.000 0.000 0.711 0.796 ק
0.828 0.667 0.682 0.717 0.652 0.172 0.242 0.273 0.278 0.470 0.000 0.000 0.000 0.000 0.510 0.000 0.000 0.000 0.000 0.611 0.000 0.000 0.000 0.000 0.687 0.717 0.909 ך
0.821 0.532 0.079 0.821 0.558 0.411 0.768 0.168 0.363 0.726 0.042 0.832 0.005 0.458 0.205 0.174 0.779 0.874 0.847 0.000 0.884 0.674 0.353 0.042 0.000 0.725 0.929 ע
0.758 0.752 0.444 0.366 0.562 0.920 0.975 0.944 0.944 0.840 0.080 0.123 0.111 0.123 0.611 0.000 0.000 0.019 0.284 0.451 0.000 0.183 0.784 0.301 0.000 0.732 0.785 ל
0.594 0.910 0.535 0.854 0.609 0.352 0.424 0.236 0.979 0.695 0.000 0.092 0.660 0.209 0.007 0.000 0.250 0.340 0.000 0.000 0.062 0.875 0.965 0.201 0.000 0.747 0.802 ?
0.622 0.600 0.111 0.000 0.000 0.889 0.556 0.578 0.600 0.522 0.302 0.344 0.365 0.365 0.948 0.000 0.000 0.167 0.511 0.467 0.000 0.378 0.867 0.078 0.000 0.792 0.783 ל
0.725 0.812 0.625 0.587 0.262 0.435 0.718 0.812 0.941 0.753 0.000 0.000 0.000 0.600 0.600 0.000 0.000 0.000 0.765 0.765 0.000 0.000 0.112 0.950 0.775 0.840 0.690 ו
0.609 0.913 1.000 0.950 0.766 0.250 0.850 1.000 0.925 0.391 0.000 0.424 1.000 0.471 0.000 0.000 0.200 0.575 0.225 0.000 0.516 0.950 1.000 0.950 0.578 0.877 0.802 !
0.778 0.911 0.731 0.644 0.489 0.256 0.489 0.565 0.811 0.878 0.000 0.000 0.593 1.000 0.211 0.000 0.122 0.935 1.000 0.389 0.000 0.000 0.806 0.967 0.467 0.878 0.957 ן
0.844 0.867 0.833 0.985 0.970 0.000 0.000 0.240 0.970 0.393 0.000 0.015 0.767 0.689 0.007 0.000 0.304 1.000 0.267 0.000 0.000 0.556 0.960 0.074 0.000 0.704 0.755 7
0.933 1.000 1.000 0.657 0.322 1.000 1.000 0.689 0.009 0.000 1.000 1.000 0.533 0.000 0.000 1.000 1.000 0.600 0.000 0.000 0.922 1.000 0.844 0.454 0.344 0.872 0.957 [
0.289 0.352 0.435 0.963 0.922 0.000 0.000 0.333 1.000 1.000 0.000 0.000 0.306 1.000 1.000 0.000 0.000 0.167 1.000 1.000 0.189 0.250 0.417 1.000 0.989 0.867 0.957 ]
